PosX,PosY,PosZ,VelX,VelY,VelZ,Speed
2.378173e+01,8.251231e-02,1.252748e+00,8.374007e-01,9.653984e-01,5.662961e-02,1.279234e+00
6.961668e-01,1.040170e+00,7.280433e-01,-8.607814e-01,-1.010799e+00,1.138960e+00,1.749254e+00
4.627006e+00,2.299403e+01,2.341458e+01,-1.059896e+00,1.711440e+00,9.792835e-01,2.238616e+00
1.326972e+00,3.899360e-01,1.188737e+00,-4.899981e-01,5.307217e-01,-1.936261e-02,7.225916e-01
2.281020e+01,2.362149e+01,2.230307e+01,-4.408878e-01,-6.327960e-01,4.190573e-01,8.777367e-01
3.060411e-01,2.308851e+01,2.585560e+00,8.396598e-01,-3.940258e-01,4.027213e-01,1.011172e+00
3.775195e+00,2.666079e+00,2.203726e+01,1.711930e-01,-4.857032e-01,3.358456e-01,6.148227e-01
2.516166e+00,2.218192e+01,1.462968e+00,2.356266e+00,-2.016277e+00,-3.031692e-01,3.115971e+00
4.720978e+00,2.166322e+01,2.383421e+01,-4.837293e-01,-8.279499e-01,8.555240e-01,1.285074e+00
1.755138e+00,2.220618e+01,2.116117e+00,7.724331e-02,-1.084682e+00,-1.700139e-01,1.100639e+00
4.584511e+00,2.349220e+01,7.591656e-01,9.785047e-01,1.611935e+00,2.964156e-01,1.908839e+00
1.613051e+00,2.257518e+01,1.128916e+00,4.327960e-01,7.213335e-01,-8.808246e-01,1.217985e+00
8.105652e+00,1.259832e-02,2.188956e+01,8.031307e-01,-8.117247e-01,4.550693e-01,1.229229e+00
5.223736e+00,3.758070e+00,2.175304e+01,-1.073692e+00,4.460730e-01,-1.437868e+00,1.849124e+00
7.073347e+00,3.206334e-02,2.173989e+01,5.745870e-01,-1.462267e+00,-4.029406e-01,1.621954e+00
6.273712e+00,1.479632e+00,2.219873e+01,7.521684e-01,-1.343460e+00,7.453191e-01,1.710597e+00
7.167205e+00,1.045865e+00,2.245428e+01,5.273707e-01,7.474613e-01,1.291817e+00,1.582911e+00
1.192658e+01,2.137729e+00,2.384453e+01,-1.239426e+00,4.512637e-01,-5.790106e-02,1.320291e+00
8.707214e+00,2.292968e+01,3.278118e+00,9.669319e-03,1.122311e-02,1.840736e-01,1.846688e-01
6.852725e+00,1.976809e+00,2.198500e+00,8.738925e-01,5.860974e-01,-9.908962e-01,1.445363e+00
9.028905e+00,2.019100e+00,2.292976e+01,-6.598475e-01,-5.419699e-01,1.005391e+00,1.319068e+00
9.588759e+00,3.390343e+00,2.492681e+00,-3.521381e-01,-4.814390e-01,1.017049e+00,1.179056e+00
8.913905e+00,1.385956e+00,3.648714e+00,4.278800e-01,-8.856761e-01,-4.508742e-02,9.846504e-01
1.186489e+01,1.684365e+00,2.254271e+01,1.455878e+00,-6.802795e-01,3.463359e-01,1.643870e+00
1.059884e+01,2.456219e+00,2.370307e+01,-1.131409e+00,-3.143754e-01,-7.328045e-02,1.176558e+00
9.978202e+00,3.060722e+00,2.115152e+01,1.015150e+00,1.523346e+00,1.903153e-01,1.840470e+00
1.262019e+01,1.119170e+00,2.249087e+01,2.712763e-01,-1.564542e+00,6.253740e-01,1.706597e+00
8.065362e+00,1.648940e+00,4.288819e+00,-2.065540e-01,-1.814306e+00,-5.675210e-01,1.912185e+00
1.090483e+01,1.754022e+00,2.147366e+01,-1.941418e+00,-5.248218e-01,-1.116238e+00,2.300115e+00
1.225528e+01,2.287383e+01,8.967739e-01,9.606206e-01,1.460607e+00,2.572209e-01,1.767010e+00
1.132692e+01,2.361829e+01,1.987005e+00,-1.482177e+00,1.807758e-01,-4.657021e-02,1.493886e+00
1.301815e+01,3.481682e+00,2.347209e+01,2.478165e-01,-1.188927e-01,8.374619e-01,8.814142e-01
1.070623e+01,2.111185e+01,2.049838e+01,-3.505540e-01,-8.385539e-01,-1.342761e+00,1.621440e+00
1.459399e+01,4.935326e-01,2.069057e+01,-9.501258e-01,-8.173753e-01,1.339109e+00,1.834136e+00
1.409903e+01,5.947124e-01,2.167085e+01,-1.247572e+00,-3.973731e-01,-3.457773e-01,1.354217e+00
1.358714e+01,2.278745e+01,3.718827e+00,7.920507e-01,-5.592861e-01,1.858490e-01,9.872615e-01
1.592195e+01,1.433492e+00,6.218166e-01,-4.458631e-01,4.545477e-01,1.419329e+00,1.555604e+00
1.954009e+01,2.353402e+01,1.084865e+00,-1.838010e+00,5.195889e-01,5.145972e-01,1.978146e+00
1.752699e+01,2.348931e+01,3.209147e+00,4.396341e-01,-5.867463e-01,6.193524e-01,9.597639e-01
1.524675e+01,2.392175e+01,1.642402e+00,8.127609e-01,-5.016831e-01,-8.583911e-01,1.284173e+00
1.785674e+01,2.291792e+01,1.072744e+00,1.710169e+00,-3.549865e-01,-1.237042e+00,2.140320e+00
1.804393e+01,8.126999e-01,1.189550e+00,7.389761e-01,-1.469739e+00,7.072941e-01,1.790665e+00
1.773120e+01,2.262335e+01,2.393594e+01,-8.530125e-03,1.789209e+00,1.761440e+00,2.510779e+00
1.874674e+01,2.119637e+01,5.684860e-01,8.056957e-01,9.851074e-01,6.949742e-01,1.450025e+00
1.841564e+01,2.124483e+01,2.248825e+01,-2.786469e-01,-1.811529e+00,-2.389725e-02,1.832990e+00
1.975940e+01,1.142597e+00,6.275180e-01,1.180252e+00,8.170232e-01,2.982898e-01,1.466117e+00
1.991899e+01,2.268304e+01,1.413416e+00,-1.847438e+00,1.246473e+00,-1.201496e+00,2.531860e+00
1.681094e+01,9.290750e-01,1.858248e+00,9.087759e-01,-2.447943e-01,2.008916e-01,9.623696e-01
1.720581e+01,2.278167e+01,2.131182e+01,-1.320254e+00,-5.789027e-01,-1.745960e-01,1.452130e+00
2.243928e+01,8.747214e-02,2.330050e+01,-1.161716e+00,-1.181515e+00,-1.220818e+00,2.058145e+00
1.915453e+01,4.541100e-01,2.386763e+01,2.937749e-01,3.034040e-01,4.719797e-02,4.249533e-01
1.702261e+01,2.294433e+01,1.725424e+00,-4.803509e-03,-7.241687e-01,3.443458e-01,8.018837e-01
2.290646e+01,2.160173e+01,2.110041e+01,3.614151e-01,-1.083468e+00,-1.917973e-01,1.158150e+00
8.596233e-01,2.368340e+01,2.337531e+01,5.719185e-01,1.340131e+00,-5.971555e-01,1.574686e+00
2.297576e+01,1.944855e+01,1.646551e+00,-6.355995e-01,-8.501606e-01,-1.183725e+00,1.589957e+00
2.335920e+01,3.906540e+00,2.220261e+01,5.004088e-02,-1.656437e+00,-7.520314e-03,1.657210e+00
1.020953e+00,2.375555e+01,2.212320e+01,-1.451757e-01,4.037434e-01,-5.405670e-01,6.901431e-01
5.454112e-01,3.576788e+00,2.231834e+01,-8.151648e-01,8.693254e-01,4.427930e-01,1.271332e+00
4.293114e+00,3.056708e+00,8.730328e-01,-4.778963e-01,-1.471998e+00,-2.327221e-01,1.565031e+00
9.423100e-01,2.698749e+00,2.268153e+01,2.098699e-01,1.541987e+00,-1.658825e-01,1.565020e+00
3.893681e-01,2.242159e+01,1.813434e+00,-7.905714e-01,-5.922429e-02,-7.178797e-01,1.069515e+00
2.028223e+00,3.278887e+00,2.387778e+01,2.582270e-01,-4.718424e-01,-9.066745e-01,1.054218e+00
3.435478e+00,4.538106e+00,2.391510e+01,5.804427e-01,1.036536e+00,-3.578807e-01,1.240726e+00
4.234311e+00,3.889068e+00,2.351172e+01,-1.184311e-01,-1.176153e+00,4.903822e-01,1.279780e+00
2.609724e+00,3.017285e+00,2.046182e+01,-4.126857e-01,-4.503338e-02,-1.639711e+00,1.691446e+00
5.314275e+00,1.116458e+00,2.238366e+01,8.643594e-02,1.961548e+00,1.265332e+00,2.335852e+00
6.130570e+00,3.598797e+00,1.641880e-01,4.218312e-01,1.544820e+00,-2.191972e-01,1.616310e+00
6.697462e+00,2.791626e+00,7.310119e-01,-1.032497e-01,1.222226e+00,2.163070e-02,1.226770e+00
6.918954e+00,2.753958e+00,2.352683e+01,6.706895e-01,8.456948e-01,1.421083e+00,1.784517e+00
1.163770e+01,4.039874e+00,5.121534e-01,-8.160374e-02,1.484381e+00,2.253085e+00,2.699341e+00
1.004478e+01,3.686796e-01,1.652355e+00,-1.968654e+00,-1.359796e+00,3.305277e-01,2.415345e+00
3.649884e+00,2.350784e+01,2.393285e+01,-4.576177e-01,-1.515623e+00,8.465535e-01,1.795322e+00
6.345992e+00,1.862393e+00,1.152888e+00,6.371507e-01,-1.640514e+00,-9.118147e-01,1.982083e+00
7.513111e+00,4.319006e+00,2.005543e+01,-3.113769e-01,-8.551718e-01,1.157128e+00,1.472148e+00
5.969427e+00,9.587384e-01,2.331525e+01,-7.824635e-01,-8.172450e-01,-2.350477e-02,1.131676e+00
6.664645e+00,2.619013e+00,2.148049e+01,-1.079293e+00,9.119062e-02,-5.738818e-01,1.225777e+00
7.059600e+00,2.217956e+00,2.225711e+01,1.706171e-01,-1.198810e-02,-3.874586e-01,4.235305e-01
9.550858e+00,5.587557e+00,1.255436e+00,5.748536e-01,-6.120887e-01,-1.621626e+00,1.826138e+00
1.233087e+01,3.101631e+00,1.327255e+00,-3.733304e-01,1.423652e+00,9.444450e-01,1.748753e+00
8.950955e+00,4.037200e+00,2.252147e+01,-1.496882e-01,2.777584e-01,5.675540e-02,3.205893e-01
8.078489e+00,2.103927e+00,2.231496e+01,8.710708e-01,-3.551689e-01,-1.225307e-01,9.486427e-01
9.339111e+00,4.479019e+00,2.164968e+01,6.209326e-01,1.610351e-01,8.403758e-01,1.057223e+00
1.272134e+01,2.734636e+00,2.369918e+00,-5.158639e-01,-1.828929e+00,-1.351650e+00,2.331964e+00
9.213333e+00,3.171573e+00,3.553145e+00,-4.799897e-01,8.899571e-01,1.017514e+00,1.434485e+00
8.945392e+00,2.957466e+00,2.042877e+01,-7.339396e-01,-1.226928e+00,-6.079605e-01,1.553588e+00
8.671772e+00,5.960636e+00,2.212231e+01,-8.308463e-01,-5.217470e-01,-8.804256e-01,1.318209e+00
1.070027e+01,5.891791e+00,2.705520e+00,-2.097464e-01,1.806498e-01,1.349540e+00,1.377638e+00
9.868326e+00,4.699627e+00,2.365083e+01,5.228257e-01,-6.328806e-02,-5.374042e-01,7.524330e-01
1.242584e+01,5.332053e+00,2.321624e+01,-1.747961e+00,-2.553372e-01,-7.544491e-01,1.920875e+00
1.369615e+01,1.528768e+00,9.406712e-01,4.446845e-01,-1.580119e-01,2.697770e-01,5.435915e-01
9.393214e+00,5.528266e+00,2.353828e-02,1.392950e+00,8.246010e-02,1.119697e-01,1.399874e+00
1.097677e+01,4.231881e+00,1.773185e+00,2.513411e+00,2.678955e+00,1.561239e+00,3.991429e+00
1.329140e+01,8.261793e-01,2.335405e+01,-6.648586e-02,-7.915018e-01,-1.752411e-02,7.944825e-01
1.388073e+01,2.740114e+00,2.335838e+01,1.563917e+00,6.682450e-01,-5.117650e-01,1.776032e+00
1.329824e+01,9.055844e-01,4.385959e+00,-3.420523e-01,-3.720896e-01,1.130734e+00,1.238551e+00
1.407356e+01,3.751938e+00,2.384158e+01,1.153105e+00,-1.744717e+00,-2.600002e-01,2.107437e+00
1.729205e+01,2.391384e+01,1.573873e+00,-9.691505e-01,6.039327e-01,-1.409487e+00,1.814013e+00
1.727894e+01,2.360664e+01,2.293935e+01,3.657776e-01,-6.918092e-01,-3.457229e-01,8.555217e-01
1.701245e+01,1.873674e+00,1.452766e+00,-8.339166e-01,-1.004109e+00,-9.380119e-01,1.607332e+00
2.129474e+01,2.382456e+01,1.011973e+00,-3.464424e-01,4.806624e-01,6.580527e-01,8.854897e-01
1.596886e+01,2.228443e+00,1.386279e+00,-1.558765e+00,-9.881365e-01,1.299942e+00,2.257435e+00
1.934690e+01,2.538028e+00,2.332750e+01,-4.825717e-01,1.026251e+00,-1.111341e+00,1.587811e+00
1.914887e+01,7.101623e-01,1.409518e+00,-5.525087e-01,-9.012651e-01,4.330037e-01,1.142382e+00
2.146244e+01,3.641773e+00,1.085847e+00,2.679400e-01,1.896742e+00,-1.059338e+00,2.188977e+00
1.853723e+01,2.383201e+01,1.418526e+00,-1.027060e-01,3.255751e-01,-5.143803e-03,3.414295e-01
1.179309e+00,3.660314e+00,2.327682e+01,1.117026e+00,3.141098e-01,6.110435e-01,1.311406e+00
2.071746e+01,1.353320e+00,3.851782e-01,1.314970e-01,-7.824446e-01,-1.090005e+00,1.348192e+00
2.086223e+01,7.702301e-01,2.248469e+01,1.115553e+00,6.047992e-01,-2.668618e-01,1.296710e+00
2.119224e+01,3.957651e+00,2.278312e+01,8.387042e-01,-1.312697e-01,7.764959e-01,1.150479e+00
1.381824e+00,4.370565e+00,2.975205e+00,-1.416673e+00,7.478984e-02,-3.032739e-02,1.418970e+00
1.654387e+00,1.818505e+00,2.441705e+00,7.265676e-01,1.779905e-01,-1.061844e+00,1.298882e+00
2.268564e+01,4.109122e+00,3.274547e-01,-7.111793e-01,-2.734978e-01,1.575704e-01,7.780780e-01
4.334322e+00,3.532079e+00,2.235928e+01,1.449207e+00,-4.340110e-01,-1.849926e-01,1.524069e+00
7.727291e-01,5.425642e+00,2.346906e+01,-1.030227e-01,2.730052e-01,1.325618e+00,1.357353e+00
1.214115e+00,3.757074e+00,2.143519e+00,9.433948e-01,-1.629564e-01,3.674028e-01,1.025443e+00
2.234423e+01,1.831963e+00,2.366315e+01,3.675836e-01,5.968836e-01,2.534889e+00,2.630028e+00
3.845354e-01,7.821924e+00,6.663194e-01,7.174320e-01,6.053409e-01,-1.035149e+00,1.397383e+00
6.831195e+00,4.968065e+00,1.448923e+00,2.432280e+00,-1.037787e+00,-2.484189e-01,2.656069e+00
5.619046e+00,3.667652e+00,2.285750e+01,1.787010e+00,1.062329e+00,-7.392346e-01,2.206449e+00
3.225429e+00,7.572200e+00,2.388185e+00,8.441632e-01,-4.980494e-02,-7.008385e-01,1.098302e+00
3.011977e+00,7.600145e+00,8.556693e-02,9.807248e-01,7.898467e-01,-8.349937e-01,1.510925e+00
5.200166e+00,6.934668e+00,2.251953e+01,-1.782559e+00,-2.810875e+00,7.987208e-01,3.422936e+00
7.333882e+00,5.335701e+00,6.494742e-01,-1.443731e+00,-9.750945e-01,6.638744e-01,1.864376e+00
5.550957e+00,7.342463e+00,2.392837e+00,1.169185e+00,1.018833e-01,-6.112844e-01,1.323270e+00
4.557386e+00,5.042908e+00,2.118798e+01,-6.907357e-01,-3.926058e-01,1.301338e+00,1.524708e+00
7.080691e+00,7.213442e+00,2.012386e+00,-4.105194e-01,2.083003e-01,-9.699707e-02,4.704504e-01
5.981014e+00,1.759813e+00,2.979273e+00,7.585276e-01,1.822357e-01,2.221182e+00,2.354193e+00
3.060251e+00,4.730197e+00,1.187029e+00,-6.989231e-01,9.442495e-01,1.097097e+00,1.607396e+00
8.778388e+00,4.785660e+00,2.065453e+01,-3.617815e-01,-4.751246e-01,-5.340029e-01,8.011169e-01
7.104145e+00,5.782059e+00,2.254031e+01,-4.451566e-02,-3.200125e-01,-7.388742e-01,8.064271e-01
6.826909e+00,3.799572e+00,2.334417e+01,-3.431875e-01,-6.946206e-01,-3.673431e-03,7.747832e-01
7.633012e+00,4.874486e+00,2.353814e+01,1.054421e+00,-7.321147e-01,-1.275414e+00,1.809552e+00
9.252225e+00,6.553512e+00,2.367994e+01,-1.777059e-01,8.362889e-01,-1.024771e+00,1.334584e+00
1.237256e+01,4.877337e+00,2.223636e+01,1.079276e+00,-4.293753e-01,2.091564e-02,1.161739e+00
9.586654e+00,6.685004e+00,2.148930e+01,2.249760e-01,-1.304227e-01,-8.912786e-02,2.748964e-01
9.793378e+00,6.866675e+00,5.166483e-01,4.986481e-01,1.245425e-01,9.923674e-01,1.117566e+00
1.030274e+01,3.019200e+00,5.436754e-01,-1.555768e+00,8.278139e-01,2.444521e-01,1.779170e+00
7.049133e+00,5.944320e+00,1.834891e+01,-8.243922e-01,2.655904e-01,-6.671016e-01,1.093245e+00
9.159902e+00,4.061592e+00,7.694209e-02,4.747876e-02,-2.407417e-01,-3.497869e-01,4.272724e-01
1.034967e+01,5.830968e+00,3.958656e-01,2.052471e+00,-7.062259e-02,7.601068e-01,2.189838e+00
9.348815e+00,6.698037e+00,1.928949e+01,1.021321e+00,-1.015483e+00,1.570313e+00,2.130771e+00
9.752644e+00,3.423396e+00,1.424381e+00,1.302774e-01,-7.249212e-01,4.730250e-02,7.380518e-01
1.063059e+01,5.350844e+00,1.411421e+00,9.420481e-02,2.042821e-01,4.888117e-01,5.380916e-01
1.210809e+01,4.584743e+00,4.043830e+00,-7.427335e-01,-3.183544e-01,2.276538e-01,8.395408e-01
1.309442e+01,3.905385e+00,2.145798e+01,5.089839e-01,1.183777e+00,-1.419447e+00,1.917086e+00
1.351858e+01,5.531110e+00,1.467137e+00,-1.424611e+00,-9.212962e-01,-1.103430e+00,2.023823e+00
9.492739e+00,4.241229e+00,3.298586e+00,-7.952453e-01,-4.659946e-01,2.401749e+00,2.572540e+00
1.420893e+01,2.452585e+00,1.421360e+00,-8.748960e-01,1.380063e+00,8.993990e-01,1.865190e+00
1.701219e+01,2.658442e+00,2.356574e+01,2.769975e-01,4.373839e-01,-9.856900e-02,5.270181e-01
1.827810e+01,6.385109e+00,3.364851e+00,-6.060957e-01,9.305855e-01,-3.767458e-01,1.172723e+00
1.884904e+01,1.497888e+00,5.097290e-01,-3.555305e-01,6.101740e-01,-5.557565e-01,8.986543e-01
1.231939e+01,4.368636e+00,2.351977e+01,1.286073e+00,-1.826327e+00,-2.896848e-01,2.252415e+00
1.687223e+01,2.256226e+01,7.882896e-01,2.482376e-01,1.184754e+00,-9.706601e-01,1.551594e+00
1.849365e+01,1.180585e+00,2.345719e+01,-8.523727e-01,-6.731498e-01,-2.334335e-01,1.110928e+00
1.822312e+01,2.625765e+00,2.242837e+01,-2.401161e-01,-1.273577e+00,1.423842e+00,1.925352e+00
1.883029e+01,2.640451e+00,7.243757e-01,8.646373e-01,4.432936e-01,-4.496935e-01,1.070669e+00
2.124947e+01,4.134505e-01,2.378128e+01,1.504653e+00,1.460063e+00,8.239533e-02,2.098226e+00
1.913885e+01,2.296405e+01,2.926791e+00,8.331340e-02,-2.046507e+00,1.297115e+00,2.424384e+00
2.050576e+01,7.270209e+00,2.357651e+01,3.658807e-01,6.971586e-01,3.066084e-01,8.449305e-01
2.118118e+01,3.267846e+00,1.565863e-01,4.296847e-01,-7.113600e-01,-2.577047e-02,8.314602e-01
2.045335e+01,4.921464e+00,2.146547e+01,8.252380e-01,-3.003532e-01,-1.427549e+00,1.676045e+00
2.390003e+01,5.929506e+00,2.279815e+01,-5.281085e-01,5.260191e-01,1.391406e-01,7.582577e-01
2.313176e+01,5.149398e+00,9.712044e-01,3.168289e-01,-2.242779e+00,9.716776e-01,2.464669e+00
2.145736e+01,4.247430e+00,2.728452e+00,7.487048e-02,2.304999e-02,3.147568e-01,3.243589e-01
2.348197e+01,6.342539e+00,2.374624e+01,-3.806660e-01,1.214347e-01,-6.429427e-01,7.569863e-01
2.016334e+01,5.090794e+00,2.299789e+01,-2.629054e-01,5.463887e-01,-1.199019e-02,6.064681e-01
1.755087e-01,4.138630e+00,2.358585e+01,-1.864500e-01,3.250336e-01,-1.123116e+00,1.183976e+00
1.444162e+00,6.183551e+00,2.306481e+01,6.051108e-01,8.915961e-01,-1.074231e+00,1.521537e+00
1.725216e+00,5.440344e+00,2.374929e+01,3.964926e-01,-1.197616e+00,-1.386737e+00,1.874708e+00
1.449258e+00,9.863627e+00,2.374879e+01,6.276703e-02,-2.996936e-01,-4.596793e-01,5.523233e-01
2.446440e+00,3.676813e+00,7.902887e-01,1.089195e+00,-1.592037e-01,-4.486691e-01,1.188695e+00
2.279285e+00,9.166091e+00,2.333010e+01,1.259348e+00,9.234245e-01,1.219742e+00,1.981525e+00
9.401870e-01,4.611840e+00,2.342375e-01,-2.251036e-01,3.675401e-02,4.423204e-01,4.976644e-01
3.134705e+00,7.235876e+00,2.273093e+01,-1.680876e+00,1.404296e+00,5.677617e-01,2.262685e+00
3.663786e+00,1.008647e+01,2.013892e+00,-6.322279e-01,-2.067790e+00,-6.018416e-01,2.244478e+00
3.937560e+00,6.860052e+00,2.336595e+00,1.904994e+00,-7.230235e-01,1.682354e-01,2.044522e+00
3.019731e+00,7.301814e+00,1.276683e+00,-8.716373e-01,-1.766449e-01,-5.836813e-01,1.063785e+00
4.706569e+00,5.935285e+00,2.071780e+01,1.404821e+00,-7.135345e-01,-9.242224e-02,1.578352e+00
6.083277e+00,6.711171e+00,2.315369e+01,6.878240e-01,1.884678e+00,7.386912e-01,2.137938e+00
6.180184e+00,8.179830e+00,2.740949e+00,-9.619506e-01,2.568704e-01,2.538679e+00,2.726944e+00
6.526562e+00,4.628463e+00,2.790530e-01,6.169276e-01,-1.260497e-01,1.120577e-01,6.395663e-01
5.170591e+00,9.169694e+00,9.564534e-01,-1.012854e+00,-1.099135e+00,1.029743e+00,1.815033e+00
3.427941e+00,9.495345e+00,1.074845e+00,5.799630e-01,-3.124940e+00,-4.134143e-01,3.205077e+00
3.571805e+00,4.631685e+00,2.212272e+00,-9.206530e-01,7.335261e-01,5.412890e-01,1.295630e+00
6.631188e+00,4.852679e+00,2.312106e+01,1.689080e-01,1.185637e-01,5.267592e-01,5.657407e-01
6.234245e+00,7.982097e+00,2.376515e+01,-4.146210e-01,-6.726623e-01,-7.585493e-01,1.095346e+00
7.979655e+00,3.759759e+00,2.196241e+01,7.479254e-01,-2.562068e-01,4.381350e-02,7.918042e-01
5.882499e+00,4.346910e+00,1.915538e+00,1.399607e+00,-1.874753e-01,-6.606750e-01,1.559019e+00
8.929010e+00,5.652452e+00,1.886163e+01,-6.601382e-01,6.468587e-01,-5.864619e-01,1.094599e+00
1.071348e+01,3.838840e+00,2.344102e+01,-3.473788e-01,1.589369e+00,-4.994210e-01,1.701819e+00
8.411445e+00,5.573078e+00,1.336957e-01,1.171943e+00,-6.908560e-01,-1.004802e-01,1.364122e+00
6.536137e+00,1.101165e+01,1.838857e-01,4.695291e-01,8.075441e-01,1.565013e-01,9.471419e-01
9.040199e+00,8.061005e+00,2.290563e+01,-7.612437e-01,-1.758675e+00,-8.071724e-01,2.079413e+00
1.178703e+01,5.621401e+00,1.964896e-01,-1.209934e+00,-8.678745e-01,-2.007663e-02,1.489144e+00
9.718916e+00,3.639650e+00,2.313604e+01,5.023378e-01,4.603682e-01,-1.046270e+00,1.248584e+00
8.048968e+00,6.338951e+00,2.288134e+01,-3.698653e-01,7.405690e-02,7.054334e-01,7.999506e-01
1.291916e+01,5.532454e+00,3.945736e+00,-8.030695e-01,-4.900278e-01,1.998049e-01,9.617536e-01
1.291558e+01,4.135752e+00,2.275249e+00,-3.441682e-01,-1.211264e+00,-4.976860e-01,1.353995e+00
1.003652e+01,4.013535e+00,6.406227e-01,-6.735636e-01,-1.425846e-01,-8.065276e-01,1.060427e+00
1.477108e+01,5.771815e+00,1.971055e-01,-3.471843e-01,5.887182e-01,6.162437e-01,9.202621e-01
1.474386e+01,2.818309e+00,2.381373e+01,-6.433005e-01,4.734472e-01,-1.537860e-01,8.134113e-01
1.526877e+01,3.962003e+00,2.390855e+01,1.020408e+00,9.599094e-01,8.230053e-01,1.624806e+00
1.281780e+01,2.613510e+00,2.386290e+01,5.913127e-02,-2.947832e-01,1.748130e-01,3.477833e-01
1.505451e+01,5.474498e+00,3.922059e+00,1.912758e+00,1.213408e+00,-1.407207e-01,2.269538e+00
1.576964e+01,5.099081e+00,2.356051e+01,1.652545e+00,-1.618439e+00,7.462308e-01,2.430455e+00
1.410549e+01,5.510384e+00,2.561695e+00,-1.615851e-02,1.043080e+00,2.946313e-01,1.084013e+00
1.832188e+01,1.953124e+00,2.404927e+00,7.807188e-01,3.292798e-01,8.301343e-01,1.186200e+00
1.615051e+01,6.387584e+00,2.795182e+00,-6.602323e-01,5.160777e-02,8.096546e-02,6.671772e-01
1.777654e+01,2.790730e+00,7.709449e-01,4.442775e-01,9.510028e-01,-1.124495e+00,1.538271e+00
1.728111e+01,3.511257e+00,1.398866e-01,6.909076e-01,6.343117e-01,6.865874e-02,9.404353e-01
2.017345e+01,2.175381e+00,2.211544e+00,1.462254e-01,4.079619e-01,6.477568e-01,7.793611e-01
1.496190e+01,3.487856e+00,1.988082e+00,-4.473157e-01,-3.244443e-01,-5.765321e-01,7.985892e-01
1.981091e+01,2.961278e+00,2.781017e-01,-2.251894e+00,-1.819767e-01,-4.497747e-01,2.303571e+00
2.056342e+01,1.108297e+01,2.025353e+00,-8.422771e-01,-3.687530e-01,-2.494649e-01,9.527026e-01
1.824604e+01,3.726570e+00,9.435964e-01,5.295585e-01,1.365734e+00,3.467804e-01,1.505297e+00
1.793457e+01,6.031749e+00,1.956234e-01,-5.318955e-01,-1.038223e-01,-1.326437e+00,1.432873e+00
2.367065e+01,5.161218e+00,2.343672e+01,-4.794409e-01,9.054812e-01,-1.427183e+00,1.756876e+00
1.981647e+01,9.073346e+00,6.361695e-01,-3.218138e-01,4.844242e-01,5.916230e-01,8.296076e-01
2.204700e+01,8.489237e+00,2.281058e+01,-4.604174e-01,3.624213e-01,-1.743409e+00,1.839242e+00
2.203785e+01,8.483084e+00,2.382422e+01,1.287491e+00,7.398284e-01,-4.581638e-01,1.553992e+00
2.169963e+01,9.418481e+00,7.438283e-01,1.150455e-01,8.164551e-01,-4.951962e-01,9.617971e-01
2.233606e-01,2.944228e+00,2.333177e+01,-7.099346e-01,1.116251e+00,-7.796003e-01,1.535513e+00
2.334402e+01,1.060217e+00,2.332252e+00,1.135701e-01,1.304059e+00,5.002361e-01,1.401322e+00
2.316751e+01,1.023544e+01,2.323654e+01,-1.298517e+00,-1.125484e-01,-2.722573e-01,1.331517e+00
4.923557e-01,1.005021e+01,2.387601e+01,-1.901740e-01,1.226518e+00,-6.043152e-01,1.380474e+00
3.334194e+00,8.573634e+00,2.391146e+01,7.309129e-01,-6.635678e-01,-1.219848e+00,1.569262e+00
2.388810e+01,6.431000e+00,3.432567e+00,-8.785273e-01,-7.346357e-01,-8.123931e-01,1.404095e+00
1.925611e+01,1.056193e+01,6.832627e-01,1.381263e+00,9.020230e-01,-2.176375e-01,1.664001e+00
4.961873e+00,5.706906e+00,2.265176e+01,-2.693076e-01,9.501762e-01,6.794231e-01,1.198740e+00
3.943614e+00,8.385220e+00,2.203127e+01,-1.470304e+00,5.813592e-01,6.698365e-01,1.717106e+00
3.113379e+00,3.050307e+00,2.276394e+01,1.447955e+00,1.794465e+00,-1.049196e+00,2.533277e+00
3.230103e+00,5.380251e+00,2.955522e+00,-5.737516e-01,-6.703811e-01,-1.758096e+00,1.967105e+00
1.517095e+00,7.502363e+00,2.161337e+01,5.937695e-01,1.341710e-01,-1.514714e+00,1.632459e+00
2.273130e+00,5.699546e+00,2.017687e+01,-1.115860e+00,-9.235316e-01,-1.263400e+00,1.922039e+00
6.791307e+00,7.696735e+00,8.309755e-01,-4.402022e-01,1.075752e+00,3.925965e-01,1.226846e+00
5.390257e+00,8.824648e+00,2.334020e+01,1.422940e+00,-5.796493e-01,2.891428e-01,1.563443e+00
4.714185e+00,7.714901e+00,2.711556e+00,-7.739247e-02,4.316182e-01,-1.653216e-01,4.686311e-01
7.513906e+00,7.085692e+00,1.962629e+01,2.875374e-01,2.478049e-01,6.900812e-01,7.875894e-01
8.297173e+00,5.055252e+00,1.086617e+00,9.415564e-01,-4.059774e-01,-3.339212e-01,1.078355e+00
3.655652e+00,6.960440e+00,2.358149e+01,1.719354e-01,6.202946e-01,9.383715e-01,1.137923e+00
1.088146e+01,7.382741e+00,1.852240e+00,1.310406e+00,6.044579e-01,4.656437e-01,1.516363e+00
8.697627e+00,1.141642e+01,2.504312e+00,7.938534e-02,1.221485e+00,1.629964e-01,1.234867e+00
7.240327e+00,6.635108e+00,9.743960e-01,9.272525e-01,3.177588e-01,-1.273813e+00,1.607286e+00
6.468822e+00,1.006593e+01,2.109567e+00,1.054329e+00,-4.723728e-01,-3.290575e-01,1.201260e+00
9.270903e+00,8.949702e+00,4.320125e-01,4.157680e-01,4.711741e-01,1.201963e+00,1.356312e+00
8.377187e+00,9.956723e+00,2.379692e+00,-1.362132e+00,4.113854e-01,-7.862737e-01,1.625690e+00
7.408262e+00,8.158056e+00,2.445621e+00,1.188385e+00,-1.151249e-01,-6.130355e-01,1.342134e+00
9.914006e+00,1.195373e+01,2.937042e+00,-2.475343e-01,1.655048e-01,1.090427e-01,3.171047e-01
7.363527e+00,6.008430e+00,2.370788e+01,7.723350e-01,4.256164e-01,1.091939e+00,1.403560e+00
1.276436e+01,1.158235e+01,2.167697e+01,-1.245145e+00,-2.786537e-01,-1.735806e+00,2.154311e+00
8.251968e+00,6.828014e+00,2.382201e+01,-1.118174e+00,1.528743e+00,1.171702e-01,1.897655e+00
1.195085e+01,1.334051e+01,2.130626e+01,7.814578e-01,3.729743e-01,-4.633184e-01,9.820642e-01
1.423339e+01,4.876401e+00,4.390735e-01,2.445533e-01,-9.776693e-01,-8.277258e-01,1.304137e+00
9.170542e+00,8.468114e+00,1.559282e+00,-1.671191e-01,-1.660840e+00,4.936952e-01,1.740705e+00
1.850607e+01,4.785725e+00,1.794740e+00,-1.408046e+00,1.806173e-01,3.883411e-01,1.471742e+00
1.267192e+01,1.182766e+01,1.843507e+00,1.547566e-01,-8.025900e-01,1.514188e+00,1.720717e+00
1.517613e+01,6.257598e+00,2.107212e+00,5.520576e-01,-3.682130e-01,7.086872e-01,9.708686e-01
1.602707e+01,7.859471e+00,2.319378e+00,9.268004e-01,8.939811e-01,-3.092369e-01,1.324307e+00
1.645819e+01,7.462653e+00,5.651064e+00,5.020103e-02,9.937527e-01,-7.411952e-01,1.240740e+00
1.402320e+01,6.337352e+00,3.404654e+00,-2.925138e-01,-7.659978e-01,-1.565072e-01,8.347523e-01
1.375207e+01,9.495272e+00,2.042799e+00,9.422536e-01,1.706368e+00,1.560372e+00,2.496857e+00
1.365102e+01,1.047019e+01,2.760405e+00,-1.670141e+00,-1.305056e-01,1.162829e+00,2.039258e+00
1.639958e+01,7.487049e+00,1.379071e+00,-5.737215e-01,-1.726471e+00,-1.479446e+00,2.344914e+00
1.541513e+01,9.195303e+00,2.618382e+00,-1.837711e+00,2.145341e-01,-2.297349e-01,1.864399e+00
1.844428e+01,5.454266e+00,2.899785e+00,2.080329e-01,-8.554547e-01,5.562393e-01,1.041385e+00
2.191844e+01,7.139605e+00,1.170559e+00,7.147316e-01,1.658391e+00,4.743734e-01,1.867119e+00
1.758995e+01,2.581430e+00,2.010654e+00,-6.649541e-02,-5.828953e-01,2.481641e-01,6.370039e-01
1.633782e+01,8.523493e+00,3.185310e+00,-8.621083e-01,7.738111e-01,-1.430959e+00,1.841102e+00
2.058196e+01,7.130828e+00,2.202984e+01,7.573153e-01,-2.730480e-01,5.314418e-01,9.646305e-01
2.002073e+01,5.114919e+00,2.389834e-01,2.228386e-01,1.499479e-01,-4.198873e-01,4.984444e-01
1.746284e+01,7.633829e+00,2.242134e+01,-2.667276e-01,7.331427e-01,-9.615792e-01,1.238255e+00
2.042922e+01,5.618072e+00,2.392744e+00,5.098615e-02,-5.315431e-01,-7.291944e-01,9.038043e-01
2.090283e+01,6.570229e+00,2.050657e+01,1.537852e+00,5.417048e-01,-5.765865e-01,1.729417e+00
1.859107e+01,8.727122e+00,2.180571e+01,-6.208114e-01,-6.910540e-01,1.237453e-01,9.371635e-01
2.010746e+01,7.312315e+00,2.110045e+01,4.996117e-01,1.901801e+00,-1.041534e+00,2.225141e+00
1.800825e+01,8.684865e+00,2.290454e+01,8.788071e-01,6.779188e-01,9.877158e-02,1.114285e+00
1.257665e+00,8.480232e+00,2.738390e-01,1.449523e+00,-2.024437e-01,1.686389e+00,2.232937e+00
2.028161e+00,7.675385e+00,7.087979e-01,4.807974e-01,1.109138e+00,-1.008334e+00,1.574195e+00
3.790658e+00,8.269169e+00,2.305800e+01,9.872611e-01,9.278313e-01,6.028246e-01,1.482887e+00
2.211894e+01,6.431949e+00,1.033992e-01,7.985415e-01,1.388255e+00,2.382948e-01,1.619168e+00
2.174382e+01,7.915967e+00,1.847523e+00,1.297128e+00,8.857970e-01,1.752316e-01,1.580469e+00
2.272846e+00,1.106203e+01,2.383451e+01,-1.461097e+00,-1.325778e+00,5.537146e-01,2.049168e+00
9.344017e-01,5.128522e+00,1.261567e+00,9.113041e-01,-6.577450e-01,7.033367e-01,1.325815e+00
2.464047e+00,1.001273e+01,9.182003e-02,8.155212e-01,4.484660e-01,-2.747214e-01,9.703960e-01
5.230375e-01,8.114041e+00,2.198778e+01,-3.325380e-01,-2.161722e+00,9.801353e-01,2.396724e+00
4.827786e+00,9.857070e+00,2.347615e+01,-4.343689e-01,1.315163e-01,-7.523867e-01,8.786687e-01
2.309743e+00,9.414951e+00,2.895082e+00,-9.896945e-01,3.400876e-01,1.595901e+00,1.908417e+00
1.856038e+00,1.051372e+01,3.581846e+00,1.496999e+00,-2.798171e-01,1.793719e+00,2.353026e+00
4.298270e+00,5.715773e+00,2.372184e+01,1.034482e+00,8.462855e-01,-1.972504e+00,2.382671e+00
7.288145e+00,8.574102e+00,2.205694e+01,-1.005129e-01,-2.413377e+00,-1.367163e+00,2.775540e+00
4.500802e+00,6.771366e+00,2.167621e+01,4.952338e-01,-4.404930e-01,4.130802e-02,6.640760e-01
7.701984e+00,9.014859e+00,3.370577e+00,-8.820954e-01,1.078399e+00,-5.100241e-01,1.483631e+00
6.319493e+00,5.676664e+00,2.371970e+01,3.144611e-01,6.159258e-01,1.008110e-01,6.988657e-01
4.793856e+00,9.754366e+00,2.209595e+01,-6.764336e-01,6.135930e-01,-9.696474e-01,1.332019e+00
5.420649e+00,7.288429e+00,1.323893e-01,1.171928e+00,1.833739e+00,-1.148427e+00,2.460670e+00
5.639409e+00,8.152462e+00,7.698700e-01,-1.610378e+00,6.153393e-01,9.390603e-01,1.963108e+00
8.428429e+00,9.518282e+00,2.278796e+01,-1.514830e+00,-5.270944e-01,-8.841680e-01,1.831472e+00
8.561094e+00,1.053692e+01,2.294222e+01,5.407573e-01,9.202338e-01,-1.089612e+00,1.525288e+00
5.874888e+00,8.146792e+00,3.902372e+00,7.131599e-03,-3.845792e-01,2.710470e-02,3.855991e-01
4.357646e+00,1.214843e+01,2.559829e-02,4.252855e-01,7.377693e-03,1.355905e+00,1.421056e+00
8.517904e+00,7.091671e+00,2.160585e+01,6.550347e-02,1.621154e-02,-9.380789e-01,9.405028e-01
1.102822e+01,7.066412e+00,2.349213e+01,-3.487790e-01,1.642778e-01,8.958827e-01,9.753152e-01
8.035468e+00,7.884775e+00,2.261475e+01,8.180237e-01,5.555505e-01,5.895370e-02,9.905931e-01
1.165910e+01,1.149994e+01,1.946004e+00,7.371009e-01,1.407003e+00,2.063102e-01,1.601730e+00
1.081793e+01,8.452608e+00,1.455047e-01,6.455646e-01,3.357261e-01,-1.341800e+00,1.526399e+00
1.118536e+01,1.021091e+01,2.102967e+01,1.990429e-01,-2.651298e+00,-9.906275e-01,2.837313e+00
1.298887e+01,1.268351e+01,2.151957e+01,-1.760647e+00,8.562543e-01,6.198311e-01,2.053592e+00
7.021452e+00,1.073607e+01,1.293116e+00,5.962121e-01,1.224006e+00,-5.100581e-01,1.453898e+00
1.148465e+01,1.094452e+01,3.434223e+00,2.651163e-01,-3.569162e-01,-5.563264e-01,7.121621e-01
1.277779e+01,8.883333e+00,7.502344e+00,-1.647302e+00,7.870087e-01,-1.423231e+00,2.314859e+00
1.234037e+01,1.041408e+01,3.971988e+00,8.203446e-01,4.198053e-01,4.599858e-01,1.029946e+00
1.244063e+01,8.791701e+00,3.413399e+00,1.142793e+00,5.372540e-01,5.479670e-01,1.376548e+00
1.304028e+01,8.316533e+00,2.037160e+00,1.378816e-01,-1.643064e+00,-1.778191e-01,1.658400e+00
1.508993e+01,6.193948e+00,2.179324e+01,-2.395996e-01,-1.728351e+00,9.994227e-01,2.010834e+00
1.449175e+01,4.862496e+00,1.838882e+00,2.146591e-01,-1.401534e+00,7.513929e-01,1.604671e+00
1.376233e+01,9.449856e+00,3.758003e+00,1.961148e-01,-2.469242e-01,6.892615e-01,7.579670e-01
1.515896e+01,8.614648e+00,1.438365e-01,-6.033572e-01,1.052954e+00,-1.396503e-01,1.221579e+00
1.551017e+01,1.084853e+01,1.002919e+00,-1.651900e+00,4.090271e-01,-8.495991e-01,1.902076e+00
1.733306e+01,6.054716e+00,3.099448e+00,-4.806426e-01,8.743602e-01,-1.505655e+00,1.806244e+00
1.630300e+01,1.090073e+01,2.208718e+01,-1.177557e+00,-1.070019e-01,-3.086792e-01,1.222037e+00
1.996192e+01,8.994650e+00,1.658135e+00,6.006205e-01,-8.147813e-01,1.739141e+00,2.012269e+00
1.838200e+01,8.947189e+00,2.441235e+00,4.602461e-01,5.193478e-01,1.864553e-01,7.185501e-01
1.761298e+01,9.457014e+00,5.163573e+00,-6.796180e-01,1.244081e+00,1.396274e+00,1.989774e+00
1.985174e+01,8.121629e+00,8.882009e-02,1.180519e-01,4.136357e-01,2.808624e+00,2.841373e+00
1.739895e+01,8.333141e+00,2.954062e+00,-5.987685e-01,-6.945264e-01,1.138111e+00,1.461570e+00
1.913226e+01,8.419999e+00,2.265803e+01,-1.047320e-01,-2.938275e-01,-2.731545e-02,3.131286e-01
1.871974e+01,7.250869e+00,2.791814e+00,2.186302e-01,-1.528620e+00,-1.659165e-01,1.553064e+00
1.739508e+01,8.955166e+00,2.134067e+00,-1.741493e+00,-3.950637e-01,-5.708244e-01,1.874757e+00
1.999471e+01,1.052831e+01,2.827607e+00,-1.794657e+00,-2.270647e-01,2.388193e+00,2.995967e+00
1.663061e+01,6.695709e+00,2.266184e+01,8.071519e-01,-1.792360e+00,1.235329e+00,2.321656e+00
2.224809e+01,9.020928e+00,2.194379e+01,-7.406842e-01,-5.019401e-01,3.115630e-01,9.474325e-01
1.584045e+01,7.128931e+00,2.338467e+01,-1.444948e+00,2.405051e+00,4.391062e-02,2.806078e+00
1.695963e+01,9.077112e+00,2.159199e+01,3.560705e-01,-1.705571e+00,-6.604796e-01,1.863328e+00
2.275238e+01,8.718997e+00,2.101652e+01,-6.674379e-02,2.918862e-01,-1.060130e+00,1.101602e+00
9.473286e-01,6.483159e+00,2.067357e+01,8.722044e-01,-7.560057e-01,1.581262e+00,1.957722e+00
1.964531e+01,8.055070e+00,1.212308e+00,-4.482053e-01,-9.772822e-01,5.312609e-01,1.199253e+00
2.091840e+01,1.031099e+01,2.308783e+01,7.526916e-01,-1.735245e-01,4.334175e-01,8.857235e-01
3.004358e+00,1.177557e+01,2.367959e+01,5.296243e-01,1.383958e+00,-3.211920e-01,1.516247e+00
2.674340e-01,9.276803e+00,3.588303e+00,-7.768891e-01,-5.309129e-01,-1.127066e+00,1.468231e+00
2.076390e+01,9.074730e+00,9.208017e-01,1.384716e+00,1.477818e-01,1.787837e-02,1.392694e+00
6.263577e-01,1.300398e+01,2.588616e+00,-1.294986e+00,1.020767e+00,1.517806e+00,2.241136e+00
2.229018e+01,9.885115e+00,2.079314e+01,-1.852622e+00,5.240694e-01,1.631163e+00,2.523401e+00
3.898198e+00,1.395461e+01,7.601347e-01,1.346673e+00,2.258217e-01,-1.374426e+00,1.937413e+00
2.272658e+01,8.808083e+00,1.994347e+00,-1.062050e-01,5.023338e-01,8.862590e-01,1.024243e+00
6.819363e+00,1.167552e+01,2.306525e+01,-1.965492e-01,-1.071929e-01,6.221356e-01,6.611918e-01
2.760711e+00,1.362336e+01,1.067310e+00,1.773514e-01,7.575612e-01,7.496973e-01,1.080462e+00
3.070317e+00,1.206757e+01,1.562296e+00,-9.893689e-01,-7.266027e-01,3.629721e-01,1.280059e+00
8.992798e-01,1.477272e+01,2.326491e+01,4.326567e-01,1.177520e+00,-1.130870e-01,1.259577e+00
1.410838e+00,9.616482e+00,2.161988e+01,1.153761e+00,-6.263939e-02,1.213553e+00,1.675649e+00
3.671409e+00,1.495042e+01,1.988109e+01,-1.605357e+00,7.116292e-02,1.526285e+00,2.216254e+00
3.771954e+00,9.472133e+00,2.235649e+01,-1.397482e+00,7.402680e-01,-1.765263e-01,1.591262e+00
7.761684e+00,1.086050e+01,2.125651e+00,-2.524631e+00,-5.337056e-01,5.883395e-01,2.646649e+00
9.667771e+00,1.075833e+01,2.266765e+01,-4.628540e-01,1.401058e+00,-2.240364e-01,1.492445e+00
3.452636e+00,9.527635e+00,2.961109e+00,-5.486416e-01,-3.390738e-01,-8.306078e-01,1.051612e+00
5.285323e+00,1.146137e+01,2.916646e+00,4.658165e-01,-2.291969e-01,7.350366e-01,8.998862e-01
9.002066e+00,9.915409e+00,2.375513e+01,1.017358e+00,4.936574e-02,1.666688e+00,1.953280e+00
8.325640e+00,8.714695e+00,2.216360e+00,9.505522e-03,3.663609e-01,4.510561e-01,5.811732e-01
9.801976e+00,8.065188e+00,7.185951e-01,6.209649e-01,-2.539139e-01,-9.503969e-01,1.163325e+00
9.252924e+00,1.273653e+01,3.075184e+00,-3.704441e-01,-1.964786e+00,4.193226e-01,2.042901e+00
5.535482e+00,1.108356e+01,5.159543e+00,1.647477e+00,5.344632e-01,8.741544e-01,1.940097e+00
1.210685e+01,8.853634e+00,4.934538e-02,3.048409e-01,9.683196e-02,-1.831150e-01,3.685587e-01
1.363296e+01,1.278604e+01,1.400035e-01,9.482088e-01,-3.704185e-01,-2.583216e-01,1.050257e+00
9.598649e+00,1.071273e+01,3.834410e+00,-1.574955e-01,-2.433850e-01,2.713125e-01,3.970536e-01
6.371314e+00,8.909874e+00,2.295514e+01,-5.733933e-01,1.441085e+00,-5.375356e-01,1.641478e+00
1.066979e+01,1.034766e+01,3.290626e+00,3.866358e-01,5.778096e-01,-6.928257e-02,6.986782e-01
1.037289e+01,9.788653e+00,2.376858e+00,8.615274e-01,8.705702e-01,-1.165516e+00,1.690725e+00
1.083051e+01,1.161292e+01,2.520587e+00,1.182537e+00,-1.031116e+00,1.893103e+00,2.458747e+00
1.076884e+01,1.065170e+01,2.863892e-01,-1.796846e+00,4.065259e-01,1.189237e-01,1.846094e+00
1.437764e+01,9.953023e+00,4.362566e+00,-7.437751e-03,-1.370909e+00,-1.400437e+00,1.959763e+00
1.317670e+01,1.365104e+01,3.972610e+00,-1.916076e+00,2.338898e-01,1.007221e-01,1.932925e+00
1.233368e+01,9.738212e+00,9.588421e-01,-1.867230e+00,9.049413e-01,7.459562e-01,2.204976e+00
1.582373e+01,1.147395e+01,6.717481e+00,4.442539e-01,-1.059476e+00,-1.251409e+00,1.698786e+00
1.179161e+01,8.002272e+00,6.708294e-01,-4.921641e-01,8.768438e-03,5.679652e-01,7.515895e-01
1.567409e+01,1.117702e+01,1.977265e+00,1.702602e+00,-6.023880e-01,-4.474185e-01,1.860620e+00
1.536281e+01,1.036111e+01,4.062344e+00,-1.184596e+00,-2.316196e-01,-5.085234e-01,1.309775e+00
1.614037e+01,1.038495e+01,3.952545e-01,6.154376e-01,-6.492548e-01,-4.348722e-01,9.946905e-01
1.726895e+01,1.115443e+01,3.864319e+00,-7.378044e-01,7.349185e-01,-1.319678e+00,1.681074e+00
1.298693e+01,9.771926e+00,3.304526e+00,3.788219e-01,8.730000e-01,-7.607983e-01,1.218380e+00
1.533291e+01,9.394563e+00,3.726127e+00,-1.358292e+00,-9.827265e-01,8.946770e-01,1.900304e+00
1.540793e+01,1.012391e+01,2.213034e+00,-1.102219e+00,5.465792e-01,-1.216611e+00,1.730254e+00
1.746064e+01,9.460600e+00,4.071850e+00,-2.130281e+00,7.546570e-01,6.778403e-01,2.359464e+00
1.971747e+01,1.351775e+01,2.256976e+01,1.158401e+00,1.039840e+00,-5.418774e-01,1.648269e+00
1.466654e+01,1.061412e+01,2.984792e+00,-1.561662e-01,1.459131e+00,-1.287613e+00,1.952280e+00
1.889302e+01,9.896480e+00,2.675878e+00,7.679283e-01,-7.412688e-01,-6.790901e-02,1.069488e+00
1.782646e+01,8.734524e+00,1.622211e-01,1.134205e+00,-2.798737e-01,1.103086e+00,1.606720e+00
2.027155e+01,9.587553e+00,2.277697e+01,-6.179719e-01,-1.262119e+00,2.382987e-01,1.425349e+00
1.973439e+01,9.228311e+00,2.846621e+00,1.781223e+00,-1.180271e-02,2.330218e+00,2.933055e+00
1.920253e+01,1.099600e+01,3.218100e+00,4.821572e-01,-5.463351e-02,-1.017928e+00,1.127669e+00
2.167293e+01,6.811554e+00,2.136753e+01,1.124007e+00,-1.218303e+00,1.328816e+00,2.124477e+00
1.916287e+01,7.409279e+00,1.919010e+01,7.898212e-01,-9.958013e-01,-3.136962e-01,1.309138e+00
1.775411e+01,7.322499e+00,3.123305e+00,1.315654e+00,1.248990e+00,3.197783e-01,1.842059e+00
1.948422e+01,1.000352e+01,2.350002e+01,-6.462736e-02,3.753249e-01,-1.372118e+00,1.423992e+00
2.375672e+01,9.461931e+00,1.922190e+01,-1.433045e+00,5.823473e-01,3.679422e-01,1.590008e+00
2.376990e+01,8.498910e+00,2.101603e+01,1.261964e-01,6.032008e-01,-9.788008e-01,1.156645e+00
2.006737e+01,1.077874e+01,2.355914e+01,-6.166462e-01,1.114018e+00,5.599281e-01,1.390973e+00
2.224626e+01,1.124065e+01,2.390846e+01,2.279973e-01,-3.508143e-01,-4.726737e-01,6.312478e-01
2.323091e+01,1.171850e+01,2.341900e+01,9.610364e-02,-2.980621e-01,-4.651752e-01,5.607717e-01
2.321193e+01,1.137601e+01,7.216257e-01,-8.796764e-01,-9.379535e-01,3.411081e-01,1.330392e+00
4.766665e+00,1.379179e+01,2.376672e+01,8.122590e-01,1.068325e+00,1.902864e-01,1.355467e+00
2.321633e+01,1.326293e+01,5.314471e-01,6.381774e-01,8.011838e-01,-5.206981e-01,1.149040e+00
3.158429e+00,1.087595e+01,2.046752e+01,-1.154905e+00,9.412484e-01,-5.862713e-01,1.601084e+00
3.731232e+00,1.280267e+01,9.535088e-01,-4.336788e-01,5.814982e-01,7.497193e-01,1.043215e+00
5.413156e+00,1.436512e+01,4.187229e-01,-1.982030e-01,-4.741303e-01,-1.935138e-01,5.491189e-01
2.166949e+00,1.323055e+01,2.372099e+01,-7.441071e-01,-6.551459e-01,-1.479940e+00,1.781329e+00
5.029799e+00,1.375959e+01,1.164825e+00,6.075033e-01,-1.037935e+00,3.365416e-01,1.248851e+00
4.465435e+00,9.973019e+00,5.214582e-01,-1.370745e+00,-5.621631e-02,-5.066411e-01,1.462459e+00
3.910477e+00,1.347793e+01,2.185915e+01,-3.887499e-01,1.228304e+00,-3.029622e-01,1.323497e+00
7.262426e+00,1.181746e+01,6.693055e-01,6.914816e-01,3.558030e-01,-4.577672e-02,7.789982e-01
7.048752e+00,1.235849e+01,3.225006e+00,-6.774049e-01,-1.254418e+00,8.325876e-01,1.650952e+00
1.105505e+01,1.397713e+01,4.487682e-01,7.498410e-01,-3.666579e-01,5.982466e-02,8.368264e-01
6.970916e+00,1.549317e+01,2.272921e+01,2.556124e+00,-5.585231e-02,-7.392826e-01,2.661471e+00
6.121155e+00,1.467707e+01,2.272358e+01,-1.090786e+00,-9.640114e-01,4.201726e-01,1.515149e+00
8.534326e+00,1.332461e+01,4.055050e+00,-5.313780e-01,2.810329e-01,-1.057857e+00,1.216718e+00
9.514585e+00,1.298915e+01,1.072465e+00,-2.624969e-01,9.195203e-01,1.633198e-01,9.701008e-01
1.126255e+01,1.284049e+01,4.110877e+00,-8.218144e-01,-1.392482e+00,1.070283e+00,1.939044e+00
7.244423e+00,1.247773e+01,4.391315e+00,6.831167e-01,2.888130e-01,-1.137517e+00,1.357942e+00
1.138834e+01,1.184125e+01,2.291411e+01,-6.979250e-01,-7.596521e-01,-1.667920e-01,1.044983e+00
6.476986e+00,1.198262e+01,1.437057e+00,-9.801355e-01,8.902162e-01,-3.522536e-01,1.370122e+00
8.779599e+00,1.264094e+01,2.000595e+00,6.857074e-01,-1.023279e+00,-1.605074e+00,2.023255e+00
9.491780e+00,1.114890e+01,1.162322e+00,5.280141e-01,3.396018e-01,-2.169768e+00,2.258766e+00
1.168017e+01,7.912212e+00,2.364822e+01,-1.138273e+00,2.823559e-01,7.317184e-02,1.175051e+00
1.215791e+01,1.149035e+01,1.035119e+00,-1.482054e-01,4.049704e-01,7.986896e-01,9.076734e-01
1.359542e+01,1.047938e+01,3.935780e+00,-1.933107e-01,-1.074390e+00,-1.224230e+00,1.640250e+00
1.380308e+01,1.357709e+01,2.976864e+00,-6.295845e-01,-1.453027e+00,-4.553472e-01,1.647728e+00
1.306616e+01,9.032169e+00,6.297702e-01,-1.099543e+00,1.091801e+00,8.166916e-01,1.751574e+00
1.438488e+01,1.033187e+01,1.959301e+00,-1.327460e+00,-1.069353e+00,-1.770249e+00,2.457529e+00
1.477559e+01,1.208906e+01,3.292497e+00,9.835285e-01,-6.202025e-01,-7.161525e-02,1.164950e+00
1.372966e+01,1.053252e+01,4.225200e-02,-1.813631e+00,-7.954457e-01,-4.940746e-01,2.041103e+00
1.442955e+01,9.779568e+00,2.392540e+01,-2.096822e-01,-1.422066e+00,3.112376e-01,1.470751e+00
1.477632e+01,1.260332e+01,2.383628e+01,-5.724888e-01,-8.057816e-01,-1.710483e+00,1.975545e+00
1.390199e+01,1.140703e+01,3.553184e+00,-8.397503e-01,3.802558e-01,-2.874922e-01,9.656225e-01
1.851195e+01,1.136115e+01,3.922692e+00,2.190247e-01,5.575604e-01,-5.162341e-01,7.907863e-01
1.592818e+01,1.183088e+01,3.830135e-01,1.332177e-01,1.939518e-02,-1.145821e+00,1.153702e+00
1.479478e+01,1.322556e+01,3.521874e+00,1.038687e+00,3.678754e-01,7.386202e-01,1.326561e+00
1.665715e+01,1.095251e+01,2.945139e+00,-3.438795e-01,-1.254481e+00,-3.279624e-01,1.341467e+00
1.707345e+01,1.125914e+01,7.129869e+00,-1.036677e+00,1.033542e+00,1.424415e+00,2.042515e+00
1.741346e+01,1.338074e+01,1.829368e+00,1.318588e+00,1.053881e+00,-5.638064e-01,1.779667e+00
2.275866e+01,1.227530e+01,2.200333e-01,7.122295e-01,-1.025947e+00,3.350828e-01,1.293104e+00
1.825074e+01,1.255810e+01,2.360115e+01,-1.175063e+00,5.773596e-01,-7.498639e-01,1.508779e+00
2.017940e+01,9.899784e+00,1.988412e+00,-8.073665e-01,-5.742978e-02,1.132247e+00,1.391806e+00
1.932404e+01,7.608211e+00,2.326644e+01,-1.002560e+00,2.039379e+00,9.229865e-01,2.452773e+00
1.658736e+01,9.511302e+00,3.135458e+00,4.230409e-01,4.084369e-01,8.627802e-01,1.044114e+00
1.937066e+01,1.051755e+01,1.754303e+00,2.258563e-01,1.614142e-01,5.960346e-01,6.575126e-01
2.098374e+01,1.208682e+01,2.119462e+00,-4.991621e-01,-1.203089e-01,1.006354e+00,1.129772e+00
1.907126e+01,9.624364e+00,2.254560e+01,2.510637e-01,-1.082890e+00,5.766975e-01,1.252303e+00
2.793909e-01,1.061506e+01,2.309449e+01,-2.085888e-01,7.800822e-01,1.594018e+00,1.786877e+00
2.129888e+01,9.278689e+00,2.305767e+01,-1.632022e+00,1.320371e+00,2.948325e-01,2.119859e+00
5.180066e-02,1.306479e+01,2.206500e+01,8.231683e-01,1.104401e+00,1.078637e+00,1.749504e+00
2.120562e+01,1.321322e+01,1.479785e+00,-7.698060e-01,9.484603e-01,1.250979e+00,1.748464e+00
2.314802e+01,1.526428e+01,2.229304e+01,4.125748e-02,9.128346e-02,-8.914177e-01,8.970286e-01
2.204832e+01,1.235093e+01,2.067642e+00,-1.137900e+00,2.931467e-01,8.451718e-02,1.178089e+00
2.102361e+01,1.564426e+01,2.345902e+01,-5.124717e-01,-2.146205e+00,-7.447551e-01,2.328837e+00
2.103602e+00,1.437053e+01,2.619114e+00,2.032418e-01,1.592711e+00,-6.927971e-01,1.748715e+00
3.968192e+00,1.746991e+01,9.629790e-01,-4.301032e-01,-6.611053e-01,9.704244e-01,1.250509e+00
2.249374e+00,1.145916e+01,2.068326e+00,2.042682e-01,-1.012109e+00,-1.322679e+00,1.677966e+00
2.329953e+01,1.372604e+01,2.155513e+01,-8.793743e-01,1.607076e+00,-5.512213e-01,1.913070e+00
2.261811e+00,1.303482e+01,1.988664e+01,-1.036932e+00,-1.024887e+00,2.428351e-01,1.478036e+00
8.175256e-01,1.393644e+01,1.152606e+00,-6.258516e-01,6.790404e-02,9.968444e-01,1.178983e+00
5.972642e+00,1.504461e+01,2.374195e+01,2.082041e-01,3.764825e-02,-2.496899e-01,3.272787e-01
3.465980e+00,1.272066e+01,2.371597e+01,7.715265e-01,1.111867e-01,1.215206e+00,1.443725e+00
6.799654e+00,1.278596e+01,2.143825e+00,-1.673509e+00,-3.398671e-01,-6.710602e-01,1.834793e+00
5.589587e+00,1.265078e+01,2.233738e+01,6.889508e-01,1.252985e+00,3.390707e-01,1.469555e+00
7.859838e+00,1.502773e+01,2.236651e+00,7.013516e-01,-1.192794e+00,8.155506e-01,1.606168e+00
3.395720e+00,1.250353e+01,2.425774e+00,-6.131406e-01,-8.242351e-01,6.321108e-01,1.206179e+00
4.743712e+00,1.215439e+01,2.199786e+01,1.308939e+00,3.658460e-01,1.378615e+00,1.935909e+00
7.752864e+00,1.227016e+01,2.307859e+01,-4.039288e-01,2.527403e-01,2.076349e+00,2.130320e+00
6.805678e+00,1.162159e+01,4.990995e+00,9.368696e-01,9.696798e-01,-2.429862e-01,1.370053e+00
4.375269e+00,1.646922e+01,1.407893e+00,-7.496510e-01,6.164852e-01,-2.303449e-01,9.975417e-01
9.352036e+00,1.480949e+01,3.780286e+00,1.142509e-01,2.255782e-01,1.158266e+00,1.185546e+00
8.428411e+00,1.630460e+01,2.365108e+01,-3.813207e-01,8.342938e-01,3.468088e-01,9.806773e-01
9.995583e+00,1.425689e+01,2.386160e+01,2.115261e-01,-1.452686e+00,8.402160e-02,1.470408e+00
8.342966e+00,1.471306e+01,1.373055e+00,-8.938727e-01,-6.531467e-02,1.008001e+00,1.348829e+00
1.013788e+01,1.400002e+01,2.176109e+01,-1.298590e+00,4.621851e-01,-7.578921e-01,1.573007e+00
9.006665e+00,1.460396e+01,2.118278e+01,9.131782e-01,4.834556e-01,2.255112e+00,2.480555e+00
1.098000e+01,1.391215e+01,2.318859e+01,6.050010e-01,-8.022836e-01,1.124017e-02,1.004894e+00
8.311031e+00,1.337628e+01,2.287846e+01,6.457634e-01,-9.177617e-01,8.463801e-01,1.405580e+00
8.081757e+00,1.981378e+01,2.276761e+01,5.411525e-01,9.127494e-01,1.944809e+00,2.215454e+00
1.148481e+01,1.453273e+01,2.252314e+01,4.691347e-01,-2.719243e-01,-7.900535e-01,9.582352e-01
1.268164e+01,1.217871e+01,2.990052e+00,9.528822e-01,7.684588e-02,8.102265e-01,1.253139e+00
1.247356e+01,1.429239e+01,2.294237e+01,9.066259e-01,-1.025879e+00,-1.056887e+00,1.729569e+00
1.441525e+01,1.312142e+01,2.232159e+01,5.781681e-01,-1.300371e-01,7.261362e-01,9.372629e-01
1.354443e+01,9.848664e+00,1.097355e+00,5.911254e-01,-1.362176e+00,1.818097e+00,2.347430e+00
1.112968e+01,1.237805e+01,1.866441e+00,8.090787e-01,1.963583e-01,1.000978e+00,1.301968e+00
1.338538e+01,1.146870e+01,2.584370e+00,-1.873937e+00,7.484440e-01,1.281610e+00,2.390467e+00
1.550353e+01,1.400372e+01,3.395704e+00,7.913990e-01,-2.586494e+00,9.424871e-01,2.864358e+00
1.532734e+01,1.477399e+01,2.275675e+01,1.278318e+00,4.652560e-01,-9.943647e-01,1.685028e+00
1.424324e+01,1.099246e+01,2.317067e+01,-1.593621e-03,-1.262919e+00,-6.686333e-01,1.428999e+00
1.462138e+01,1.607081e+01,5.750438e-01,1.313573e-01,1.134284e+00,-1.389022e+00,1.798121e+00
1.572736e+01,1.372624e+01,3.387335e-01,-4.567529e-02,6.185582e-01,2.626409e+00,2.698652e+00
1.488121e+01,1.567881e+01,1.859328e+01,5.527158e-01,1.334735e+00,1.308922e+00,1.949433e+00
1.511882e+01,1.333313e+01,2.309378e+01,-2.035440e-01,4.032674e-01,5.425531e-01,7.059877e-01
1.518310e+01,1.338114e+01,1.718725e+00,-1.734888e+00,-2.887044e-01,1.192103e+00,2.124687e+00
1.845717e+01,1.091716e+01,2.379832e+00,-3.908042e-01,6.426011e-01,-7.694584e-01,1.075979e+00
1.784143e+01,1.343819e+01,2.315114e+01,-6.699568e-01,-8.033790e-01,3.141193e-01,1.092214e+00
2.106678e+01,1.589314e+01,2.245160e+01,-9.811635e-01,6.876949e-01,-6.294860e-01,1.353462e+00
1.653398e+01,1.395770e+01,2.150043e+01,1.316850e+00,2.194433e+00,-2.041288e+00,3.273605e+00
1.921783e+01,1.240384e+01,2.356193e+01,1.231337e-01,2.648914e-01,-4.786911e-01,5.607803e-01
2.066057e+01,1.268028e+01,4.091225e-01,8.981296e-01,-6.899533e-01,1.054170e+00,1.547238e+00
2.263423e+01,1.025616e+01,3.752373e-01,1.470413e-02,-1.047759e+00,-6.895903e-01,1.254412e+00
2.010269e+01,1.534446e+01,2.342584e+01,2.196218e-01,-9.581760e-02,-2.283813e-01,3.310178e-01
1.656817e+01,1.327780e+01,2.306903e+01,-2.498056e-01,-9.396809e-01,-1.338016e+00,1.653992e+00
2.353026e+01,9.541714e+00,2.129375e+01,-1.359670e-01,-1.321150e-01,-1.064588e+00,1.081336e+00
2.196492e+01,1.055990e+01,3.253278e+00,9.276016e-01,-8.396803e-03,4.633229e-01,1.036910e+00
1.910568e+01,1.216112e+01,7.522061e-01,4.390408e-01,7.083381e-01,8.020694e-01,1.156640e+00
7.365036e-01,1.488107e+01,6.704989e-01,7.658382e-01,-1.434033e+00,-4.049442e-01,1.675392e+00
5.231772e-01,1.707805e+01,1.607633e+00,-1.772017e+00,1.110266e+00,-2.862907e-01,2.110615e+00
2.330763e+01,1.521681e+01,1.232137e+00,2.588084e-02,-8.733256e-01,9.559695e-02,8.789233e-01
2.384897e+01,1.609528e+01,2.338248e+00,-8.410691e-01,1.329006e+00,5.017091e-01,1.650869e+00
2.385818e+01,1.207151e+01,4.650352e-01,-1.948298e-01,-1.013464e+00,-7.310504e-01,1.264714e+00
5.062525e+00,1.576018e+01,9.529394e-01,9.116167e-01,-5.799352e-01,-2.234514e+00,2.482019e+00
1.557246e+00,1.503974e+01,3.909942e+00,-9.987511e-01,-3.860146e-01,-6.845953e-01,1.270898e+00
4.426811e+00,1.772860e+01,4.186050e-02,8.866686e-01,-4.841356e-01,-1.815624e-02,1.010395e+00
5.743208e+00,1.650272e+01,1.297617e+00,1.111396e+00,1.783206e-01,-6.390993e-02,1.127423e+00
3.561591e+00,1.562863e+01,2.218831e+01,-5.189162e-01,-9.636943e-01,1.936109e-01,1.111515e+00
6.084932e+00,1.516359e+01,3.682097e+00,1.225745e+00,-2.093731e+00,1.415708e+00,2.808984e+00
1.926156e+00,1.580191e+01,5.940605e-01,1.187253e+00,4.646356e-01,-1.219707e-01,1.280755e+00
5.147730e+00,1.464075e+01,2.316143e+01,6.201550e-01,-3.057512e-01,-8.414868e-01,1.089117e+00
7.353419e+00,1.588999e+01,2.169409e+01,1.254538e+00,-2.769332e-01,-8.766319e-01,1.555327e+00
6.077255e+00,1.903083e+01,2.114190e+01,1.414596e+00,1.132424e-01,4.166081e-01,1.479009e+00
6.903952e+00,1.649690e+01,1.289051e+00,1.794416e-02,9.463706e-01,-2.055966e+00,2.263390e+00
5.047066e+00,1.564287e+01,2.376710e+01,-1.530102e-01,1.239973e+00,-6.100863e-01,1.390378e+00
7.664978e+00,1.564078e+01,1.498235e+00,1.694447e-03,1.629366e-01,-2.681360e-01,3.137644e-01
5.851245e+00,1.716929e+01,4.428145e-03,-2.353003e-04,-1.976909e+00,2.431019e-01,1.991800e+00
6.453077e+00,1.653318e+01,4.645354e+00,-1.085095e+00,4.716746e-01,-1.074012e-01,1.188042e+00
1.017214e+01,1.434839e+01,1.054404e+00,1.376696e+00,-1.838115e-01,-9.646388e-01,1.691037e+00
8.889260e+00,1.807641e+01,2.197977e+01,-2.841193e-01,7.156766e-01,8.258062e-01,1.129103e+00
9.885652e+00,1.774931e+01,2.364807e+01,2.633561e-01,1.777652e+00,-2.163990e+00,2.812874e+00
8.756143e+00,1.450906e+01,2.931043e+00,-2.041141e-01,-1.103162e-01,-1.011763e-01,2.531184e-01
1.222811e+01,1.275996e+01,1.736643e+00,4.107066e-01,-3.644554e-01,7.527403e-01,9.317326e-01
9.153095e+00,1.373524e+01,2.226159e+01,-7.106134e-01,-9.437913e-01,-1.017877e+00,1.559419e+00
1.286887e+01,1.475015e+01,9.314440e-02,-8.189801e-01,1.020937e+00,-7.275359e-01,1.497448e+00
8.414082e+00,1.875647e+01,2.253640e+01,1.057747e+00,-2.533761e+00,-1.703990e+00,3.231463e+00
8.876894e+00,1.798741e+01,2.331097e+01,6.857683e-01,-1.773544e+00,-1.377526e+00,2.348045e+00
1.136210e+01,1.730848e+01,7.516841e-01,8.569538e-01,6.650826e-01,-4.433122e-01,1.171849e+00
1.284213e+01,1.542016e+01,1.542541e+00,1.463856e+00,1.445608e+00,9.471503e-01,2.264895e+00
1.195588e+01,1.637573e+01,2.066503e+00,1.002152e+00,1.031561e-01,-1.842380e-01,1.024155e+00
1.110893e+01,1.318498e+01,1.108394e+00,1.497315e+00,-1.871666e-01,-4.397885e-01,1.571750e+00
1.263996e+01,9.834966e+00,2.173056e-02,2.360630e-01,2.334745e-01,1.732299e+00,1.763830e+00
1.412028e+01,1.585792e+01,1.533603e+00,-2.727054e-01,4.921227e-01,6.727882e-01,8.770387e-01
1.406831e+01,1.749352e+01,3.256608e+00,1.266638e+00,8.936841e-01,-2.049299e+00,2.569566e+00
1.521821e+01,1.538015e+01,1.189560e+00,-1.265420e+00,-4.382573e-01,-8.536294e-01,1.588093e+00
1.741102e+01,1.712304e+01,2.165022e+01,-7.598589e-01,-2.408580e+00,-8.001590e-01,2.649320e+00
1.412307e+01,1.752948e+01,2.048395e+01,6.064597e-01,-1.258368e+00,3.336137e-02,1.397281e+00
1.423922e+01,1.685681e+01,2.230836e+01,1.358538e-01,8.366913e-01,-1.329918e-01,8.580183e-01
1.775930e+01,1.590822e+01,2.172235e+01,2.957983e-01,-9.935879e-01,-4.527793e-01,1.131248e+00
1.568157e+01,1.788902e+01,2.170764e+01,-3.095059e-02,-1.501657e+00,3.880203e-01,1.551287e+00
1.628869e+01,1.502088e+01,2.237670e+01,-2.026221e+00,7.946578e-02,-3.330254e-01,2.054944e+00
1.577633e+01,1.732442e+01,4.183992e-01,-6.700745e-03,-7.569789e-01,1.234210e+00,1.447873e+00
1.610991e+01,1.179898e+01,2.252536e+01,-1.073312e+00,-4.826757e-01,8.122473e-01,1.429937e+00
1.742748e+01,1.289839e+01,2.243106e+01,-4.946761e-01,-1.160951e+00,4.776313e-01,1.349312e+00
2.072983e+01,1.395665e+01,1.923967e+00,-1.271089e+00,3.844387e-01,4.025879e-01,1.387637e+00
1.664761e+01,1.355393e+01,9.229482e-01,-9.437439e-01,1.266695e+00,-1.310830e+00,2.052668e+00
1.905722e+01,1.440081e+01,5.410068e-01,-1.009417e+00,7.039324e-01,-2.077605e-01,1.248041e+00
1.916497e+01,1.439707e+01,2.333769e+01,-5.749039e-02,-5.472571e-01,1.041198e-01,5.600325e-01
1.927539e+01,1.527053e+01,1.312584e+00,3.507780e-01,-7.218529e-01,-2.157502e+00,2.301941e+00
2.265398e+01,1.705315e+01,1.417209e+00,-2.664670e+00,1.478422e+00,4.471120e-01,3.079952e+00
2.119736e+01,1.457286e+01,2.935235e-02,-5.970589e-02,7.884248e-01,4.428943e-01,9.062747e-01
2.239732e+01,1.551184e+01,1.867251e-01,-1.727479e+00,-7.711550e-01,5.430099e-02,1.892568e+00
2.189764e+01,1.225088e+01,2.342969e+01,1.253797e+00,-2.038903e-02,8.559804e-01,1.518263e+00
2.101250e+01,1.605138e+01,2.147269e+01,1.713806e+00,4.758918e-01,-7.036920e-02,1.780044e+00
4.075566e+00,1.619874e+01,3.684017e-01,6.133832e-01,-1.548610e+00,-2.947401e-01,1.691539e+00
2.565766e+00,1.588897e+01,2.261152e+01,4.727013e-01,-6.081996e-02,6.197073e-02,4.806100e-01
3.130982e+00,1.691532e+01,4.944600e-01,5.366782e-01,-3.942447e-02,-8.551390e-01,1.010366e+00
1.968361e-01,1.812418e+01,4.356255e-01,-7.954294e-01,4.111005e-01,-2.164889e-01,9.211835e-01
2.039419e+00,1.623140e+01,2.357846e+01,1.110190e+00,-8.112377e-01,-8.166247e-01,1.599220e+00
3.761386e+00,1.896466e+01,5.258449e-01,1.747621e+00,-8.014937e-01,1.001317e+00,2.167766e+00
4.068835e+00,1.848497e+01,2.372899e+00,1.789010e-01,2.918473e-01,1.315295e+00,1.359110e+00
1.853071e+00,1.497855e+01,2.387236e+01,-5.898902e-01,-7.284786e-01,8.933257e-01,1.294868e+00
4.707929e+00,1.649177e+01,2.224241e+01,5.736903e-01,-5.070874e-01,-9.344320e-01,1.208065e+00
7.513094e+00,2.040518e+01,2.415581e+00,-4.194902e-01,5.891129e-02,-1.667447e+00,1.720413e+00
8.172517e+00,1.603786e+01,2.662974e+00,-1.542628e+00,-1.354312e+00,1.102417e-01,2.055728e+00
3.089455e+00,1.826279e+01,2.741512e+00,6.552101e-01,-1.056171e+00,1.117990e+00,1.671735e+00
5.524244e+00,1.808978e+01,9.955198e-02,7.628711e-01,-3.067525e-01,-5.412003e-02,8.240135e-01
7.173815e+00,1.928039e+01,2.378136e+01,6.628076e-01,4.914069e-01,1.743540e-01,8.433231e-01
6.114138e+00,1.759466e+01,1.789056e+00,2.262791e-01,4.919840e-01,1.128317e-01,5.531559e-01
6.605192e+00,2.047337e+01,3.010282e+00,-9.838230e-02,-1.246540e+00,2.969254e+00,3.221802e+00
8.260318e+00,1.590571e+01,4.262698e+00,2.085158e+00,-4.055184e-01,-1.421330e+00,2.555877e+00
9.674020e+00,1.946946e+01,1.186203e+00,-5.986623e-01,-1.759870e-01,4.186846e-01,7.514418e-01
9.251206e+00,1.839624e+01,4.092512e+00,-1.042920e+00,1.655408e+00,5.679684e-01,2.037313e+00
6.998085e+00,1.560889e+01,3.675674e+00,8.894883e-01,-3.480470e-01,-1.200731e-01,9.626753e-01
8.921887e+00,1.574689e+01,2.282889e+01,1.151908e+00,-3.779004e-01,-1.183202e+00,1.694010e+00
1.016955e+01,2.114570e+01,6.503865e-01,-8.699894e-01,-7.048984e-01,4.259631e-01,1.198002e+00
1.077102e+01,2.022481e+01,8.220797e-01,1.084392e+00,2.482784e+00,2.265946e-01,2.718725e+00
7.076720e+00,1.386461e+01,1.959718e+00,4.575122e-01,-9.112946e-01,-1.027363e+00,1.447498e+00
7.636283e+00,1.950951e+01,8.402790e-01,-3.164127e-01,-1.830596e-01,4.757211e-01,5.999486e-01
8.009693e+00,1.832969e+01,2.762438e+00,7.325538e-02,1.897271e+00,-1.491159e+00,2.414241e+00
1.201774e+01,1.588072e+01,2.130977e+01,-1.266647e+00,-1.289622e+00,-3.540551e-01,1.841976e+00
7.672228e+00,2.377755e+01,1.715130e+00,-3.555857e-01,-4.235446e-01,8.790818e-01,1.038564e+00
1.288242e+01,1.633083e+01,2.338934e+01,4.676427e-01,-1.366377e+00,3.275492e-01,1.480866e+00
1.150092e+01,1.774086e+01,2.271901e+01,-7.447178e-01,-2.993118e-01,1.487027e+00,1.689805e+00
1.330416e+01,1.959753e+01,1.322082e+00,7.488613e-02,7.723115e-01,-1.908743e+00,2.060430e+00
1.293099e+01,2.012092e+01,2.185601e+00,7.228421e-01,-1.509362e+00,-1.073222e+00,1.988084e+00
1.234592e+01,1.876776e+01,2.248530e+01,-2.060130e+00,3.707550e-01,3.725166e-02,2.093557e+00
1.287588e+01,1.808480e+01,1.564811e+00,-1.159890e+00,1.449120e-01,2.962659e-01,1.205868e+00
1.275542e+01,1.761154e+01,5.268035e-01,3.769070e-02,-5.668677e-01,1.690460e-01,5.927362e-01
1.140732e+01,2.105290e+01,2.971114e+00,-8.312690e-01,-3.468795e-01,9.567478e-01,1.314040e+00
1.989431e+01,1.852924e+01,9.100573e-02,6.358684e-02,-8.276217e-02,3.980138e-01,4.114704e-01
1.744168e+01,1.716133e+01,2.303336e+01,-5.094727e-01,-3.952148e-01,5.628451e-01,8.558924e-01
1.471694e+01,1.714108e+01,3.559559e-01,-1.082853e-02,-1.462093e+00,1.334832e+00,1.979801e+00
1.226816e+01,1.896601e+01,2.920430e+00,-2.406037e-01,9.255311e-02,-6.487994e-01,6.981382e-01
1.403194e+01,1.579405e+01,2.593580e+00,3.435808e-01,1.041518e+00,1.488388e+00,1.848813e+00
1.503689e+01,1.964841e+01,2.233872e+01,5.716252e-01,-1.709914e+00,-6.912872e-02,1.804256e+00
1.467448e+01,1.453908e+01,1.536174e+00,-3.178328e-02,-1.292838e-01,5.670091e-02,1.447048e-01
1.691329e+01,1.493712e+01,7.288406e-01,-4.048480e-02,-5.146292e-01,1.501976e+00,1.588211e+00
1.896551e+01,1.766527e+01,1.636981e-01,6.589260e-01,-1.019909e+00,-3.142715e-01,1.254259e+00
2.082297e+01,1.845499e+01,2.126403e+01,-2.969984e-01,-9.628436e-01,1.057601e-01,1.013144e+00
2.144335e+01,1.949664e+01,2.585792e+00,-8.437119e-01,1.228177e+00,-2.473329e+00,2.887494e+00
1.598330e+01,1.573812e+01,2.332905e+01,-7.588168e-01,1.377408e+00,2.741248e-01,1.596308e+00
2.064844e+01,1.869603e+01,2.327456e+01,5.289693e-01,-8.165239e-01,-6.940863e-01,1.195105e+00
2.053499e+01,1.791107e+01,2.236621e+01,8.941948e-01,-5.800595e-01,1.206965e+00,1.610223e+00
1.955542e+01,1.564781e+01,2.701646e-01,-8.232984e-01,-1.578732e+00,8.792054e-01,1.985753e+00
2.079362e+01,1.795825e+01,1.108624e+00,-6.189842e-01,1.022308e+00,-4.126726e-01,1.264339e+00
2.216046e+01,1.793553e+01,2.150839e+01,-8.397439e-01,8.260946e-01,-7.298235e-01,1.385729e+00
2.470401e-01,1.813811e+01,2.262834e+01,-1.978168e+00,5.658616e-01,1.605830e+00,2.609988e+00
8.106737e-02,1.614010e+01,4.901355e-01,-1.630811e+00,-1.460252e+00,1.812660e-01,2.196529e+00
2.184985e+01,1.631752e+01,2.121440e+00,-6.745747e-02,6.126024e-01,6.107966e-01,8.677008e-01
2.171794e+00,1.763316e+01,2.389343e+00,-7.031735e-01,-4.867439e-01,9.492400e-01,1.277666e+00
2.357326e+01,2.119621e+01,2.386992e+01,-4.560497e-01,-8.217053e-01,-1.405546e+00,1.690781e+00
1.248465e+00,1.711003e+01,4.718859e-02,9.734282e-01,-6.555413e-01,4.925308e-01,1.272746e+00
8.383077e-01,1.861665e+01,3.843276e+00,-2.665645e-01,-1.497166e+00,-6.047694e-01,1.636554e+00
2.532977e+00,1.788248e+01,1.343505e+00,-7.203747e-03,1.354763e-01,-8.669035e-01,8.774551e-01
4.598058e+00,1.823229e+01,1.004651e+00,-1.645419e+00,3.663004e-01,-1.905084e-01,1.696429e+00
4.321112e+00,2.121122e+01,2.195287e+00,3.288946e-01,1.119328e+00,1.899023e+00,2.228757e+00
1.102023e+00,2.165654e+01,1.435671e+00,-7.374123e-01,-5.124578e-01,4.550684e-01,1.006716e+00
4.210169e+00,2.022066e+01,1.442798e+00,3.032368e-01,1.522599e+00,1.117846e+00,1.913071e+00
4.559017e+00,2.106574e+01,2.267601e+01,-1.910762e+00,-9.038644e-01,-7.240190e-01,2.234320e+00
2.616400e+00,2.066917e+01,2.393931e+01,1.905153e+00,-2.531556e-01,-2.690833e-01,1.940644e+00
2.702214e+00,1.231353e+00,2.301933e+01,-4.429286e-01,1.326763e+00,-8.530792e-01,1.638362e+00
7.594879e+00,2.268501e+01,4.138323e-01,-4.274697e-02,9.862893e-01,3.505223e-02,9.878373e-01
7.023073e+00,1.967267e+01,1.719107e+00,-5.283114e-01,7.044742e-01,1.442661e+00,1.690168e+00
4.721606e+00,2.220999e+01,2.371717e+00,-1.284022e-02,1.363140e+00,8.270307e-01,1.594458e+00
6.558571e+00,1.887171e+01,2.198691e+00,-7.679666e-01,4.708516e-01,-6.301776e-02,9.030201e-01
8.802310e+00,1.870940e+01,1.619913e+00,8.642807e-01,-1.283969e+00,4.719976e-02,1.548479e+00
6.943421e+00,2.191768e+01,4.953575e-02,-7.710856e-01,8.238679e-01,2.145778e+00,2.424396e+00
8.514653e+00,2.074417e+01,9.133948e-01,1.342241e+00,7.163017e-02,-6.321139e-01,1.485365e+00
8.087369e+00,1.989032e+01,3.299493e+00,3.698770e-01,8.835357e-01,1.931861e-01,9.771208e-01
1.061976e+01,1.883616e+01,1.373206e+00,-2.928900e-01,-1.832490e-01,1.673638e+00,1.708926e+00
6.209287e+00,8.948983e-01,2.412526e+00,-7.102937e-02,-5.113493e-01,-4.406157e-01,6.787235e-01
1.073737e+01,1.817753e+01,2.342085e+01,2.383385e-02,-8.105825e-01,8.955426e-01,1.208143e+00
1.068301e+01,1.800727e+01,5.348131e-01,6.751752e-01,-7.444477e-01,5.252390e-01,1.133993e+00
7.468408e+00,2.302817e+01,2.202639e+01,-2.190127e-01,-1.540479e-01,-1.413525e+00,1.438662e+00
9.028727e+00,2.206693e+01,2.135521e+01,7.786843e-01,6.466282e-01,-1.208389e+00,1.576287e+00
1.004593e+01,1.960279e+01,2.251431e+01,1.309880e+00,-1.913528e+00,-1.571165e+00,2.801060e+00
1.116773e+01,2.358934e+01,1.346845e-01,1.989013e+00,-4.917810e-02,-6.882609e-02,1.990811e+00
1.143996e+01,2.033732e+01,2.383594e+01,-2.309865e+00,-6.246573e-01,6.697824e-01,2.484810e+00
1.175006e+01,2.107888e+01,2.279200e+01,1.305736e+00,-8.672415e-01,-2.224213e-01,1.583201e+00
1.113070e+01,1.700389e+01,2.207360e+00,5.195602e-01,-1.913912e+00,-1.067463e-01,1.986051e+00
1.368645e+01,2.338290e+01,2.176496e+01,-1.771956e+00,3.581573e-01,9.119620e-01,2.024791e+00
1.302073e+01,1.808757e+01,2.167344e+01,-4.981406e-01,9.393052e-01,-2.586485e-01,1.094229e+00
1.435116e+01,2.170099e+01,2.108883e+01,1.379387e-01,-8.694870e-01,-8.737072e-01,1.240322e+00
1.233413e+01,2.028148e+01,3.013091e+00,-4.051651e-02,6.057275e-01,2.208466e-01,6.460036e-01
1.479784e+01,1.976969e+01,1.101525e+00,8.620446e-01,4.559993e-01,-1.441448e+00,1.740353e+00
1.601195e+01,1.940851e+01,2.262660e+01,5.721011e-01,-3.559698e-01,-3.892198e-01,7.781429e-01
1.686345e+01,1.509216e+01,2.355237e+01,9.408080e-01,-1.040325e+00,-1.582143e+00,2.114373e+00
1.433246e+01,1.747753e+01,2.318983e+01,-3.287721e-01,6.679878e-01,-4.855491e-01,8.888514e-01
1.765113e+01,1.997620e+01,1.440736e-01,-2.689765e-01,-1.006213e+00,-2.383583e-01,1.068470e+00
1.663121e+01,2.052591e+01,1.862750e-01,6.674405e-02,-2.327405e-01,2.050557e-01,3.172866e-01
1.610565e+01,2.170222e+01,2.037486e+01,-6.971075e-02,9.516846e-01,7.539104e-03,9.542641e-01
1.900563e+01,1.895982e+01,1.369080e+00,4.633328e-01,-3.659090e-01,-1.017893e+00,1.176721e+00
1.795489e+01,1.943380e+01,3.805652e+00,6.399452e-01,4.643812e-01,-1.521396e+00,1.714592e+00
1.932252e+01,1.769284e+01,1.166784e+00,8.268184e-01,4.359372e-01,5.543589e-01,1.086731e+00
1.812116e+01,1.941143e+01,9.047804e-01,-2.762637e-01,-7.828182e-02,1.753115e+00,1.776474e+00
1.784631e+01,2.209911e+01,1.759767e+00,1.775117e-01,-3.584710e-01,2.209543e+00,2.245460e+00
1.770045e+01,2.102044e+01,2.152595e+00,-1.753386e-01,3.836384e-02,1.494676e+00,1.505414e+00
2.198897e+01,1.744002e+01,2.244811e+01,-7.937017e-01,-6.646413e-01,3.861172e-02,1.035954e+00
2.378514e+01,2.326871e+01,2.087583e+01,1.322066e+00,1.015791e+00,-5.197714e-01,1.746383e+00
2.141529e+01,2.097384e+01,2.168121e+00,4.259190e-01,-1.824857e+00,-1.906076e-01,1.883571e+00
2.048090e+01,2.002491e+01,2.195726e+01,-5.051189e-01,2.946744e-01,9.413122e-01,1.108173e+00
2.294055e+01,1.781745e+01,2.264143e+00,-3.080783e-01,3.222721e-01,5.262369e-01,6.897077e-01
2.201401e+01,2.073421e+01,2.361725e+01,-1.347411e+00,5.777404e-01,-1.099342e-02,1.466090e+00
2.334350e+01,1.829411e+01,3.562449e+00,-9.902777e-01,-7.945927e-01,7.903019e-01,1.495528e+00
6.664476e-01,2.192283e+01,2.649563e+00,6.322583e-01,2.002440e-01,-7.946785e-01,1.035066e+00
2.252444e+01,1.904229e+01,8.284647e-01,1.423509e+00,2.476598e+00,3.400837e-01,2.876729e+00
2.765308e+00,9.153013e-03,2.135363e+01,9.249431e-02,8.169503e-01,-2.190505e-01,8.508503e-01
4.910628e+00,5.366672e-01,1.012441e+00,2.870857e-01,1.526391e+00,-6.432042e-01,1.681071e+00
8.197526e-01,1.829638e+01,2.169507e+01,-1.865517e-01,-8.243747e-01,2.918135e-01,8.941758e-01
3.370691e+00,2.193256e+01,8.577034e-01,1.111505e+00,-5.403554e-01,1.451275e+00,1.906207e+00
5.476685e+00,2.379765e+01,2.302462e+01,-1.089546e+00,-9.257071e-01,1.081922e+00,1.792930e+00
2.327573e+01,1.998273e+01,2.555043e+00,-7.510746e-02,-3.440416e-02,-1.372163e+00,1.374648e+00
4.792299e+00,2.076401e+00,6.669983e-01,6.239979e-03,1.318738e+00,7.065983e-01,1.496125e+00
3.028480e+00,2.158230e+01,2.383805e+01,3.290379e-01,-1.937654e-01,-1.336476e+00,1.389956e+00
5.350144e+00,2.195212e+01,2.293430e+01,-2.636305e-01,1.138296e+00,1.382032e+00,1.809759e+00
3.635029e+00,2.282700e+01,2.207248e+01,-1.183624e+00,-1.574685e+00,6.399576e-02,1.970963e+00
1.255869e+00,2.112161e+01,2.273796e+01,-1.856710e-01,1.267300e+00,4.798747e-01,1.367773e+00
5.782350e+00,1.933742e+01,2.724927e+00,2.542348e-01,7.189761e-01,-9.147859e-02,7.680692e-01
6.299895e+00,2.285937e+01,2.173440e+01,8.516987e-01,2.267419e-01,6.182292e-01,1.076573e+00
7.656570e+00,2.229824e+01,2.344657e+01,1.571434e-01,-7.991579e-01,-7.117898e-01,1.081662e+00
4.315572e+00,2.231800e+01,2.138605e+01,-8.065192e-01,5.272240e-01,5.680871e-01,1.118553e+00
8.301293e+00,1.727975e+01,2.546059e+00,-9.974514e-01,-3.837021e-01,-2.408062e-01,1.095502e+00
9.096380e+00,2.117063e+01,1.769788e+01,7.800275e-01,-4.813571e-01,-4.501112e-01,1.021150e+00
7.831476e+00,2.145080e+01,3.599636e-01,-1.265323e-01,-7.003859e-01,-8.969374e-04,7.117244e-01
4.876470e+00,3.595475e+00,1.787184e+00,-7.575813e-01,7.856625e-01,-1.900425e-01,1.107841e+00
9.736410e+00,2.235447e+01,9.761235e-01,-1.850541e-01,-1.678386e-01,1.272471e-01,2.803687e-01
6.519442e+00,2.225376e+01,2.310819e+01,-6.172084e-02,7.012022e-01,8.633280e-02,7.091878e-01
1.160583e+01,2.251245e+01,2.231482e+01,6.663322e-01,3.290417e-01,6.777582e-01,1.005795e+00
5.504236e+00,9.458238e-01,2.122416e+01,-7.044333e-01,2.896607e-02,-2.011354e-01,7.331580e-01
1.062569e+01,2.090624e+01,2.173041e+01,-5.725852e-01,-4.042325e-01,-5.521997e-01,8.922905e-01
9.358096e+00,1.112877e+00,2.264010e+01,-3.362450e-01,2.613254e-01,9.614239e-01,1.051517e+00
1.141850e+01,2.260750e+01,1.392273e+00,-8.799663e-01,4.749744e-01,-1.255366e+00,1.604957e+00
1.025211e+01,1.160769e+00,2.389100e+01,-8.778791e-01,-2.088121e+00,-7.850607e-02,2.266514e+00
1.401069e+01,2.155040e+01,7.961735e-01,-8.440189e-01,1.749770e-02,-2.772650e-01,8.885662e-01
1.472970e+01,2.069147e+01,5.107553e-01,-2.859802e-01,2.533187e-02,-5.495969e-01,6.200670e-01
1.404334e+01,1.989995e+01,2.335060e+01,-1.300574e+00,1.270070e+00,1.149349e+00,2.150714e+00
1.650370e+01,2.096909e+01,2.315760e+01,-1.351932e-01,-6.498830e-01,-2.039729e+00,2.145022e+00
1.349787e+01,1.896646e+01,2.393901e+01,8.056857e-01,-8.977871e-01,-3.288785e-01,1.250325e+00
1.313401e+01,2.013214e+01,2.381742e+01,6.096656e-01,-7.720535e-01,3.466473e-01,1.043036e+00
1.384590e+01,2.008770e+01,6.155512e-01,-1.236777e+00,1.866628e+00,6.223486e-01,2.324056e+00
1.372938e+01,2.356773e+01,2.056160e+01,1.395565e+00,9.438712e-01,-2.256132e+00,2.815782e+00
1.576168e+01,2.048503e+01,2.232934e+01,1.448741e+00,-7.671650e-01,4.687312e-01,1.705022e+00
1.888015e+01,1.883612e+01,1.656739e-01,6.179301e-01,-3.919001e-01,1.550243e-01,7.479678e-01
1.846415e+01,2.203297e+01,2.181184e+01,-7.132944e-01,-2.908116e-01,-4.241546e-01,8.793563e-01
1.572129e+01,2.287027e+01,4.341142e-01,5.088927e-01,2.647804e-01,6.567839e-01,8.720353e-01
1.779324e+01,2.187226e+01,7.447589e-01,-8.641870e-01,-5.485229e-01,-5.613971e-01,1.167417e+00
1.944680e+01,2.142396e+01,2.204612e+01,7.504274e-01,-2.158711e-01,8.054268e-01,1.121808e+00
1.562830e+01,2.027152e+01,6.115511e-01,-8.974132e-01,5.255067e-01,1.686244e-01,1.053538e+00
1.577640e+01,2.119436e+01,1.162427e-01,-1.150341e+00,6.427466e-01,1.113694e+00,1.725318e+00
1.708497e+01,2.159869e+01,1.906589e-01,1.083868e+00,6.458764e-01,-1.826444e+00,2.219870e+00
2.004868e+01,3.228996e-01,1.559877e+00,7.663875e-02,-5.807407e-01,-1.702166e-01,6.100057e-01
1.618210e+01,2.209795e+01,2.376773e+01,-8.866090e-01,9.868749e-01,3.929195e-01,1.383612e+00
1.894972e+01,1.987940e+01,3.143462e-01,-1.602229e+00,-1.019675e+00,-5.925408e-01,1.989467e+00
1.964064e+01,2.065764e+01,2.129654e+01,-7.573367e-01,1.610786e-02,-7.010102e-01,1.032102e+00
2.136505e+01,2.137362e+01,2.213039e+01,-4.777616e-01,-3.291592e-01,3.175650e-01,6.613996e-01
6.320740e-01,2.029181e+01,2.350337e+01,-1.044930e+00,-1.436304e+00,-1.330752e-01,1.781167e+00
2.316342e+01,2.029051e+01,2.357938e+01,6.388704e-01,-9.340970e-01,-7.784573e-01,1.373568e+00
2.109792e+01,2.272053e+01,2.302088e+01,-4.144263e-01,-1.453650e+00,-1.038834e+00,1.834128e+00
2.134898e+01,2.032160e+01,2.149945e+01,3.015978e-01,-9.596957e-01,-5.382987e-02,1.007410e+00
5.517056e-01,1.002622e+00,2.132898e+01,-1.893307e+00,1.258409e+00,6.541295e-03,2.273378e+00
2.324212e+01,2.277597e+01,2.264033e+01,7.532426e-01,3.303238e-01,6.959626e-01,1.077428e+00
8.236354e-01,2.309876e+01,2.588810e-01,1.530010e+00,6.801372e-01,5.428757e-01,1.760179e+00
4.329458e+00,2.332154e+01,2.121910e+01,-2.758636e-01,-1.051626e+00,-8.577741e-02,1.090585e+00
5.080614e+00,2.122761e+01,3.029822e+00,2.458262e+00,-9.424834e-01,-8.948516e-01,2.780663e+00
2.505599e+00,2.110070e+01,1.425889e+00,1.674495e+00,-7.548644e-01,7.689869e-01,1.991255e+00
3.259988e+00,2.257108e+00,2.097502e+01,7.721259e-01,1.511990e+00,9.492654e-01,1.945095e+00
4.225501e+00,4.081432e+00,2.156677e+01,-1.228631e+00,-1.698582e+00,9.710624e-01,2.310341e+00
2.325729e+00,6.107689e-01,4.575596e-01,-1.535516e+00,5.426054e-01,-8.150428e-01,1.821133e+00
6.609967e-01,1.734688e-01,2.051088e+00,-3.960699e-01,2.856450e-01,6.886151e-01,8.441891e-01
6.083620e+00,2.140184e+01,1.046305e+00,1.075746e-01,-6.348853e-01,1.251370e-01,6.559808e-01
5.523374e+00,1.192330e+00,1.542215e+00,-2.395778e+00,6.251053e-01,-7.759084e-01,2.594715e+00
5.726389e+00,2.339313e+01,6.824412e-01,-9.117612e-01,-3.177951e-01,-1.183717e-01,9.727868e-01
3.521493e+00,2.287818e+01,1.157476e+00,-5.946236e-01,-4.606355e-01,4.208087e-01,8.618830e-01
4.496272e+00,4.953942e-01,2.119786e+01,1.689550e-01,-8.984019e-01,3.730398e-01,9.873350e-01
4.879618e+00,1.145112e+00,2.335583e+01,-9.626547e-01,-5.969475e-01,-6.789999e-01,1.320640e+00
5.441898e+00,2.290914e+01,2.238710e+01,-7.813473e-01,-3.601487e-01,-1.639737e+00,1.851742e+00
4.937886e+00,4.920971e+00,1.552310e+00,1.073779e+00,7.435594e-01,7.821701e-01,1.522391e+00
6.816729e+00,2.149573e+01,2.244803e+01,4.666199e-01,-8.280146e-01,-7.107865e-02,9.530973e-01
7.174791e+00,1.677624e+00,2.343612e+01,1.114537e+00,6.435758e-01,3.489828e-01,1.333481e+00
9.666199e+00,3.255121e-01,2.344135e+01,1.321702e+00,-4.544875e-01,7.422445e-01,1.582524e+00
5.231871e+00,5.084010e-01,2.531073e+00,2.038993e-01,-4.510734e-01,-1.509261e-01,5.175141e-01
1.115070e+01,1.578714e+00,2.333779e+01,-7.746119e-01,-2.899247e-01,-1.264090e+00,1.510630e+00
8.557709e+00,2.391154e+01,2.280012e+01,1.928579e+00,-1.064280e+00,6.279750e-01,2.290516e+00
1.020933e+01,2.099277e+00,2.216200e+01,-3.659115e-01,5.235070e-02,9.334599e-01,1.003982e+00
1.085248e+01,1.016555e+00,2.230990e+01,-3.643408e-01,2.569446e-02,3.837609e-01,5.297894e-01
9.300654e+00,2.133205e+01,2.060063e+01,-1.359657e-01,3.305102e-01,-3.028496e-03,3.573973e-01
1.236168e+01,2.087828e+01,2.354168e+01,-4.653093e-01,3.220783e-01,6.288188e-02,5.693868e-01
1.237072e+01,2.120847e+01,3.520917e+00,-1.046453e+00,2.419428e-01,3.337132e-01,1.124706e+00
1.242018e+01,2.369139e+01,9.726144e-02,2.356217e-01,-1.051241e+00,3.479767e-02,1.077885e+00
1.340011e+01,2.111837e+01,3.399846e-02,-1.383229e+00,-1.341293e+00,-1.886386e-01,1.935968e+00
1.244849e+01,2.206184e+01,1.611121e+00,9.039179e-01,-5.679228e-01,9.006722e-02,1.071315e+00
1.665453e+01,2.114723e+01,4.784026e+00,-9.611596e-02,1.648557e-01,9.092329e-01,9.290426e-01
1.174891e+01,2.149356e+01,2.184258e+01,-1.362745e+00,-4.414135e-01,1.302155e-01,1.438359e+00
1.433871e+01,2.312382e+01,2.322979e+01,-1.756173e+00,1.273075e+00,7.697360e-01,2.301599e+00
1.271289e+01,5.477152e-02,2.200970e+01,-4.827678e-02,7.958047e-01,-5.491163e-01,9.680725e-01
1.455215e+01,2.378429e+01,2.247554e+01,-7.884801e-01,-1.173448e-01,5.411827e-01,9.635089e-01
1.611503e+01,2.366647e+01,2.302618e+01,3.082710e-01,1.275823e-01,1.273676e+00,1.316647e+00
1.618629e+01,2.374787e+01,2.201452e+01,4.776427e-01,5.724871e-02,2.911825e-02,4.819417e-01
1.726646e+01,2.174545e+01,2.208028e+01,-3.170143e-01,-9.641183e-01,2.165573e+00,2.391596e+00
1.717163e+01,2.186618e+01,2.309407e+01,-2.504817e-01,-1.195262e+00,-5.303467e-01,1.331413e+00
1.419487e+01,2.238839e+01,1.713909e+00,-5.867831e-02,2.464193e-01,-8.106709e-02,2.659652e-01
1.950305e+01,1.930652e+01,2.336898e+01,-6.396000e-01,-1.060928e+00,1.117731e+00,1.668526e+00
1.520840e+01,2.354583e+01,2.364440e+01,1.185404e+00,-9.645952e-01,4.116472e-01,1.582744e+00
2.080011e+01,2.253304e+01,4.488894e+00,6.844703e-01,2.086564e+00,-1.068997e-01,2.198562e+00
1.604302e+01,2.299440e+01,1.416980e+00,5.655966e-01,1.439158e+00,-2.479077e-01,1.566056e+00
1.674800e+01,2.271040e+01,2.218743e+01,4.318569e-01,1.686273e+00,7.083573e-01,1.879305e+00
2.016222e+01,2.203782e+01,2.255920e+01,4.083825e-01,7.322932e-02,1.277333e+00,1.343026e+00
2.012180e+01,1.974170e+01,1.791573e-01,5.827377e-01,-2.038416e+00,-1.056197e-01,2.122705e+00
1.559594e+01,2.087840e+01,2.752503e+00,-2.848360e-01,6.794720e-01,-9.146038e-01,1.174442e+00
2.028516e+01,2.606063e-01,5.345239e-01,4.313812e-01,2.767474e-01,-1.904843e+00,1.972589e+00
2.056801e+01,2.038940e+01,2.091505e+01,4.299579e-01,-4.209496e-01,-8.221773e-01,1.018841e+00
2.155309e+01,1.853936e+01,5.129319e-01,7.993084e-01,-6.631229e-02,1.350145e-01,8.133388e-01
1.784029e+01,2.267756e+01,2.285818e+01,5.676325e-01,-6.281072e-01,2.121720e+00,2.284386e+00
7.764767e-01,2.057394e+01,1.630565e+00,7.227731e-01,-1.045557e+00,9.552134e-01,1.589976e+00
9.145483e-01,2.233543e+01,2.343992e+01,6.995146e-01,5.821821e-01,-3.268838e-01,9.670107e-01
1.775674e+00,2.129313e+01,4.335567e+00,2.098672e-01,7.702020e-01,2.915839e-02,7.988151e-01
2.193034e+01,9.065987e-01,1.262364e+00,7.158337e-01,-3.693617e-01,5.735312e-01,9.888296e-01
2.377078e+01,2.294796e+01,6.124814e-01,2.542972e-01,6.052006e-01,-3.269857e-01,7.333856e-01
1.653625e+00,3.265201e+00,1.405673e+00,1.557432e+00,2.353218e-01,-9.641569e-01,1.846773e+00
1.990615e+00,2.186136e+01,2.312562e+01,7.940121e-01,-3.232944e-01,4.728423e-01,9.790579e-01
9.419733e-01,2.180549e+01,4.011998e-01,8.101675e-01,7.561889e-01,-1.383562e+00,1.772692e+00
5.785193e+00,1.261660e+00,5.406976e-01,-9.256856e-01,-4.147454e-02,-4.204786e-01,1.017554e+00
3.397038e+00,2.039447e+00,2.299480e+01,5.069911e-01,-3.759682e-01,-2.332200e-01,6.728920e-01
2.337208e+01,1.309400e+00,4.617862e+00,-1.292061e+00,-5.014038e-01,3.084384e+00,3.381457e+00
1.718257e+00,2.269346e+01,2.386477e+01,6.130179e-02,6.560597e-01,-4.634561e-02,6.605454e-01
2.178724e-02,2.297575e+00,1.288962e+00,-5.363664e-01,7.588636e-02,1.860143e+00,1.937416e+00
4.521744e+00,1.369728e+00,2.024781e+00,-1.395307e+00,1.487803e-01,2.443785e-03,1.403219e+00
2.629777e+00,5.313190e-01,4.010247e+00,6.035246e-01,9.073444e-01,-1.066280e+00,1.524621e+00
2.226361e+00,2.295244e+00,3.295710e+00,-4.182489e-01,-1.678504e+00,9.091877e-01,1.954208e+00
8.168190e+00,2.028151e+00,2.615853e+00,1.714014e+00,8.155360e-01,-1.791052e+00,2.609753e+00
8.216650e+00,4.110053e+00,3.861914e+00,2.834117e-01,3.250738e-01,-4.000649e-01,5.882577e-01
5.963477e+00,1.468811e+00,4.031279e+00,-9.499017e-01,-1.377981e+00,2.681434e+00,3.160892e+00
6.532063e+00,2.664572e+00,2.864380e+00,1.253345e+00,-9.954324e-01,1.685610e+00,2.324444e+00
8.225501e+00,3.335366e+00,3.113539e+00,-8.708764e-01,3.048841e-01,5.442005e-01,1.071230e+00
1.034886e+01,2.590321e+00,2.611883e+00,-2.437057e-01,1.083957e+00,-4.963774e-01,1.216859e+00
9.660274e+00,6.710080e-01,3.846181e+00,-1.057095e+00,-1.265260e+00,9.146266e-01,1.885437e+00
1.091826e+01,3.591473e+00,2.680469e+00,1.207986e+00,4.799333e-01,-1.352300e+00,1.875708e+00
7.503823e+00,7.528915e-01,2.354823e+01,4.554176e-01,7.111407e-01,-2.058010e+00,2.224530e+00
1.278343e+01,2.384962e+01,1.297796e+00,1.573840e-01,-7.459643e-01,-3.742974e-01,8.493121e-01
9.856493e+00,2.032376e+00,4.987476e-01,1.412636e+00,1.138201e+00,-7.895572e-01,1.978495e+00
8.618899e+00,2.369911e+01,2.643699e+00,-5.956849e-02,5.932658e-01,-1.598771e+00,1.706335e+00
1.094166e+01,1.684983e+00,2.664172e+00,-8.850113e-01,8.516035e-02,-9.579955e-01,1.307001e+00
1.216603e+01,1.080964e+00,2.369778e+01,3.480039e-01,1.302106e+00,9.400770e-01,1.643269e+00
1.329997e+01,2.246482e+01,8.473679e-01,9.876038e-01,6.567014e-01,-8.799407e-01,1.476792e+00
9.691571e+00,3.875135e-01,2.724972e+00,-3.278975e-01,-5.723382e-01,-1.375431e+00,1.525418e+00
1.407773e+01,2.144373e+01,2.404113e+00,-4.046884e-01,-1.545738e+00,6.613520e-02,1.599204e+00
1.223074e+01,2.515259e-01,2.300730e+01,-1.290680e+00,4.261530e-01,1.118624e+00,1.760335e+00
1.185197e+01,1.885492e-01,2.928504e+00,1.032765e+00,-4.380631e-01,-1.576887e-02,1.121941e+00
1.177969e+01,6.631973e-01,1.994536e+00,-7.271625e-01,-2.204147e+00,3.244384e-01,2.343563e+00
1.265329e+01,1.384603e-01,2.310275e+00,1.261631e+00,2.100926e+00,-6.250197e-01,2.529082e+00
1.137409e+01,3.801385e+00,4.078102e+00,1.732047e-02,-2.029213e+00,4.013560e-01,2.068597e+00
9.708221e+00,3.121865e+00,4.645904e+00,-7.613772e-01,-5.680209e-01,-1.761792e-01,9.661170e-01
1.596004e+01,5.696864e-01,2.661324e+00,1.224309e-01,-7.170407e-01,1.643270e+00,1.797073e+00
1.784811e+01,2.014619e+01,2.287272e+01,1.180415e+00,4.707704e-01,-1.076577e-01,1.275380e+00
1.644185e+01,2.368657e+01,2.071163e+00,3.937003e-01,1.053073e+00,8.735108e-01,1.423722e+00
1.440556e+01,3.238732e+00,8.276651e-01,9.563346e-01,-9.828295e-01,-1.902368e-01,1.384457e+00
1.149359e+01,2.693861e+00,2.400832e+00,8.133896e-02,1.392186e+00,5.108281e-01,1.485174e+00
1.623035e+01,4.215824e+00,2.335221e-01,-2.559973e-01,1.500114e-01,7.226369e-01,7.811800e-01
1.518845e+01,2.203869e+01,2.436083e+00,9.700266e-01,-1.371732e-01,7.121699e-01,1.211179e+00
1.949444e+01,2.247292e+00,5.214713e+00,5.613297e-01,4.811875e-01,-4.627362e-02,7.407926e-01
1.834814e+01,2.276595e+00,2.375718e+01,1.028631e+00,2.292116e-01,-1.201742e-02,1.053928e+00
2.369599e+01,2.034936e-02,3.459993e+00,2.669585e-01,8.701511e-01,8.252679e-01,1.228616e+00
2.008204e+01,2.251387e+01,2.406564e+00,-8.070211e-01,1.252170e+00,-3.935458e-01,1.540809e+00
1.934813e+01,2.375341e+01,2.175003e+00,1.595448e+00,-2.980722e-01,8.669267e-01,1.840072e+00
2.044888e+01,1.060448e+00,4.708326e+00,8.094057e-01,-6.023781e-01,-2.501852e+00,2.697640e+00
1.938391e+01,2.208956e+01,3.515925e+00,3.492439e-01,-4.560934e-01,-7.720964e-01,9.623541e-01
2.063795e+01,2.328961e+01,2.038975e+00,3.341059e-01,5.054487e-01,1.283500e+00,1.419323e+00
2.157352e+01,2.387980e+01,2.889177e+00,-6.376959e-01,6.610022e-01,1.737429e+00,1.965259e+00
5.807925e-02,2.163542e+01,3.528411e+00,-1.253523e-02,1.443087e+00,-7.766467e-02,1.445230e+00
2.045126e+01,1.304374e+00,1.864567e+00,1.095625e+00,7.662171e-01,8.926405e-01,1.607572e+00
2.187216e+01,1.171797e+00,2.741175e-01,1.130946e+00,9.460811e-02,6.760864e-01,1.321015e+00
6.210479e-01,7.725095e-02,3.893190e+00,-1.417581e+00,-3.630494e-02,-1.502436e+00,2.065955e+00
2.094220e+01,2.356136e+01,3.717477e+00,9.959034e-01,1.340390e+00,4.140474e-01,1.720437e+00
1.003422e+00,2.125346e+00,1.032308e+00,3.572434e-01,-1.675022e-01,7.700733e-01,8.652703e-01
2.778982e+00,2.136191e+01,2.434655e+00,-6.674291e-01,-2.448803e-01,-4.111465e-01,8.212609e-01
1.684643e-02,2.055158e+00,2.756567e+00,-1.056129e-01,7.876528e-01,4.503135e-01,9.134185e-01
3.966967e-01,2.299699e+01,4.429716e+00,1.400075e+00,1.944661e-01,-1.496139e+00,2.058266e+00
4.454658e-01,1.374221e+00,2.051276e+00,7.523838e-01,9.509187e-01,9.765622e-01,1.556920e+00
6.445590e+00,5.190988e+00,2.174811e+01,1.133084e+00,1.185924e+00,1.162271e+00,2.010266e+00
1.172480e+00,2.024476e+00,3.395925e+00,6.040717e-01,-3.484790e-01,7.511605e-01,1.024979e+00
2.016740e+00,6.617377e+00,1.423354e+00,1.367796e-01,-8.741370e-01,-1.236331e+00,1.520308e+00
1.521576e+00,4.302455e+00,1.118446e+00,-3.244825e-01,4.308468e-01,-5.590656e-01,7.768347e-01
7.626343e+00,2.785817e+00,3.651377e-01,-8.192516e-01,-1.609119e-01,5.940650e-01,1.024685e+00
3.627229e+00,2.131394e+00,1.653989e+00,-2.582717e-02,3.192009e-01,1.484415e+00,1.518567e+00
4.234307e+00,2.792242e+00,2.309705e+01,-2.414756e-01,-1.787288e+00,-4.732487e-01,1.864584e+00
7.369858e+00,1.745645e+00,6.713060e-01,-1.127890e+00,4.307861e-01,8.320423e-01,1.466290e+00
3.974267e+00,4.166958e+00,1.054762e+00,-1.650352e-01,2.230945e-01,3.031759e-01,4.110029e-01
6.139309e+00,2.488476e+00,2.292000e+01,-1.890770e+00,7.340201e-03,4.802497e-02,1.891394e+00
6.716389e+00,3.605197e+00,2.126166e+01,-1.156044e-01,1.237034e+00,1.444141e+00,1.905035e+00
8.209460e+00,5.197058e+00,2.275313e+01,-1.338263e+00,7.692477e-02,5.322871e-01,1.442288e+00
8.142407e+00,2.825249e+00,2.111554e+01,-4.160719e-01,2.240675e+00,-2.936431e-01,2.297818e+00
1.205007e+01,9.706328e-01,1.010181e+00,-1.493901e+00,-7.402215e-01,8.041282e-01,1.851024e+00
6.349728e+00,4.342223e+00,4.033112e+00,-1.093558e+00,-3.396665e-01,-3.594513e-01,1.200187e+00
1.300968e+01,2.302511e+00,1.384036e+00,-3.164322e-01,-1.536610e+00,-1.615502e-01,1.577149e+00
8.580768e+00,3.413603e+00,2.355177e+01,2.949377e-01,-1.166148e+00,3.127303e-01,1.242855e+00
9.158312e+00,2.203839e+00,2.776815e+00,1.908448e-01,5.013920e-01,3.444934e-01,6.375668e-01
8.152147e+00,5.007791e+00,2.342903e+00,-1.508282e+00,-6.088875e-01,9.542048e-02,1.629345e+00
1.075055e+01,2.572811e+00,2.056390e+01,-6.180608e-01,1.186511e+00,2.382029e-01,1.358877e+00
8.808975e+00,5.158294e+00,3.229784e+00,-8.067812e-01,4.679881e-01,-7.922396e-01,1.223745e+00
1.210806e+01,2.176507e+00,3.016311e+00,-2.009372e-01,-3.554559e-01,-6.330263e-01,7.532907e-01
9.633546e+00,2.686470e+00,2.358477e+01,-1.449965e+00,-9.286025e-01,-3.804291e-01,1.763357e+00
1.132198e+01,2.937289e+00,2.171582e+01,9.820701e-01,-1.862051e+00,-6.057426e-01,2.190575e+00
1.270752e+01,1.621231e+00,4.690769e-01,-7.739238e-01,-7.861601e-01,1.772178e-01,1.117324e+00
9.642682e+00,5.545229e+00,2.524289e+00,-3.471821e-01,1.313856e+00,1.216236e+00,1.823727e+00
1.092943e+01,1.425238e+00,5.871956e+00,-6.679598e-01,-1.184775e+00,-5.313485e-02,1.361134e+00
1.199467e+01,1.866067e+00,2.055177e+00,-8.570567e-01,1.164546e+00,-7.312420e-01,1.620317e+00
1.372527e+01,1.661587e+00,2.173261e+01,-4.645767e-01,-1.345024e-01,1.444833e+00,1.523635e+00
1.126792e+01,2.627880e+00,2.276478e+01,2.114415e-01,-3.885370e-01,2.667017e-01,5.165253e-01
8.525684e+00,8.599038e+00,2.366105e+01,-1.297644e+00,-6.939911e-02,-4.434648e-01,1.373083e+00
1.080563e+01,2.213564e+00,1.600991e+00,-8.768678e-01,-3.762713e-01,-1.103977e+00,1.459193e+00
1.910263e+01,1.970489e+00,1.629280e+00,1.796739e+00,-2.149517e-01,-5.501606e-01,1.891336e+00
1.559396e+01,2.302610e+01,2.400993e+00,5.705206e-01,7.304100e-02,-3.314238e-01,6.638302e-01
1.452522e+01,1.239995e+00,3.221986e+00,-6.677198e-01,-3.967130e-01,-1.088032e+00,1.336804e+00
1.655961e+01,2.227974e+00,2.345921e+00,-8.372135e-01,6.522283e-01,-1.834748e+00,2.119582e+00
1.931332e+01,4.079655e+00,1.233788e+00,2.462611e+00,3.085462e-01,-1.018530e+00,2.682733e+00
1.829619e+01,4.955689e+00,7.570860e-01,-9.760736e-02,-4.340408e-01,6.944985e-01,8.247707e-01
2.131079e+01,3.128715e+00,2.458941e+00,-1.942692e+00,-3.655001e-02,4.836049e-01,2.002314e+00
2.261409e+01,5.352656e-01,4.199705e+00,-1.173450e+00,-4.799873e-01,-3.443218e-01,1.313746e+00
2.190649e+01,1.044431e+00,2.395843e+00,3.165538e-01,6.040634e-01,3.262030e-01,7.559810e-01
1.803019e+01,2.270984e+01,2.557928e+00,-1.718664e+00,-1.231325e+00,-1.386859e+00,2.528507e+00
2.029086e+01,2.384576e+01,3.015580e+00,-1.325501e+00,1.116892e+00,-2.126344e+00,2.743308e+00
1.942575e+01,1.581761e+00,2.351370e+01,5.907205e-01,1.016873e+00,-8.048266e-01,1.425036e+00
2.227177e+01,4.873260e+00,3.591870e+00,-7.511984e-01,-1.018714e+00,2.012933e+00,2.377809e+00
2.248455e+01,1.183195e+00,5.193460e+00,-4.234843e-01,-2.335059e-02,8.352282e-01,9.367445e-01
2.032992e+01,9.861637e-01,2.337791e+01,5.194185e-01,-4.509370e-01,-1.692581e+00,1.827012e+00
8.937227e-01,5.514462e+00,2.239053e+01,8.372401e-01,-1.659143e-01,-1.712653e+00,1.913551e+00
2.273295e+01,1.668304e+00,2.925847e+00,2.966910e-01,-2.276598e+00,-7.883350e-01,2.427426e+00
9.950419e-01,3.542376e+00,5.797029e-01,-5.693648e-01,-8.776575e-01,-1.481654e+00,1.813769e+00
2.116446e+01,1.856018e+00,2.351112e+00,7.957606e-01,-5.657439e-02,-2.491656e+00,2.616254e+00
3.835351e+00,4.909980e+00,2.274294e+01,-1.920536e+00,4.413927e-01,-2.847670e-01,1.991075e+00
2.255898e+01,2.713215e+00,2.555228e+00,-9.257877e-01,3.745737e-01,3.598708e-02,9.993415e-01
2.855599e+00,6.236808e+00,2.319344e+01,8.728255e-01,8.994090e-01,1.443398e+00,1.911585e+00
2.548293e+00,4.231997e+00,2.081675e+00,-8.796258e-01,-1.316211e+00,-8.120224e-01,1.779194e+00
3.264765e+00,1.421631e+00,1.336433e-01,-6.064989e-01,-1.199445e+00,5.084376e-01,1.437017e+00
7.060155e+00,6.132851e+00,5.173583e+00,3.834473e-01,-3.330353e+00,-2.163414e-01,3.359328e+00
1.938674e+00,5.417580e+00,8.790136e-01,3.561029e-01,7.888907e-01,2.460279e-01,8.998264e-01
8.401312e-02,4.630138e+00,5.242380e+00,5.414666e-01,-7.078326e-02,-1.418911e+00,1.520363e+00
3.794885e+00,3.099387e+00,2.088524e+01,1.091527e+00,-1.010916e+00,-3.103921e-01,1.519778e+00
2.112199e+00,2.596935e+00,8.175476e-01,1.151957e+00,2.675557e-02,-2.662714e-01,1.182633e+00
4.048096e+00,7.738398e+00,3.406139e-01,-2.657135e-01,-4.852784e-02,-7.360848e-01,7.840787e-01
3.214989e+00,8.580132e+00,2.141870e+00,-3.707469e-01,-2.405021e+00,5.637359e-01,2.497875e+00
3.969391e+00,5.836642e+00,2.149814e+00,-4.472181e-01,5.972623e-01,2.288051e-01,7.804345e-01
4.837165e+00,4.780492e+00,2.332042e+01,-3.696548e-01,-6.305656e-01,1.337000e+00,1.523754e+00
8.851974e+00,6.320556e+00,8.046095e-01,-6.235341e-01,-1.041546e+00,2.341768e-01,1.236305e+00
1.046654e+01,7.553692e+00,3.354771e+00,-6.789817e-02,-6.516128e-01,1.161913e+00,1.333886e+00
7.668449e+00,7.073873e+00,3.132194e+00,-1.400295e+00,-7.781833e-02,-4.522617e-01,1.473575e+00
8.605260e+00,7.259535e+00,3.565209e+00,8.192877e-02,6.459440e-01,1.087881e-01,6.601446e-01
8.210426e+00,3.735246e+00,1.238678e+00,-1.701046e-01,-1.744980e+00,1.211402e+00,2.131053e+00
6.031780e+00,6.659926e+00,4.468567e+00,-8.559837e-02,-1.470959e+00,-4.620933e-01,1.544208e+00
6.925897e+00,3.856188e+00,2.707354e+00,-2.125131e-01,-7.285481e-01,-3.918482e-01,8.541014e-01
8.430219e+00,4.996001e+00,2.160741e+01,3.049080e-01,-1.944637e-01,5.349001e-01,6.456804e-01
8.202396e+00,4.289334e+00,2.311382e-01,6.898041e-02,1.349353e-01,-2.528899e-01,2.948205e-01
9.402760e+00,7.878845e+00,2.765759e+00,-1.455773e+00,-1.607325e+00,7.803496e-01,2.304716e+00
7.531102e+00,4.243633e+00,1.801630e+00,4.137931e-01,7.699402e-01,2.950203e-01,9.225344e-01
1.099476e+01,4.903352e+00,3.871832e+00,-3.643415e-01,-1.450567e+00,5.890923e-01,1.607457e+00
1.017193e+01,5.193783e+00,3.421347e+00,8.351730e-02,-2.499495e-01,1.013400e+00,1.047105e+00
7.783029e+00,3.891481e+00,2.313163e+01,-4.840906e-02,-2.046142e-01,-7.625344e-01,7.909925e-01
1.057677e+01,4.829126e+00,4.704616e-01,1.175049e+00,-1.166716e-01,-8.645725e-01,1.463502e+00
1.003184e+01,4.547529e+00,1.658846e+00,7.299540e-01,-1.461599e+00,4.855199e-01,1.704358e+00
9.961082e+00,6.233697e+00,5.022098e+00,-5.470290e-01,7.460902e-01,-2.201376e-01,9.509742e-01
8.985343e+00,2.453646e+00,4.651964e+00,-6.390167e-02,5.716193e-01,-1.387598e+00,1.502085e+00
9.301758e+00,6.584517e+00,1.867853e+00,2.294336e-01,7.820208e-01,5.579307e-01,9.876654e-01
1.456901e+01,1.551962e+00,2.342881e+01,1.481245e+00,7.520239e-01,1.435187e+00,2.195311e+00
1.352394e+01,1.845383e+00,2.346014e+00,5.959171e-01,-8.828667e-01,-1.640398e-01,1.077720e+00
1.428900e+01,4.202849e+00,6.525923e+00,5.577836e-01,-5.267357e-01,-3.131061e-01,8.286184e-01
1.441166e+01,3.426049e+00,3.035406e+00,-1.211844e+00,1.119913e+00,-1.120008e+00,1.994288e+00
1.464844e+01,4.238023e+00,1.085891e+00,2.386794e+00,-5.181103e-01,-1.000171e+00,2.639235e+00
1.761110e+01,2.287923e+00,5.093717e+00,-7.930175e-01,9.648485e-02,-1.456420e+00,1.661128e+00
1.428958e+01,1.090215e+00,1.885843e+00,-1.943022e+00,5.103363e-01,-1.213876e+00,2.347184e+00
1.884236e+01,3.932154e+00,2.421330e+00,-8.735586e-01,1.366334e+00,-2.202617e-01,1.636609e+00
1.685803e+01,3.086597e+00,1.272525e+00,2.019336e-01,1.152352e+00,-1.264419e+00,1.722628e+00
1.982350e+01,4.718449e+00,1.738044e+00,1.071301e+00,2.871194e-02,1.075929e-01,1.077073e+00
1.714696e+01,6.846404e+00,3.753537e+00,8.970107e-01,-5.591719e-01,7.569514e-01,1.300106e+00
1.930439e+01,5.206417e+00,9.382491e-01,-3.737315e-02,-1.696001e+00,-2.427106e-01,1.713688e+00
2.121583e+01,1.857551e+00,1.279962e+00,-6.098330e-01,1.263059e+00,6.137262e-01,1.530972e+00
1.778322e+01,2.033741e+00,3.343957e+00,8.437517e-01,1.308459e+00,1.120328e-01,1.560940e+00
1.786570e+01,3.980407e+00,1.891020e+00,-1.789329e+00,2.096597e-01,-3.814714e-01,1.841515e+00
2.188660e+01,3.461772e+00,3.399708e+00,3.311886e-01,7.998507e-01,1.959151e-01,8.875978e-01
2.246037e+01,7.235609e+00,3.398013e+00,-1.065572e+00,-6.553365e-01,-7.046247e-01,1.435759e+00
2.347788e+01,2.113745e+00,3.867040e+00,1.262044e-01,1.084826e+00,-1.242641e+00,1.654368e+00
1.896987e+01,4.354798e+00,8.228541e-02,1.597760e+00,1.018151e+00,-3.869610e-01,1.933702e+00
8.557062e-01,1.153976e+00,4.167333e+00,1.293901e+00,2.718394e-01,4.503879e-01,1.396755e+00
8.382571e-01,2.662579e+00,1.982195e+00,-4.564439e-01,8.495282e-01,2.142885e+00,2.349893e+00
2.167061e+01,2.661686e+00,2.318045e+01,-3.412698e-01,7.040848e-01,-1.395953e-01,7.947876e-01
2.229638e+01,4.823916e+00,4.631271e+00,3.618314e-01,1.612314e+00,4.339505e-02,1.652986e+00
2.295210e+01,4.187773e+00,1.412917e+00,1.027267e+00,1.672280e-01,-7.549578e-01,1.285770e+00
2.119894e+00,7.121140e+00,2.347876e+01,-2.117964e-01,-7.122454e-01,5.697130e-01,9.363355e-01
2.298957e+01,3.511499e+00,4.137692e+00,-4.747266e-02,-1.162274e-01,-2.709788e-01,2.986503e-01
7.842957e-02,4.193874e+00,3.016890e+00,2.930122e-01,1.830614e-01,-2.378158e+00,2.403124e+00
1.293149e+00,6.810010e+00,2.308497e+00,-3.879106e-01,-5.153721e-01,5.703169e-01,8.610135e-01
4.868298e+00,7.924865e+00,4.368409e+00,8.727704e-01,-7.885096e-01,4.065015e-01,1.244475e+00
4.976855e+00,5.069378e+00,3.733396e+00,-2.239263e+00,-7.500934e-01,-2.620588e-01,2.376050e+00
8.115072e-01,6.393595e+00,1.071698e-01,-1.730261e+00,-4.717671e-01,-1.157421e-01,1.797154e+00
5.318543e+00,5.729175e+00,2.371303e+01,-2.768405e-01,-1.571099e-02,1.175443e+00,1.207706e+00
2.359683e+00,8.792554e+00,4.170071e+00,4.609172e-01,-1.155477e-01,-1.758889e+00,1.821946e+00
4.254813e+00,7.692252e+00,1.652966e+00,-7.306329e-02,-1.614295e+00,1.242869e+00,2.038630e+00
7.626401e-01,6.248878e+00,5.278845e+00,-5.092833e-02,-2.051361e-01,8.029080e-01,8.302625e-01
6.356049e+00,5.839496e+00,8.926518e-01,-1.301795e+00,-6.123079e-01,9.270162e-01,1.711417e+00
7.641812e+00,5.820707e+00,1.460933e+00,-1.073697e+00,-8.475505e-01,-1.636348e+00,2.132792e+00
3.945373e+00,6.535745e+00,5.735191e-01,4.842805e-01,-1.302362e-01,8.238208e-01,9.644530e-01
4.004914e+00,8.559138e+00,3.226476e+00,-9.865785e-02,8.635977e-01,-8.580530e-01,1.221388e+00
6.382476e+00,4.241634e+00,2.236362e+01,-3.582322e-01,1.085336e+00,-7.902875e-02,1.145657e+00
8.176177e+00,6.658956e+00,1.620894e+00,2.322742e-01,4.507852e-01,-6.600080e-01,8.323276e-01
6.772004e+00,8.443136e+00,4.479229e+00,1.312330e-02,-1.794562e+00,-1.802336e+00,2.543431e+00
7.017423e+00,9.436280e+00,4.337414e+00,1.190502e+00,3.988953e-01,3.818110e-01,1.312323e+00
7.111514e+00,7.966480e+00,3.368612e+00,-5.122859e-02,9.300304e-01,7.160073e-01,1.174839e+00
6.610215e+00,8.716022e+00,1.206496e+00,-1.044089e+00,2.132626e-01,-7.545434e-01,1.305733e+00
5.164383e+00,6.382651e+00,5.918295e-01,-6.241499e-01,-1.209306e+00,5.162848e-01,1.455518e+00
9.311535e+00,8.811320e+00,5.612197e+00,-1.161371e+00,9.226904e-01,-1.111106e+00,1.853294e+00
9.033971e+00,6.893128e+00,2.261895e+01,1.209752e-02,9.995145e-01,-1.945563e+00,2.187325e+00
7.779821e+00,5.296944e+00,3.300790e+00,6.506451e-02,-7.701211e-01,-2.487377e+00,2.604681e+00
8.820123e+00,8.256484e+00,4.164818e+00,1.532940e+00,-1.547988e-01,-9.419702e-01,1.805872e+00
1.010626e+01,6.445587e+00,3.737341e+00,4.132363e-01,2.197411e-01,-9.565641e-01,1.064925e+00
1.309300e+01,5.413548e+00,4.966835e+00,-9.722755e-01,2.090568e+00,-6.852831e-01,2.405287e+00
1.299091e+01,6.432300e+00,3.264997e+00,-7.852482e-01,7.040205e-01,-9.846147e-03,1.054683e+00
1.485056e+01,2.891713e+00,5.896669e+00,-1.423028e+00,3.433720e-01,-1.405863e+00,2.029621e+00
9.969768e+00,7.280946e+00,4.681591e+00,-1.744815e+00,-8.919508e-01,-7.284404e-01,2.090594e+00
1.164483e+01,4.418387e+00,3.012322e+00,2.314086e-01,-4.594101e-01,-1.397953e+00,1.489590e+00
1.593380e+01,3.742394e+00,1.154558e+00,-1.952894e+00,-7.080721e-01,-1.378298e+00,2.492963e+00
1.268486e+01,7.737548e+00,5.912172e+00,-7.163254e-01,7.575550e-01,-7.779409e-01,1.300847e+00
1.213322e+01,3.403389e+00,3.022312e+00,1.938444e-01,-2.515499e+00,-1.539829e+00,2.955737e+00
1.321835e+01,3.667455e+00,6.298953e-01,1.766079e-01,9.070919e-01,6.297071e-01,1.118274e+00
1.742905e+01,3.825066e+00,6.535410e+00,1.762217e+00,-4.235743e-01,7.049029e-01,1.944662e+00
1.821590e+01,2.939331e+00,2.873789e+00,-7.329480e-01,-5.111543e-01,2.028737e+00,2.216814e+00
1.545574e+01,3.599675e+00,2.850035e+00,2.230827e+00,2.684054e-01,-1.048760e+00,2.479622e+00
1.552010e+01,1.731645e+00,2.673319e+00,-1.414461e+00,9.821238e-01,2.232538e+00,2.819485e+00
1.945440e+01,5.827244e+00,2.267737e+01,2.022580e+00,-6.596467e-01,-6.781429e-01,2.232900e+00
1.713612e+01,8.021306e+00,8.443963e-01,-1.104247e+00,1.637144e+00,2.652120e-01,1.992471e+00
1.602746e+01,8.584008e+00,4.097993e+00,-5.690879e-01,-2.000300e-01,7.563358e-01,9.674280e-01
2.388626e+01,4.456384e+00,6.546344e-01,-4.040109e-01,-9.169509e-01,4.353227e-01,1.092488e+00
1.961931e+01,3.039294e+00,1.326648e+00,1.320561e+00,-1.639483e-01,-6.942580e-01,1.500918e+00
1.932058e+01,6.711115e+00,3.634571e+00,-6.504195e-01,1.158259e-02,-1.458566e+00,1.597058e+00
1.686563e+01,7.226955e+00,2.429150e+00,-8.170853e-01,7.233929e-01,-3.733251e-01,1.153385e+00
2.160192e+01,4.335503e+00,1.578342e-01,-3.726723e-01,-7.068608e-01,-7.501629e-01,1.096030e+00
2.272209e+01,5.510939e+00,6.637041e-02,-1.110764e+00,8.629925e-01,1.250421e+00,1.882048e+00
2.352198e+01,7.747023e+00,3.514080e+00,1.451561e+00,-4.902395e-01,-7.368230e-02,1.533882e+00
1.935155e+01,5.685614e+00,2.347955e+00,-4.532009e-01,1.265936e+00,9.520286e-02,1.347979e+00
2.390444e+01,5.651405e+00,1.496156e+00,1.403245e+00,3.734697e-01,2.874443e-01,1.480270e+00
1.982625e+01,3.675201e+00,2.246000e+00,-3.609786e-01,-1.697791e+00,-1.125231e+00,2.068561e+00
2.256582e+01,3.103745e+00,5.583070e+00,1.036901e+00,9.960410e-01,-1.327626e+00,1.957001e+00
1.945230e+01,4.835866e+00,2.981001e+00,-8.025275e-01,5.532270e-01,-1.155463e+00,1.511690e+00
2.355668e+01,4.844224e+00,2.067922e+00,3.422818e-01,-1.087677e+00,-3.259015e-01,1.185922e+00
2.385891e+01,6.174748e+00,2.391036e+00,-9.005779e-01,5.592691e-02,-4.097895e-02,9.032429e-01
2.309497e+01,6.184968e+00,8.994005e-01,1.605285e+00,1.470874e+00,9.909823e-01,2.392166e+00
2.192249e+01,9.674548e+00,5.798468e+00,-6.740280e-02,3.075107e-01,1.000710e+00,1.049060e+00
2.306151e+01,4.228174e+00,4.892662e+00,9.253175e-01,4.167133e-01,8.084123e-01,1.297456e+00
1.125542e+00,1.109512e+01,2.371628e+01,-2.998378e-01,-5.007663e-01,1.604838e+00,1.707681e+00
4.283583e+00,8.876569e+00,2.218768e+00,-7.562435e-01,1.154003e+00,-1.763531e+00,2.239123e+00
2.333503e+01,4.761407e+00,3.856638e+00,-2.806815e-01,-1.092049e+00,-1.147196e+00,1.608543e+00
2.170359e+00,5.301440e+00,2.871018e+00,-3.539376e-01,9.313162e-01,3.122278e-01,1.044082e+00
7.130799e+00,9.232448e+00,2.335076e+00,-8.214042e-01,-1.009754e+00,-1.902292e-02,1.301795e+00
1.305477e+00,6.138123e+00,4.354322e+00,-2.550188e+00,-4.484855e-01,1.061098e+00,2.798308e+00
6.120779e+00,7.888298e+00,1.693612e+00,-3.722329e-01,1.040210e+00,6.307794e-01,1.272194e+00
6.061437e+00,6.940397e+00,1.165830e+00,-1.304385e+00,1.418854e+00,9.296509e-01,2.139818e+00
6.134308e+00,9.720618e+00,1.145818e+00,1.698255e+00,1.947230e+00,-1.937518e+00,3.229512e+00
6.443239e+00,6.991715e+00,5.419476e+00,-1.006169e+00,-1.309343e+00,-9.199665e-01,1.890263e+00
5.965585e+00,9.804785e+00,4.316967e+00,-3.655367e-01,-2.505231e-01,-7.279460e-02,4.490857e-01
7.551312e+00,1.118377e+01,3.139913e+00,-1.325238e+00,-1.008597e-01,6.908170e-01,1.497884e+00
7.046406e+00,1.051776e+01,2.304516e+01,9.528698e-01,-7.757036e-01,5.027029e-01,1.327549e+00
1.141720e+01,7.918528e+00,5.325426e+00,-3.167949e-01,-8.809671e-01,-1.244675e+00,1.557459e+00
7.536708e+00,8.745994e+00,5.061557e+00,-5.614109e-01,-3.030409e-01,-4.172877e-01,7.623286e-01
6.783237e+00,9.882714e+00,3.197487e-01,8.768080e-02,5.323722e-01,4.497692e-01,7.024247e-01
7.725076e+00,7.845089e+00,2.383679e+01,-1.443466e+00,-5.290264e-01,-1.244027e+00,1.977642e+00
8.879017e+00,8.738309e+00,3.214518e+00,1.016910e+00,1.242683e-01,2.044164e+00,2.286516e+00
9.240955e+00,1.143742e+01,2.345968e+01,-1.222457e-01,-5.160260e-01,1.262072e+00,1.368960e+00
1.081849e+01,8.160653e+00,4.506433e+00,1.169983e+00,-3.249663e-01,-2.445263e-01,1.238651e+00
1.123990e+01,9.180654e+00,6.343146e+00,-2.654765e-01,2.416166e-01,5.244186e-01,6.355087e-01
1.000399e+01,8.497783e+00,3.513216e+00,-1.361178e+00,-2.864810e-01,5.743808e-01,1.504922e+00
8.868005e+00,7.476014e+00,1.074328e+00,1.118505e+00,1.443351e+00,4.815150e-01,1.888431e+00
1.166325e+01,4.284076e+00,6.540848e+00,-1.082624e+00,-1.007201e+00,-6.557992e-01,1.617592e+00
1.224577e+01,7.092680e+00,2.708021e+00,1.916679e+00,-8.242536e-01,1.407856e+00,2.516964e+00
9.756109e+00,7.480647e+00,1.734940e+00,1.264795e+00,1.313220e+00,-6.935537e-01,1.950710e+00
1.030940e+01,6.339125e+00,1.719770e+00,-6.626311e-01,-4.282192e-01,-8.641969e-01,1.170166e+00
1.365203e+01,2.556501e+00,4.074449e-01,6.228252e-01,-8.793955e-01,2.627132e-01,1.109173e+00
1.620725e+01,6.279217e+00,5.683658e+00,-4.172723e-01,-2.276868e-01,2.352321e+00,2.399869e+00
1.601951e+01,7.382038e+00,3.383108e+00,3.422988e-01,-2.564468e-02,-7.690571e-01,8.421847e-01
1.281989e+01,7.928187e+00,3.160733e+00,7.400073e-01,1.291497e+00,2.022058e+00,2.510835e+00
1.708947e+01,4.894649e+00,4.998093e+00,-2.418784e-01,1.387434e+00,1.220699e+00,1.863755e+00
1.619781e+01,7.115697e+00,4.783395e+00,3.343196e-01,1.717549e-01,8.927877e-01,9.686791e-01
1.863856e+01,3.100023e+00,1.806672e+00,-1.300614e+00,1.150047e+00,-1.115243e+00,2.063485e+00
1.520030e+01,7.999498e+00,3.975449e+00,1.690643e-01,-1.432425e+00,8.539342e-01,1.676195e+00
1.595860e+01,6.142938e+00,3.955490e+00,-7.936515e-01,1.431428e+00,-3.416611e-01,1.672005e+00
1.632470e+01,1.021099e+01,1.565792e+00,-4.728492e-01,-4.134719e-01,-2.973851e-01,6.949699e-01
1.751976e+01,1.032939e+01,3.193012e+00,-1.167646e+00,-1.798450e+00,-1.041369e+00,2.383751e+00
1.412831e+01,5.065879e+00,4.531863e+00,-6.818298e-01,1.047595e+00,-8.909359e-01,1.534964e+00
2.076456e+01,4.905021e+00,9.221046e-01,6.949297e-01,-1.105075e+00,-1.229655e+00,1.793368e+00
1.935263e+01,7.137317e+00,5.099971e-01,8.032870e-04,-6.744760e-01,-5.234176e-01,8.537473e-01
1.963434e+01,3.847307e+00,2.323594e+01,1.326762e+00,-2.229515e+00,1.034520e+00,2.793075e+00
1.473865e+01,8.575763e+00,3.300348e+00,-4.109288e-01,-8.822849e-01,-1.644766e+00,1.911163e+00
1.880004e+01,3.313924e+00,2.380807e+01,9.305733e-01,2.382334e+00,-2.063526e-01,2.565943e+00
2.283869e+01,6.659866e+00,1.782448e+00,-1.247674e+00,3.470815e-01,-4.864119e-02,1.295963e+00
1.858194e+01,6.458019e+00,2.195532e+00,6.945273e-01,-1.903065e-01,-5.064820e-01,8.804026e-01
2.296453e+01,9.497514e+00,1.315701e+00,-5.075432e-01,1.564795e+00,8.439085e-01,1.848882e+00
2.242795e+01,8.527840e+00,9.705884e-01,1.162984e+00,-2.369083e-01,1.332755e+00,1.784627e+00
1.313711e+00,8.737392e+00,2.307730e+01,-1.020838e+00,-1.451598e-01,-5.197233e-01,1.154683e+00
2.207228e+01,8.465099e+00,3.602084e+00,-1.451912e+00,-5.501208e-01,1.777930e+00,2.360448e+00
2.288499e+01,9.107880e+00,2.315460e+01,5.665669e-01,-5.069633e-01,-1.078346e-02,7.603460e-01
3.802407e+00,9.480368e+00,2.343454e+01,-1.052659e+00,5.916511e-02,1.003951e-01,1.059089e+00
2.382403e+00,1.239562e+01,2.708125e+00,3.878133e-01,1.510916e+00,-1.990703e-01,1.572544e+00
6.283117e-01,8.686591e+00,2.647547e+00,-4.775557e-01,-2.137907e+00,6.463026e-01,2.283947e+00
2.054716e+01,7.699122e+00,8.932421e-01,5.881036e-02,1.691636e-01,1.897458e-01,2.609185e-01
4.332888e+00,8.635379e+00,1.179335e+00,9.780876e-01,-4.422535e-01,-9.086053e-01,1.406345e+00
5.924213e-01,8.098021e+00,1.654184e+00,6.265394e-01,-2.177316e-01,2.284320e-01,7.015269e-01
3.235017e+00,6.496720e+00,1.753966e+00,-2.068138e+00,1.001880e-01,-1.072690e+00,2.331930e+00
2.237712e+00,7.541356e+00,2.005750e+00,-2.473891e-01,-3.968584e-01,-1.170442e+00,1.260409e+00
2.477891e+00,1.208360e+01,4.189762e+00,2.949935e-01,-4.129293e-01,9.786918e-01,1.102438e+00
1.582885e+00,1.328130e+01,2.241688e+01,4.947115e-01,3.448019e-01,-1.988324e+00,2.077753e+00
4.865591e+00,9.016945e+00,7.614690e+00,-7.703789e-02,8.868875e-01,-7.250004e-01,1.148098e+00
4.118712e+00,1.195594e+01,1.473304e+00,1.293739e+00,1.207845e-02,3.110015e-01,1.330650e+00
4.508027e+00,8.940495e+00,2.271573e+01,8.640525e-01,-7.242848e-01,1.691348e+00,2.032691e+00
8.120432e+00,9.316333e+00,4.307332e+00,2.135216e-01,4.351455e-01,-2.187127e-01,5.317691e-01
4.261640e+00,6.099776e+00,4.313324e+00,6.819251e-02,-1.724209e-02,1.296783e-01,1.475261e-01
5.920409e+00,8.719425e+00,5.934725e+00,-7.246582e-01,2.707541e-01,-9.926477e-01,1.258486e+00
3.676664e+00,8.631393e+00,5.002354e+00,-1.274269e+00,-6.346098e-01,-1.380814e+00,1.983214e+00
6.007955e+00,9.111372e+00,2.836136e-01,-3.770066e-01,-1.827191e-01,-7.225039e-01,8.351839e-01
1.038113e+01,1.230355e+01,5.318023e+00,1.381377e-01,-1.336191e+00,3.666769e-01,1.392458e+00
6.957445e+00,1.170908e+01,2.492968e+00,2.085948e+00,-1.728808e-01,9.665361e-01,2.305485e+00
7.728926e+00,9.314326e+00,6.498879e+00,1.146160e+00,-2.928368e-03,-1.967224e+00,2.276766e+00
9.525315e+00,9.198350e+00,2.353935e+00,4.263310e-01,-1.087767e+00,-6.932824e-02,1.170385e+00
9.837899e+00,8.801739e+00,6.476247e+00,1.571491e+00,-5.610585e-01,-8.855817e-01,1.889081e+00
1.064303e+01,1.138610e+01,3.789856e+00,1.817272e-01,4.472992e-01,2.358209e-01,5.373200e-01
1.191931e+01,7.256972e+00,1.377259e+00,9.683715e-01,-1.361132e+00,-2.956165e-01,1.696412e+00
9.618680e+00,1.179657e+01,1.997056e+00,-8.388171e-01,4.078011e-01,-1.507920e+00,1.773059e+00
1.144474e+01,6.603864e+00,2.110305e+00,7.023523e-01,-1.525430e+00,3.886529e-01,1.723742e+00
7.117377e+00,1.056696e+01,3.870204e+00,6.861109e-01,8.300795e-01,-2.493128e-01,1.105413e+00
1.210992e+01,1.181158e+01,7.945781e+00,3.309767e-01,2.439302e+00,2.119195e+00,3.248188e+00
1.296058e+01,1.128770e+01,3.585508e+00,-7.739140e-01,2.104126e-01,5.228921e-01,9.574092e-01
1.280673e+01,1.000546e+01,1.816656e+00,-6.662805e-01,5.704311e-01,-2.026107e+00,2.207812e+00
1.080666e+01,7.237814e+00,5.501380e-01,-1.342389e+00,-1.101630e+00,-5.328475e-01,1.816459e+00
1.383853e+01,6.145262e+00,4.504459e+00,1.924563e-01,-1.316311e+00,9.019475e-01,1.607241e+00
1.489734e+01,6.753504e+00,2.342588e+01,-1.992135e-01,-1.042172e-01,5.270285e-01,5.729802e-01
1.528208e+01,8.718273e+00,7.060794e+00,3.088678e-01,7.860486e-01,-8.780867e-01,1.218322e+00
1.343697e+01,8.022223e+00,5.126852e+00,-1.780023e+00,1.510950e+00,-2.874921e-01,2.352468e+00
1.441538e+01,9.502455e+00,2.928224e+00,-6.712288e-01,1.077045e+00,-9.849061e-02,1.272900e+00
1.637389e+01,5.278414e+00,2.523477e+00,-1.347886e+00,-1.598159e+00,3.588429e-01,2.121244e+00
1.298412e+01,8.340604e+00,4.226895e+00,-9.075187e-01,-1.096683e+00,5.268943e-02,1.424458e+00
1.602385e+01,1.050038e+01,5.165243e+00,-8.267660e-01,3.510434e-01,1.019288e+00,1.358574e+00
2.093074e+01,5.616452e+00,1.216942e-01,-1.036681e+00,-2.381203e+00,3.300708e-01,2.617973e+00
1.636416e+01,9.167200e+00,1.928737e+00,1.462268e+00,-7.601090e-01,3.448023e-01,1.683711e+00
1.378796e+01,4.419031e+00,2.753543e+00,-1.328186e+00,-1.032394e+00,-3.191500e-01,1.712242e+00
1.812209e+01,7.915437e+00,2.198726e+00,-1.009225e+00,-5.584201e-01,-2.640536e-01,1.183255e+00
1.777830e+01,8.348403e+00,3.979815e+00,1.304988e+00,2.022024e-01,-1.913625e-02,1.320698e+00
1.749013e+01,1.092632e+01,2.061215e+00,-1.374954e+00,-7.293062e-01,-4.313842e-01,1.615078e+00
1.821594e+01,9.355314e+00,3.381827e+00,6.297435e-01,7.218100e-01,4.462716e-02,9.589463e-01
1.609194e+01,8.335446e+00,9.466892e-01,-1.581079e+00,-2.952506e+00,-1.421973e+00,3.638558e+00
2.083225e+01,6.068980e+00,1.442814e+00,-6.567035e-01,-5.131968e-01,-1.358171e+00,1.593505e+00
1.881781e+01,6.619128e+00,2.338937e+01,-4.113325e-01,-3.294454e-01,1.054413e+00,1.178777e+00
1.584106e+01,1.017043e+01,3.212897e+00,-2.418070e-01,8.114058e-01,7.315509e-01,1.118936e+00
2.116565e+01,1.034980e+01,2.610965e+00,5.836381e-01,-7.053992e-01,1.141264e+00,1.463115e+00
4.035645e-01,7.581817e+00,2.891179e+00,-1.569718e-01,1.555277e+00,-1.043195e+00,1.879304e+00
2.198237e+01,1.019708e+01,2.350766e+01,-3.350042e-02,1.195080e+00,-1.361382e+00,1.811822e+00
1.869210e+00,1.055798e+01,1.674131e+00,5.370337e-01,4.462246e-01,-9.506470e-01,1.179513e+00
2.002879e+01,7.976277e+00,2.243238e+01,7.673657e-01,-1.876232e+00,-5.333060e-01,2.096070e+00
2.045791e+01,9.565156e+00,2.386650e+01,-6.142705e-02,1.080637e+00,-1.106081e+00,1.547567e+00
7.823871e-01,1.212797e+01,2.380982e+01,-1.908215e-01,8.774300e-01,-4.551982e-02,8.990931e-01
2.271514e+01,8.107544e+00,2.730347e+00,-1.863783e+00,-1.087137e+00,3.730803e-01,2.189691e+00
2.205977e+01,1.166832e+01,1.071746e+00,-2.093735e+00,4.200762e-01,2.469549e-01,2.149692e+00
1.177563e+00,1.187640e+01,1.042895e+00,-3.458918e-02,-5.094143e-01,-3.186362e-01,6.018541e-01
6.270077e+00,1.429816e+01,1.471436e+00,1.125721e+00,-1.022254e+00,-1.217788e+00,1.948142e+00
5.572115e-01,1.165625e+01,2.978525e+00,-1.092122e+00,-3.281360e-01,8.385637e-01,1.415483e+00
3.092549e-01,1.099863e+01,4.018529e+00,-6.677026e-01,-1.578405e-01,-6.230352e-01,9.267758e-01
7.651657e+00,1.051382e+01,3.175052e-01,5.119663e-01,-7.725741e-02,9.152457e-01,1.051548e+00
5.285055e+00,1.175617e+01,1.783039e+00,1.040244e+00,1.533575e-02,-9.159202e-01,1.386093e+00
5.157681e+00,8.600289e+00,3.261109e+00,5.396421e-01,2.912795e-01,3.255543e-01,6.942932e-01
1.253740e+00,9.627232e+00,2.712602e+00,-8.267174e-01,4.370960e-01,-8.752762e-01,1.280868e+00
5.328350e+00,8.686747e+00,2.122664e+01,-7.404559e-02,9.899801e-01,-4.314482e-02,9.936824e-01
3.147423e+00,1.033224e+01,2.317264e+01,7.171938e-01,-1.409214e-03,-8.034738e-01,1.077005e+00
5.450849e+00,1.010919e+01,5.543440e+00,-9.852427e-01,-7.926080e-01,1.449285e+00,1.923371e+00
6.478012e+00,1.065661e+01,4.711462e+00,-2.602557e-01,-2.814693e-01,1.796527e-01,4.233593e-01
6.785351e+00,1.338574e+01,3.000650e+00,2.986642e-01,1.616312e+00,1.336980e+00,2.118769e+00
5.853062e+00,1.229510e+01,3.670122e+00,-1.026950e+00,-1.399089e+00,4.478960e-01,1.792397e+00
6.721001e+00,8.193029e+00,5.567809e+00,2.029463e+00,-4.044835e-01,2.249135e+00,3.056295e+00
7.796465e+00,7.593395e+00,1.256220e+00,-1.283801e+00,1.111051e-01,4.207890e-02,1.289287e+00
7.127133e+00,6.856998e+00,2.319225e+01,-8.495570e-01,-9.081442e-01,-1.396438e+00,1.869897e+00
1.088209e+01,1.478653e+01,2.430047e+00,2.475932e-01,1.881390e-01,-5.515797e-01,6.331973e-01
8.050562e+00,1.023493e+01,3.657094e+00,1.597880e+00,6.265416e-01,2.275180e+00,2.849950e+00
9.748924e+00,1.099313e+01,5.032805e+00,-1.385265e+00,-3.118124e-01,5.440280e-01,1.520576e+00
1.043277e+01,1.398677e+01,2.000339e+00,3.954309e-01,4.874905e-03,1.307283e+00,1.365788e+00
1.072212e+01,1.243232e+01,3.359322e+00,-5.808212e-01,-2.564116e-01,-1.826856e-01,6.606620e-01
1.220568e+01,1.057278e+01,8.877625e+00,-5.717527e-01,-8.704085e-01,-4.412175e-02,1.042333e+00
1.044998e+01,1.033072e+01,5.639194e+00,1.333389e+00,-3.108201e-01,1.473031e+00,2.011059e+00
1.148944e+01,1.126999e+01,6.496354e+00,-9.220017e-01,-1.180845e-01,1.022411e+00,1.381794e+00
1.250192e+01,1.086154e+01,2.542446e+00,-7.488336e-02,-1.949752e+00,3.081645e-01,1.975375e+00
1.217207e+01,1.308131e+01,3.848486e+00,-4.880726e-01,1.741428e-01,-1.409481e+00,1.501725e+00
9.263381e+00,1.439945e+01,1.821211e+00,4.251264e-01,1.520461e+00,-3.817901e-01,1.624284e+00
1.389467e+01,9.417014e+00,5.640399e+00,3.446565e-01,-7.974078e-02,-2.522502e+00,2.547187e+00
1.502003e+01,1.041348e+01,6.923912e+00,5.785843e-01,-1.024616e-01,6.919528e-01,9.077758e-01
1.720215e+01,9.519441e+00,7.555789e+00,2.134828e-01,-4.559534e-01,1.698816e+00,1.771848e+00
1.350623e+01,1.029866e+01,5.039778e+00,1.196572e-01,-3.145922e-01,-9.444702e-01,1.002652e+00
1.546787e+01,8.559722e+00,1.663919e+00,-1.068921e+00,1.296940e+00,1.124409e+00,2.022113e+00
1.533176e+01,1.125770e+01,4.686308e+00,-3.301698e-01,1.034895e+00,8.134177e-01,1.357081e+00
1.874442e+01,9.019615e+00,5.524466e+00,2.969693e-01,-1.346850e-01,-1.680382e+00,1.711728e+00
1.497898e+01,1.103037e+01,8.132605e+00,1.910241e-01,-4.968908e-01,-3.570861e-01,6.410157e-01
1.204563e+01,9.085183e+00,4.554894e+00,7.469232e-01,-4.239301e-01,-3.734964e-01,9.365418e-01
1.624749e+01,1.106404e+01,4.117098e+00,-8.646772e-01,7.464443e-01,1.129210e+00,1.606226e+00
1.648858e+01,1.020700e+01,8.300859e+00,3.262652e-03,-7.983136e-01,1.218102e-01,8.075599e-01
1.521035e+01,1.196856e+01,7.642816e+00,-4.096704e-01,-1.155795e-02,3.857603e-01,5.628272e-01
1.545274e+01,1.129364e+01,3.349197e+00,-1.097045e+00,-7.162107e-01,-7.194552e-01,1.494684e+00
1.951444e+01,1.377751e+01,2.004971e+00,6.344732e-01,4.855476e-01,7.986838e-01,1.129694e+00
2.077839e+01,9.229351e+00,2.636603e+00,-6.683865e-01,8.015126e-01,-1.070872e+00,1.495303e+00
1.875431e+01,1.269968e+01,4.071501e+00,-1.062102e+00,-2.066709e+00,8.150500e-01,2.462448e+00
1.839285e+01,1.063235e+01,1.255731e+00,-5.834521e-01,-1.594271e+00,-4.701155e-02,1.698330e+00
2.179057e+01,1.051004e+01,1.231298e+00,-1.783338e+00,-1.099292e+00,-2.696307e-01,2.112212e+00
1.921990e+01,8.443033e+00,2.180240e+00,-4.132667e-01,-1.741314e-01,-1.261484e-01,4.658589e-01
1.841985e+01,8.242280e+00,3.257761e+00,5.016161e-01,-2.948830e-01,-3.711962e-01,6.901893e-01
1.821559e+01,1.161465e+01,1.497453e+00,1.692761e+00,3.029840e-01,2.766205e-01,1.741769e+00
2.270224e+01,1.021855e+01,2.182392e+01,-6.673507e-01,-2.799841e-01,-1.192324e-01,7.334605e-01
2.222807e+01,9.925851e+00,2.122680e+00,-2.130869e+00,-3.803433e-01,-5.588540e-02,2.165268e+00
2.005529e+01,1.302622e+01,2.343282e+01,-7.700884e-01,-1.640685e+00,-2.368547e+00,2.982432e+00
1.675882e+01,1.136621e+01,1.317740e+00,-5.430184e-01,5.688408e-01,2.088635e+00,2.231781e+00
2.066276e+00,1.286068e+01,3.484368e+00,-1.254997e+00,-2.899854e-02,1.975776e-01,1.270785e+00
1.372437e+00,1.063903e+01,2.551041e+00,2.668044e-01,3.888769e-01,-1.663681e+00,1.729232e+00
2.172077e+01,1.408036e+01,2.681352e+00,8.399904e-01,8.636543e-01,2.001299e-01,1.221284e+00
2.389210e+01,1.278767e+01,1.322126e+00,-2.494017e-02,-8.417830e-01,3.579219e-01,9.150567e-01
2.465396e-01,1.170130e+01,1.499982e+00,-2.120503e+00,8.256472e-01,-1.479758e+00,2.714390e+00
6.161053e+00,1.311812e+01,1.250432e+00,4.881993e-01,1.633851e+00,-2.268241e-01,1.720249e+00
2.350010e+01,1.149834e+01,2.417219e+00,-6.303544e-01,-5.105576e-01,8.690819e-01,1.188831e+00
4.983987e+00,1.284506e+01,2.227155e+00,-9.176512e-01,-1.655988e+00,-8.478106e-03,1.893265e+00
3.140415e+00,1.447578e+01,3.040367e+00,1.291829e+00,-1.178402e+00,-1.479063e+00,2.290214e+00
3.547468e+00,1.445045e+01,5.026010e+00,-6.950441e-01,-9.727856e-01,7.304726e-02,1.197804e+00
5.364132e+00,1.014490e+01,2.370205e+00,7.273327e-01,1.922383e-01,4.833102e-01,8.941796e-01
6.857347e+00,1.175715e+01,6.002668e+00,2.651056e-01,2.560106e-01,2.566587e-02,3.694335e-01
6.904586e+00,1.284243e+01,5.405924e+00,-4.249801e-01,-5.824514e-01,-1.149563e-02,7.211033e-01
5.238200e+00,1.371979e+01,2.249741e+01,-4.272981e-01,4.280145e-01,4.976393e-01,7.832144e-01
3.453627e+00,1.122663e+01,1.976253e+00,1.370404e+00,-2.036877e-01,-8.299961e-01,1.615051e+00
5.083169e+00,1.178856e+01,2.290343e+01,-1.036153e+00,4.462224e-02,-9.264176e-01,1.390631e+00
1.120246e+01,1.325799e+01,2.450086e+00,5.358953e-02,-8.973230e-02,-1.445237e-01,1.783559e-01
5.267396e+00,1.405967e+01,3.426867e+00,1.060001e-01,-6.120335e-02,5.433403e-01,5.569565e-01
6.455630e+00,1.092561e+01,2.890955e+00,1.673474e+00,-4.224060e-01,3.159321e-01,1.754638e+00
1.156292e+01,1.080571e+01,4.524030e+00,6.026255e-01,-1.778171e+00,-2.347464e-01,1.892130e+00
1.143187e+01,1.375610e+01,6.866225e+00,6.203066e-01,-1.332820e+00,-6.064256e-01,1.590265e+00
1.053558e+01,9.106750e+00,5.431008e+00,-1.407960e+00,-1.889481e+00,-5.664319e-01,2.423497e+00
1.018519e+01,1.521652e+01,1.666795e+00,2.040467e-02,6.774764e-01,-5.131039e-01,8.500978e-01
9.435494e+00,1.383591e+01,4.402900e+00,3.585493e-01,1.333639e-01,-1.244234e-01,4.022744e-01
7.726380e+00,1.208120e+01,1.502484e+00,-7.241770e-01,-8.878605e-01,8.502528e-01,1.426765e+00
8.959044e+00,1.548064e+01,2.838169e+00,-3.598244e-01,8.238043e-01,4.560569e-01,1.008025e+00
1.282882e+01,1.211396e+01,5.905229e+00,4.348902e-01,-8.329318e-01,1.501067e-02,9.397501e-01
1.240616e+01,1.376473e+01,4.725600e+00,5.387728e-01,1.584311e+00,2.281009e+00,2.829014e+00
1.331820e+01,1.276276e+01,2.067303e+00,-7.658153e-01,2.035182e-01,3.690103e-01,8.741060e-01
1.369194e+01,1.390300e+01,5.125461e+00,-6.397842e-01,1.274326e+00,8.717477e-01,1.671279e+00
9.632849e+00,1.026316e+01,9.004174e+00,6.147273e-01,-9.763549e-01,2.612955e-01,1.182977e+00
1.763572e+01,1.050949e+01,5.782961e+00,-8.927291e-01,-5.389913e-01,6.315126e-01,1.219133e+00
1.846390e+01,1.351174e+01,2.225151e+00,1.892178e+00,1.768580e-01,5.995960e-01,1.992770e+00
1.817117e+01,1.241665e+01,5.899838e+00,5.758300e-01,-5.681752e-01,1.755753e+00,1.933151e+00
1.218965e+01,8.784879e+00,1.366278e+00,-1.585552e-01,1.030070e+00,-2.633983e-01,1.074971e+00
1.373669e+01,1.149360e+01,8.003969e+00,4.352580e-01,4.239391e-01,-2.540399e-01,6.585668e-01
1.766818e+01,1.307323e+01,2.888520e+00,7.288817e-01,5.104169e-01,-6.098589e-01,1.078759e+00
1.556548e+01,1.307448e+01,4.185938e+00,1.046105e-01,-1.270357e+00,1.076566e+00,1.668456e+00
1.545572e+01,1.632518e+01,4.069388e+00,3.979545e-01,-1.143045e+00,1.309526e-01,1.217402e+00
1.810967e+01,1.173060e+01,7.067726e+00,-1.626302e+00,-3.540657e-01,-1.578232e+00,2.293695e+00
1.565332e+01,1.687104e+01,2.341110e+00,1.478261e+00,5.813389e-01,4.541667e-02,1.589111e+00
2.171904e+01,1.265341e+01,4.160761e+00,-4.649850e-01,6.282185e-01,-2.059503e+00,2.202821e+00
1.723948e+01,1.212516e+01,5.499423e+00,-2.760807e-01,-1.416882e+00,-4.435519e-02,1.444210e+00
1.623486e+01,9.929317e+00,4.176086e+00,-7.785716e-01,4.176712e-01,-4.060727e-01,9.723775e-01
1.494505e+01,1.567270e+01,3.484863e+00,3.546557e-01,1.148910e+00,-8.608410e-03,1.202434e+00
2.036352e+01,1.545673e+01,3.246587e+00,9.120506e-01,-7.581431e-02,1.874595e-02,9.153882e-01
1.902035e+01,1.414705e+01,2.856661e+00,3.733472e-01,2.005068e-01,-1.196773e+00,1.269589e+00
1.570486e+01,1.244087e+01,4.983081e+00,1.765604e-01,1.013311e+00,1.006977e-01,1.033495e+00
2.182247e+01,1.283559e+01,2.249863e+01,2.767760e-01,-1.144507e+00,-1.766487e+00,2.122964e+00
1.964549e+01,1.255092e+01,4.743679e+00,-3.387255e-01,-4.234127e-01,-4.884073e-01,7.297636e-01
2.185116e+01,1.310764e+01,4.716670e-01,3.974464e-01,3.364293e-01,1.276959e+00,1.379048e+00
2.177777e+01,1.117667e+01,2.059820e+00,9.768028e-01,-3.831547e-02,-6.770422e-01,1.189116e+00
2.170838e+01,8.547068e+00,2.058427e+01,6.815732e-02,9.673258e-01,-1.766157e-01,9.856763e-01
2.280143e+01,1.447632e+01,1.969174e+00,-3.580263e-01,7.359644e-01,-1.449753e-01,8.311704e-01
1.989932e+01,1.197499e+01,3.721844e+00,3.892377e-01,-1.444908e+00,-2.598149e-01,1.518805e+00
2.109939e+01,1.172955e+01,1.318133e-01,1.427052e-01,-3.372297e+00,-3.577762e-01,3.394224e+00
2.239574e+01,1.663534e+01,2.118562e-01,-1.700900e+00,-7.927142e-02,-1.438256e-01,1.708810e+00
2.308608e+01,1.324287e+01,1.866324e+00,5.489285e-02,-5.576646e-03,-1.125957e+00,1.127308e+00
2.252096e+01,1.366074e+01,2.244399e+01,-9.780651e-01,1.654588e-01,-6.447970e-01,1.183111e+00
2.211242e+01,1.347977e+01,1.979795e+00,-7.620661e-01,9.588873e-01,-3.629733e-01,1.277482e+00
2.946846e+00,1.568674e+01,2.385414e+01,-5.543706e-01,1.586608e+00,3.028604e-01,1.707740e+00
2.530750e+00,1.632260e+01,2.033698e+00,1.025213e+00,-1.746549e+00,3.503202e-01,2.055291e+00
1.942159e+00,1.331429e+01,4.801980e+00,-8.792153e-01,1.490184e+00,-7.340604e-01,1.879498e+00
6.174253e+00,1.379144e+01,2.350018e+01,-1.080160e+00,-8.366423e-01,1.098715e+00,1.753251e+00
7.959507e+00,1.525884e+01,3.256052e+00,2.822992e-01,-1.632394e+00,7.771524e-01,1.829855e+00
4.368459e+00,1.564885e+01,2.925918e+00,5.226946e-01,-3.693404e-01,-1.128212e+00,1.297106e+00
1.685729e+00,1.152077e+01,3.232739e+00,-1.545479e+00,-5.743147e-01,4.917270e-01,1.720505e+00
6.317790e+00,1.433897e+01,2.871658e+00,-1.530725e-01,-6.170764e-01,8.864166e-01,1.090848e+00
5.322875e+00,1.470193e+01,1.728378e+00,-2.217245e-01,-1.065440e+00,-4.325508e-01,1.171078e+00
4.102928e+00,1.335241e+01,1.853096e+00,-1.599829e+00,1.098459e+00,2.333175e+00,3.034761e+00
5.926262e+00,1.413404e+01,4.273463e+00,9.668351e-02,-1.931408e+00,-1.676039e+00,2.559061e+00
1.024727e+01,1.330986e+01,2.702554e-01,-5.876758e-01,2.778090e-01,1.541601e+00,1.673043e+00
8.307100e+00,1.349431e+01,2.995779e+00,4.747501e-01,-8.392507e-01,-3.709224e-01,1.033108e+00
4.763830e+00,1.288427e+01,5.100130e+00,-1.959474e+00,-9.896266e-01,-9.510090e-01,2.392345e+00
9.859125e+00,1.456627e+01,2.663915e+00,1.072018e+00,-4.576806e-01,-1.435849e-01,1.174441e+00
9.233635e+00,1.603918e+01,4.857737e+00,-2.250217e-02,-5.941345e-01,-1.055041e+00,1.211038e+00
1.038624e+01,1.453922e+01,2.257702e+01,-4.074633e-01,-1.078268e+00,1.541075e+00,1.924474e+00
1.348059e+01,1.464960e+01,3.595792e+00,-1.099541e+00,1.785001e-01,3.797666e-01,1.176892e+00
7.547474e+00,1.474578e+01,4.583883e+00,-3.998293e-02,1.897143e+00,-4.360806e-01,1.947027e+00
9.448431e+00,1.346445e+01,2.171275e+00,-7.083127e-01,4.314329e-01,-3.347231e-01,8.943605e-01
1.049125e+01,1.334213e+01,5.045278e+00,1.224161e+00,5.232378e-01,-3.660286e-01,1.380698e+00
1.250862e+01,1.325541e+01,2.662010e+00,-2.826166e+00,8.104277e-02,4.037607e-01,2.856012e+00
1.415398e+01,1.180356e+01,1.621163e+00,8.234572e-01,7.630849e-01,2.015273e-02,1.122847e+00
1.303361e+01,1.293756e+01,1.015936e+00,-1.071410e+00,9.966360e-01,3.630408e-01,1.507647e+00
1.102574e+01,1.057532e+01,2.328095e+00,2.154828e-01,-5.524033e-01,1.319383e+00,1.446497e+00
1.464309e+01,1.361057e+01,4.621634e+00,2.706794e+00,-3.796003e-02,1.322262e-01,2.710288e+00
1.137582e+01,1.316306e+01,2.374924e+01,-8.350344e-01,-4.761562e-01,-3.265507e-01,1.015206e+00
1.658342e+01,1.205053e+01,3.378160e+00,7.221205e-01,-5.608834e-01,-6.932705e-03,9.143830e-01
1.275177e+01,1.308193e+01,2.346159e+01,-1.382590e-01,7.305075e-01,1.088575e+00,1.318238e+00
1.509711e+01,9.948388e+00,5.237664e+00,9.678109e-02,8.747415e-01,1.062675e+00,1.379789e+00
1.140175e+01,1.636840e+01,3.140008e+00,6.322706e-01,3.491236e-01,-7.722060e-01,1.057334e+00
1.480384e+01,1.156484e+01,2.373604e+00,-2.564933e-01,1.117655e+00,-8.176477e-01,1.408364e+00
1.436580e+01,1.378192e+01,8.708422e-01,7.528496e-01,-2.791000e+00,7.137067e-01,2.977556e+00
1.471363e+01,1.226009e+01,4.499070e+00,8.428757e-01,4.917916e-01,1.428149e-02,9.759623e-01
1.722052e+01,1.643815e+01,5.399062e+00,4.436569e-01,6.536119e-01,7.556415e-01,1.093176e+00
1.504683e+01,1.425142e+01,2.376537e+01,5.691255e-01,-6.244009e-01,-6.617416e-01,1.073165e+00
1.407087e+01,1.365465e+01,1.996288e+00,-1.075970e+00,-1.348746e-02,-7.147634e-01,1.291813e+00
1.220114e+01,1.351274e+01,6.821961e-01,1.283282e-01,2.658877e-01,3.871676e-02,2.977640e-01
1.606676e+01,1.706656e+01,2.108581e+01,-1.091636e+00,-6.719497e-01,-8.652300e-02,1.284785e+00
1.817983e+01,1.283304e+01,9.523025e-01,-4.384991e-01,-1.044613e+00,8.059229e-01,1.390327e+00
1.609276e+01,1.272111e+01,1.788960e+00,-2.967696e-02,2.944983e-01,2.801839e-01,4.075696e-01
1.538224e+01,1.809229e+01,1.142279e+00,9.800703e-01,-5.887128e-01,-9.946962e-01,1.515434e+00
1.750395e+01,1.525869e+01,2.766781e+00,1.788057e+00,4.731648e-01,7.045505e-01,1.979249e+00
2.023264e+01,1.309357e+01,1.621058e+00,3.181005e-02,-5.329813e-01,8.889596e-01,1.036981e+00
1.884154e+01,1.124738e+01,2.354659e+01,-1.385289e+00,1.429398e+00,-5.322525e-01,2.060460e+00
2.112767e+01,1.295598e+01,2.501424e+00,-3.317162e-01,3.810059e-01,-2.091993e-01,5.467773e-01
1.832812e+01,1.361751e+01,2.030262e-01,1.276948e+00,2.527570e-02,-5.464560e-01,1.389190e+00
2.091268e+01,1.280468e+01,3.540547e+00,-6.785001e-01,7.237065e-02,1.202557e+00,1.382658e+00
2.134410e+01,1.036485e+01,2.215371e+01,1.703893e+00,1.131207e+00,-1.088554e+00,2.316857e+00
2.251859e+01,1.160547e+01,3.829574e+00,-1.039154e+00,-2.069379e-02,-1.691099e-02,1.039497e+00
2.392079e+01,1.291079e+01,3.484020e+00,9.032072e-01,1.717739e+00,2.066423e+00,2.834875e+00
2.194381e+01,1.395983e+01,2.356199e+01,4.067306e-01,6.406413e-01,1.558078e-01,7.746787e-01
2.047557e+01,1.518293e+01,5.212495e-01,-7.941259e-01,-5.038449e-01,2.796443e-01,9.811710e-01
1.362503e+00,1.506164e+01,2.886100e+00,-1.010627e+00,8.052047e-01,1.249324e+00,1.797368e+00
2.274193e+01,1.247216e+01,1.235415e+00,1.739867e+00,-8.922765e-01,7.296331e-01,2.087021e+00
2.620846e+00,1.510345e+01,3.820736e+00,6.413572e-01,-2.715430e-01,-1.472685e-01,7.118727e-01
7.214858e+00,1.619386e+01,2.418708e+00,1.213360e+00,7.823050e-01,-1.223834e+00,1.892621e+00
6.308073e+00,1.580873e+01,1.877476e+00,6.753958e-02,-5.399440e-01,-1.130053e+00,1.254241e+00
1.592788e+00,1.676870e+01,1.809941e+00,-1.289239e+00,-1.173667e+00,4.144879e-01,1.792046e+00
7.458693e+00,1.422883e+01,2.963051e+00,-1.519296e-01,-7.935700e-02,-6.694113e-01,6.910076e-01
5.858037e+00,1.558230e+01,6.306099e+00,1.761814e+00,-1.384486e+00,-1.359748e+00,2.621012e+00
2.706058e+00,1.514467e+01,2.194910e+00,-1.045983e-01,6.890745e-01,-2.567299e-02,6.974407e-01
2.918195e+00,1.608428e+01,1.141287e+00,-6.313097e-01,2.616073e-01,7.005484e-01,9.786513e-01
5.396246e+00,1.507547e+01,2.194740e+01,5.676596e-01,-9.879505e-02,-5.616555e-01,8.046458e-01
4.286290e+00,1.442714e+01,3.200675e+00,-8.539439e-02,1.003792e+00,1.361347e+00,1.693563e+00
7.226535e+00,1.721981e+01,2.648039e+00,-3.207531e-01,4.699373e-01,4.201441e-01,7.072798e-01
5.504526e+00,1.517399e+01,2.739837e+00,1.317072e+00,-5.120767e-01,5.719226e-01,1.524466e+00
4.054908e+00,1.213075e+01,2.285711e+01,-1.124866e+00,7.883829e-01,9.891793e-01,1.692733e+00
1.016729e+01,1.896013e+01,2.337718e+00,-4.379255e-01,-4.681037e-01,3.110423e-01,7.124936e-01
7.621838e+00,1.349207e+01,4.723090e+00,6.685326e-01,-1.704736e+00,5.346397e-01,1.907590e+00
4.443069e+00,1.909197e+01,1.545457e+00,-5.529314e-01,1.815909e-02,4.874422e-01,7.373350e-01
8.741221e+00,1.670162e+01,3.271431e+00,8.919008e-02,-1.809514e+00,-1.351623e+00,2.260349e+00
9.826602e+00,1.809965e+01,1.152294e+00,-6.892898e-01,-1.349496e+00,2.560616e+00,2.975401e+00
9.678409e+00,1.607292e+01,1.216154e+00,-7.641934e-01,-7.909650e-01,4.810692e-01,1.200435e+00
7.759389e+00,1.208623e+01,5.185581e+00,-3.624034e-01,-6.353504e-01,2.065278e+00,2.190977e+00
1.218512e+01,1.456226e+01,1.029912e+00,-1.997208e+00,-1.482347e+00,-1.532592e+00,2.921477e+00
1.068627e+01,1.654167e+01,1.232088e+00,-2.027821e-01,-1.630263e+00,6.293875e-01,1.759263e+00
1.237696e+01,1.565059e+01,1.902136e-01,-1.036709e-01,3.420899e-01,-3.955695e-01,5.331495e-01
1.022200e+01,1.898840e+01,2.102939e+01,-2.761754e-01,-1.822078e+00,3.825420e-01,1.882174e+00
9.711566e+00,1.878171e+01,2.310855e+01,-1.508161e-01,-1.314833e+00,-2.395976e-01,1.344968e+00
1.364471e+01,1.451006e+01,1.179058e+00,-1.452090e+00,-2.243829e-01,-8.994711e-01,1.722777e+00
1.088391e+01,1.583549e+01,2.405414e+00,7.271308e-01,1.538425e-01,-2.275557e-01,7.772826e-01
1.111328e+01,1.605640e+01,2.312797e+01,-1.099105e+00,1.120658e+00,3.445328e-01,1.607050e+00
1.355179e+01,1.265859e+01,2.299262e+01,4.868738e-01,-1.566067e+00,2.402587e-01,1.657509e+00
1.454322e+01,1.271352e+01,9.435704e-01,6.000516e-01,-7.959453e-01,-6.551859e-01,1.192837e+00
1.310924e+01,1.872375e+01,2.308903e+00,1.814526e+00,-2.058272e+00,-7.079880e-01,2.833767e+00
1.398271e+01,1.646972e+01,3.647959e+00,4.539017e-01,1.351336e+00,1.547647e+00,2.104126e+00
1.315732e+01,1.754858e+01,4.478200e+00,-1.152899e+00,9.757555e-01,-4.062323e-01,1.564065e+00
1.579433e+01,1.788908e+01,2.186760e+00,4.357338e-01,4.502255e-01,3.775737e-01,7.315250e-01
1.492324e+01,1.516534e+01,2.293336e+00,-4.819326e-01,-8.186577e-01,6.072019e-01,1.127454e+00
1.389319e+01,1.971106e+01,2.157746e+00,-1.833044e+00,-1.677188e-01,-7.739416e-01,1.996788e+00
1.558287e+01,1.446830e+01,2.389941e+00,1.105732e+00,-4.599799e-01,-4.389696e-01,1.275507e+00
1.726621e+01,1.238981e+01,1.403063e+00,3.504328e-01,1.829844e+00,1.216289e+00,2.224970e+00
1.851362e+01,1.133545e+01,5.127847e+00,-1.039675e-01,-3.213834e-01,-1.162066e+00,1.210163e+00
1.614885e+01,1.641667e+01,3.145849e+00,8.930830e-01,1.113682e+00,-3.771123e-01,1.476516e+00
1.841378e+01,1.652408e+01,2.473007e-02,3.641761e-01,2.039765e-01,-1.323516e+00,1.387777e+00
1.705007e+01,1.634559e+01,6.760555e-01,1.210527e+00,3.841786e-01,-3.315394e-01,1.312588e+00
1.729512e+01,1.715013e+01,1.794399e+00,-1.377977e-01,1.116445e+00,1.533799e+00,1.902098e+00
1.752836e+01,1.473875e+01,1.666688e+00,-3.941516e-01,-8.572434e-01,-6.576226e-01,1.150082e+00
5.683550e-01,1.306302e+01,4.713288e-01,-5.201416e-01,5.805568e-02,1.486075e+00,1.575543e+00
2.132856e+01,1.708924e+01,1.668868e+00,1.242979e-01,1.760841e+00,1.872576e-01,1.775127e+00
2.111034e+01,1.620709e+01,3.532199e+00,2.927704e-01,5.574071e-01,6.397396e-01,8.975990e-01
1.658886e+01,1.932170e+01,2.642278e-01,9.062140e-01,1.945977e+00,4.133738e-01,2.186076e+00
2.253615e+01,1.443459e+01,2.165351e+01,5.325587e-01,3.045473e-01,-5.895296e-01,8.508307e-01
3.219246e-01,1.495041e+01,4.660995e+00,9.436311e-01,-6.827200e-06,2.110198e-01,9.669380e-01
2.137979e+01,1.470148e+01,2.274561e+01,-2.440859e-01,3.605808e-02,-5.302679e-01,5.848607e-01
2.033704e+01,1.364657e+01,7.446514e-01,4.133551e-01,-1.431196e-01,-4.067786e-01,5.973395e-01
3.388767e-02,1.692372e+01,5.002247e+00,7.839340e-01,-8.534096e-01,1.049998e+00,1.563764e+00
2.308752e+01,1.680153e+01,2.278885e+00,-1.384115e+00,1.357620e+00,-8.476370e-01,2.115985e+00
1.205844e+00,1.797823e+01,8.281981e-01,2.522428e-01,-1.382377e-01,6.893260e-02,2.957834e-01
1.180386e+00,1.994912e+01,2.713934e+00,4.644122e-01,9.394703e-02,2.100083e-01,5.182743e-01
2.163094e+00,1.687987e+01,9.563398e-01,-6.305555e-01,-1.139849e+00,1.136012e+00,1.728403e+00
5.368763e+00,2.258981e+01,1.595234e+00,1.124727e+00,-1.566311e+00,-1.208422e+00,2.275659e+00
6.905586e+00,1.683940e+01,3.546227e+00,-2.460267e-01,-1.062970e-01,7.581584e-01,8.041346e-01
3.312414e+00,1.492054e+01,9.116831e-01,-3.034290e-01,1.653294e+00,-8.323039e-01,1.875681e+00
7.971867e+00,1.775120e+01,5.665082e+00,-1.770036e-01,6.342360e-01,4.120453e-01,7.767670e-01
5.901361e+00,1.362694e+01,2.198506e+00,5.246370e-02,1.676108e+00,6.524914e-01,1.799399e+00
6.405702e+00,1.772288e+01,2.871757e+00,1.504089e+00,6.556846e-01,-1.512298e-01,1.647749e+00
1.125503e+00,1.909861e+01,4.802364e+00,-1.662858e-01,2.781702e-01,-6.786449e-01,7.520562e-01
6.792424e+00,2.101947e+01,2.166950e+00,4.759022e-02,-8.949165e-01,6.880629e-02,8.988185e-01
6.095192e+00,2.017431e+01,4.675205e+00,3.547613e-01,-3.797759e-02,1.194346e+00,1.246499e+00
6.474069e+00,1.792213e+01,4.043291e+00,1.014023e+00,-1.350081e+00,1.172491e-01,1.692545e+00
5.165896e+00,1.978828e+01,3.407863e+00,-9.540919e-02,7.944507e-01,1.938880e+00,2.097501e+00
7.337635e+00,1.803059e+01,3.425173e+00,-8.197660e-03,5.347813e-01,6.924814e-01,8.749793e-01
6.931775e+00,1.692893e+01,1.452514e-01,6.556153e-01,3.513288e-01,-4.632690e-01,8.762885e-01
8.250605e+00,1.817900e+01,3.803831e+00,1.085484e+00,9.416465e-01,-1.189313e+00,1.865325e+00
7.794401e+00,1.907964e+01,1.906537e+00,1.020670e+00,-1.204875e+00,1.485541e+00,2.168023e+00
1.021263e+01,1.615265e+01,2.743644e-01,-2.345672e-01,6.998232e-01,1.039101e+00,1.274561e+00
1.000024e+01,1.898679e+01,2.650588e-01,-1.654332e-01,8.555191e-01,-4.721668e-01,9.910714e-01
9.873209e+00,1.532181e+01,4.591531e+00,-1.690567e+00,7.041779e-01,-8.165582e-01,2.005156e+00
6.380025e+00,1.745575e+01,5.563206e+00,4.375736e-01,-3.649311e-01,-2.167720e+00,2.241351e+00
1.356722e+01,1.866813e+01,3.383644e+00,1.188357e+00,1.054348e+00,1.203944e+00,1.993319e+00
1.137394e+01,1.884139e+01,1.967540e+00,-8.016510e-01,2.182040e-01,-2.136296e-01,8.578432e-01
1.147683e+01,1.853782e+01,5.894102e-02,-3.008080e-01,2.408952e-01,6.346087e-02,3.905678e-01
9.922572e+00,1.708272e+01,6.007885e-01,8.089519e-02,-3.437705e-02,1.090126e+00,1.093664e+00
1.189234e+01,1.678769e+01,2.294062e+01,3.888881e-02,1.509522e+00,-6.443542e-01,1.641756e+00
1.114609e+01,1.934526e+01,6.310076e-01,-1.272635e+00,8.425381e-01,-9.044098e-01,1.774099e+00
1.204645e+01,1.734231e+01,1.679956e+00,-1.690443e-01,-3.043258e-01,-2.193538e+00,2.220991e+00
1.269380e+01,1.666402e+01,8.541557e-01,5.675195e-02,-9.696157e-01,-5.913835e-01,1.137150e+00
1.275776e+01,1.837505e+01,2.351422e+01,-1.471238e-01,-7.762598e-01,-1.221338e+00,1.454610e+00
1.309720e+01,1.754065e+01,2.642837e+00,1.215286e+00,5.173537e-01,1.428157e+00,1.945304e+00
1.264387e+01,1.590104e+01,2.770391e+00,-1.130725e-01,2.361145e-01,1.866995e+00,1.885260e+00
1.357889e+01,2.058814e+01,2.894683e+00,-2.908991e+00,-3.778588e-02,-1.533178e+00,3.288509e+00
1.278282e+01,1.869938e+01,7.586483e-01,-9.828700e-02,-1.297753e+00,-1.246963e+00,1.802426e+00
1.417896e+01,1.702451e+01,1.336817e+00,-5.197398e-01,2.062168e+00,-4.834991e-01,2.180925e+00
1.712065e+01,1.422601e+01,3.937509e+00,-8.353844e-01,-1.806443e-01,-1.963242e+00,2.141219e+00
1.184450e+01,1.975537e+01,2.299377e+00,8.874326e-01,4.219359e-01,1.570498e-01,9.951036e-01
1.562284e+01,1.632995e+01,2.500582e-01,-1.335043e+00,1.982069e+00,-3.162705e-01,2.410594e+00
1.941536e+01,1.934744e+01,2.183532e+01,1.748270e+00,-1.072659e+00,4.106929e-01,2.091821e+00
1.403625e+01,1.643697e+01,2.336276e+01,1.374382e-01,1.083258e+00,-1.916297e+00,2.205568e+00
1.839878e+01,1.897585e+01,5.870261e+00,-1.879060e-02,1.031684e+00,1.957943e-01,1.050266e+00
1.994108e+01,1.854163e+01,1.802119e+00,-8.653964e-01,-1.073205e+00,-2.845246e-01,1.407705e+00
2.227092e+01,1.972816e+01,2.374103e+01,1.661315e+00,-5.419915e-01,-6.636244e-01,1.869257e+00
1.960540e+01,1.538383e+01,4.126281e+00,1.484494e-02,-8.394268e-02,-1.366572e+00,1.369228e+00
1.715657e+01,1.786764e+01,8.124011e-01,-9.441541e-01,2.136028e-01,1.855268e+00,2.092623e+00
1.635671e+01,1.381059e+01,1.878411e+00,2.182932e-01,9.736648e-01,1.136463e+00,1.512357e+00
2.171433e+01,1.523439e+01,1.953019e+00,9.235613e-01,3.816216e-01,-3.127579e-01,1.047100e+00
2.018732e+01,1.713153e+01,1.570563e+00,-1.258999e+00,-1.273099e+00,9.082066e-01,2.007660e+00
2.108353e+01,1.954273e+01,1.596858e+00,-1.369435e+00,9.457652e-01,-1.106283e-01,1.667952e+00
2.009522e+01,1.683581e+01,2.731326e+00,-6.336609e-01,4.842181e-01,-6.889369e-01,1.053863e+00
2.357771e+01,1.862318e+01,1.320063e+00,9.162273e-02,1.223440e+00,-2.391395e-01,1.249955e+00
2.334683e+01,1.631226e+01,1.335509e+00,1.816965e-02,2.176511e+00,4.808248e-02,2.177118e+00
2.050001e+01,2.082125e+01,1.244464e+00,-6.020026e-02,6.305212e-01,4.583326e-01,7.818247e-01
2.315609e+01,3.994518e-01,4.390548e-01,2.475352e+00,-6.180107e-04,1.355108e-01,2.479059e+00
3.432709e+00,2.023134e+01,2.346615e+00,6.829465e-01,-5.537972e-01,-4.959462e-01,1.009490e+00
4.142925e+00,1.751544e+01,2.018795e+00,5.579849e-01,4.705753e-01,-6.872969e-02,7.331521e-01
2.206755e+01,1.728963e+01,2.569162e+00,1.787762e-01,4.176832e-01,8.536716e-01,9.670446e-01
3.977747e+00,2.029957e+01,2.326835e+01,8.956742e-01,2.541135e-01,-1.371116e+00,1.657337e+00
1.680157e+00,1.885963e+01,8.916584e-01,-4.474079e-01,2.300787e-01,5.894300e-01,7.749437e-01
1.512850e+00,1.886202e+01,2.870449e+00,2.026839e+00,-5.039539e-01,1.752645e+00,2.726502e+00
2.379008e+01,2.186057e+01,7.640052e-01,-8.479197e-01,1.191023e+00,2.761834e-01,1.487878e+00
3.230017e+00,2.027029e+01,8.604152e-01,-8.215955e-01,4.652209e-01,-2.541582e+00,2.711289e+00
5.985762e+00,2.370240e+01,2.321418e+00,-3.274460e-01,8.531976e-02,-9.526863e-01,1.010995e+00
3.175641e+00,1.888812e+01,2.300280e+01,5.087142e-01,-2.284744e-01,1.038415e+00,1.178684e+00
6.502641e+00,2.327836e+01,1.531378e+00,1.161250e+00,4.518777e-01,-9.792444e-02,1.249914e+00
6.610033e+00,2.229559e+01,1.940956e+00,-8.875380e-01,5.964975e-01,7.151335e-01,1.286448e+00
9.014155e+00,2.151549e+01,2.847211e+00,1.953420e+00,-1.649424e+00,-1.904330e-01,2.563730e+00
6.398117e+00,2.244738e+01,8.182971e-01,-9.581889e-01,1.529066e+00,4.623390e-01,1.862774e+00
5.893834e+00,5.092280e-01,4.438822e+00,1.100423e+00,7.583126e-03,-3.520775e-02,1.101012e+00
5.909257e+00,2.274884e+01,2.741752e+00,-6.447530e-01,1.209823e-01,-9.423527e-01,1.148204e+00
1.105903e+01,2.252613e+01,2.725175e+00,3.259655e-01,-3.216065e-01,1.756176e-01,4.904343e-01
1.108543e+01,1.684267e+01,4.977652e+00,1.679827e-01,-1.289942e+00,3.004346e-01,1.335077e+00
7.718684e+00,1.874887e+01,4.491338e+00,9.406703e-01,-1.691581e-01,1.702856e+00,1.952740e+00
1.061909e+01,1.756347e+01,4.500801e+00,-2.071860e-02,7.089621e-02,-2.389278e+00,2.390419e+00
7.374026e+00,2.276010e+01,1.489050e+00,-1.417355e+00,-2.338480e-01,8.356349e-01,1.661886e+00
1.016710e+01,1.680482e+01,2.818610e+00,3.760244e-01,-1.756664e+00,1.023326e+00,2.067477e+00
7.719197e+00,1.666323e+01,4.939316e+00,-5.804127e-01,-1.409946e+00,9.151668e-02,1.527482e+00
1.184437e+01,1.833707e+01,1.105016e+00,1.105868e-01,6.232340e-02,-6.464670e-01,6.588119e-01
1.115458e+01,2.152117e+01,2.386440e+01,6.481776e-01,1.157951e+00,-4.364893e-01,1.396964e+00
9.236276e+00,1.888519e+01,3.153770e+00,-1.334961e+00,1.536100e-01,5.017414e-01,1.434386e+00
1.232257e+01,1.919215e+01,1.591672e+00,-6.640439e-01,-1.023683e+00,-1.105626e-01,1.225196e+00
1.086369e+01,2.086880e+01,2.027790e+00,-6.376416e-01,-7.410941e-01,-1.972492e-01,9.973538e-01
1.358539e+01,2.144643e+01,3.562791e+00,4.329919e-01,-1.526492e-01,-1.161894e-01,4.735860e-01
1.698911e+01,2.037218e+01,1.579860e+00,-1.558385e+00,8.165311e-01,1.189369e-01,1.763358e+00
8.297180e+00,2.203435e+01,1.053857e+00,7.594647e-02,8.225896e-01,-7.460753e-01,1.113126e+00
1.642825e+01,2.182126e+01,3.339686e+00,-5.700112e-01,7.924840e-01,3.711298e-01,1.044357e+00
1.903706e+01,1.854898e+01,2.828745e+00,2.492888e+00,3.575752e-01,1.736098e-01,2.524380e+00
1.630879e+01,2.007028e+01,2.655581e+00,7.579834e-01,-2.180337e-01,4.234411e-02,7.898547e-01
1.483884e+01,2.265833e+01,4.376248e+00,-1.549769e+00,-2.869741e-01,1.225604e+00,1.996558e+00
1.509733e+01,1.870976e+01,2.127241e+00,-5.270724e-01,-1.138269e-01,-1.085586e+00,1.212130e+00
1.753463e+01,2.028708e+01,2.907758e+00,-5.338471e-01,1.868289e+00,-1.267134e+00,2.319725e+00
1.745149e+01,2.080139e+01,7.770287e-01,-1.270183e+00,-2.884577e-01,-5.541155e-01,1.415492e+00
1.487784e+01,2.138405e+01,1.543210e+00,-1.714865e+00,-8.994564e-01,6.405253e-01,2.039622e+00
1.742653e+01,1.874792e+01,2.923934e-01,2.707087e-01,1.746568e-01,-7.965115e-02,3.318622e-01
1.535277e+01,1.978317e+01,2.171596e+00,2.777324e-01,-7.876656e-01,-8.048806e-01,1.159907e+00
1.646458e+01,1.741924e+01,2.781496e+00,3.857371e-01,-6.083105e-01,-3.066436e-01,7.828570e-01
1.397959e+01,1.676139e+01,2.354051e+00,5.471527e-01,-1.132844e-01,5.073474e-01,7.547257e-01
1.631906e+01,2.072829e+01,3.568872e+00,-2.928566e-01,1.313527e+00,9.691043e-01,1.658398e+00
2.144594e+01,2.059210e+01,6.386444e-01,2.301634e-01,-5.810112e-01,6.733867e-01,9.186941e-01
2.161780e+01,1.848341e+01,1.555083e+00,-3.060571e-01,1.647207e+00,-5.625236e-01,1.767313e+00
1.626930e+01,1.974930e+01,1.177647e+00,-5.559455e-01,-9.513825e-01,-7.976766e-02,1.104793e+00
1.865190e+01,2.062469e+01,2.433208e+00,-3.987252e-01,1.615303e+00,5.324961e-01,1.746923e+00
1.966464e+01,1.710032e+01,3.735912e+00,-8.957717e-01,-1.024062e+00,5.887105e-01,1.482461e+00
1.993158e+01,1.603323e+01,1.929751e+00,-4.547695e-02,-2.394604e-01,-1.288619e+00,1.311468e+00
2.217070e+01,1.857741e+01,3.853345e+00,-1.089115e+00,-7.376956e-01,1.558839e-01,1.324638e+00
2.303686e+01,1.755826e+01,4.002826e-01,4.477277e-01,-3.815149e-01,1.217497e-01,6.006969e-01
2.371937e+01,2.093812e+01,2.276083e+01,1.249270e+00,1.195541e-01,-4.591687e-01,1.336340e+00
2.254446e+01,1.801354e+01,1.233254e+00,-1.057217e+00,1.378933e+00,1.236365e-01,1.741968e+00
2.059991e+01,1.787960e+01,2.340249e+00,-2.340052e-01,-3.179884e-02,3.989190e-01,4.635795e-01
2.178883e+01,1.964886e+01,3.501992e+00,-2.228717e-01,1.296550e-01,-6.023065e-01,6.551758e-01
2.387923e+01,1.990479e+01,4.072572e-01,-4.623670e-01,1.288687e-01,1.366107e+00,1.447978e+00
4.823071e-01,1.919532e+01,2.249760e+00,6.605832e-01,5.416460e-01,3.975950e-01,9.422486e-01
1.974331e+01,2.070217e+01,5.413690e-02,-3.579029e-01,2.822484e-01,1.466418e+00,1.535623e+00
2.596095e+00,1.838352e+01,4.215798e+00,-4.110411e-01,1.214272e+00,7.163928e-01,1.468547e+00
5.951160e-01,2.092306e+01,7.079572e-01,-2.390829e-01,6.843978e-02,7.677074e-01,8.069816e-01
3.779227e+00,2.088594e+01,2.007009e-01,-2.237448e-01,3.038621e-01,-1.650550e+00,1.693136e+00
1.855700e+00,2.162209e+01,3.082213e+00,-1.253501e+00,-1.445803e+00,2.557539e-02,1.913705e+00
2.369764e+00,2.330998e+01,1.091972e+00,-2.054916e+00,-9.012020e-01,-1.092346e-02,2.243872e+00
4.014030e+00,7.538403e-01,2.286225e-01,1.792767e+00,4.013819e-02,9.029090e-02,1.795487e+00
6.021628e+00,3.578846e-01,9.748632e-01,3.718133e-01,-1.003829e+00,-8.014428e-01,1.337247e+00
6.244719e+00,4.780375e-02,2.382476e+01,1.351149e-01,-9.732471e-02,9.329111e-01,9.476557e-01
6.955849e+00,1.064924e+00,3.291629e+00,1.156948e-02,-4.143288e-02,-9.161409e-01,9.171503e-01
6.468063e+00,2.349589e+01,2.290519e+01,1.091242e+00,9.672467e-01,-8.764281e-01,1.701324e+00
6.841570e+00,1.821648e+01,5.106847e+00,7.777352e-01,-1.129704e-01,-4.172069e-01,8.897729e-01
2.045759e+00,1.593717e+00,2.372778e+01,3.484462e-01,-1.751838e+00,-6.348505e-01,1.895623e+00
8.386248e+00,2.317785e+01,1.510986e+00,1.375192e+00,-9.120141e-01,-8.045185e-01,1.835803e+00
9.312680e+00,2.365614e+01,1.149979e+00,2.761764e-01,-5.479813e-01,5.360415e-01,8.147991e-01
7.925360e+00,1.809045e+01,6.852550e+00,-6.753988e-01,1.159245e+00,9.058257e-01,1.618806e+00
6.769289e+00,9.042114e-01,4.985055e-01,-6.247766e-03,1.782921e+00,-1.043910e+00,2.066058e+00
6.683742e+00,2.307175e+01,2.384292e+01,6.990951e-01,2.584702e-01,5.384694e-01,9.195054e-01
1.106765e+01,2.017491e+01,2.283180e+01,3.940236e-01,-7.504221e-01,-4.710499e-01,9.696783e-01
1.026295e+01,2.255212e+01,1.907262e+00,5.625373e-02,2.436834e-01,7.033682e-01,7.465071e-01
1.012564e+01,2.043514e+01,4.002813e+00,-4.896154e-01,-4.634023e-02,-1.717243e-01,5.209221e-01
1.134406e+01,2.321203e+01,2.307131e+01,-1.401368e+00,-5.509313e-01,-1.264492e+00,1.966290e+00
1.489892e+01,2.119528e+01,5.983976e+00,5.332774e-01,-8.804965e-01,1.535351e+00,1.848503e+00
1.070971e+01,2.239932e+01,5.131415e-01,3.684112e-01,-3.974995e-01,7.734224e-01,9.444124e-01
1.155294e+01,2.150813e+01,1.055812e+00,-4.698075e-01,-4.496338e-01,-4.018284e-01,7.644316e-01
1.466030e+01,2.038452e+01,2.644077e+00,-1.148489e+00,1.252292e+00,4.301765e-01,1.752802e+00
1.429357e+01,2.272266e+01,5.106801e-01,-2.731274e-01,1.009633e+00,-1.620113e+00,1.928399e+00
1.482815e+01,1.756034e+01,2.048402e+00,-7.650637e-01,-6.139142e-02,1.352758e-01,7.793529e-01
1.143920e+01,2.180532e+01,2.121458e+00,6.000926e-03,-2.453414e-01,-1.869684e+00,1.885722e+00
1.392858e+01,4.248970e-01,1.116683e+00,-1.727129e+00,2.307393e+00,-6.409947e-01,2.952611e+00
1.456687e+01,2.078324e+01,3.705304e+00,9.715371e-01,-3.804529e-01,1.091880e+00,1.510242e+00
1.652352e+01,2.298500e+01,2.863831e+00,-2.004984e-01,3.752923e-01,1.197549e-02,4.256610e-01
1.313062e+01,2.056435e+01,3.851680e+00,-9.893853e-01,1.121014e+00,3.858542e-01,1.544163e+00
1.525881e+01,2.239823e+01,2.318861e+01,9.273194e-02,8.084546e-01,-3.757899e-01,8.963348e-01
1.885660e+01,2.233012e+01,8.351923e-01,7.820783e-01,-1.612470e+00,-1.022765e+00,2.063433e+00
1.739050e+01,2.051958e+01,5.138353e+00,-3.567744e-01,-9.630738e-01,1.091083e+00,1.498419e+00
1.493023e+01,2.384310e-01,6.291549e+00,-8.206114e-02,6.443956e-01,-2.499021e-01,6.960107e-01
1.784859e+01,2.318808e+01,4.054976e+00,-1.222420e+00,-1.316412e+00,-8.671020e-01,1.994773e+00
1.496924e+01,2.187253e+01,2.464970e-01,1.876400e-01,-1.034132e+00,1.267464e+00,1.646542e+00
1.955753e+01,1.814532e+01,2.305994e+01,-7.146082e-01,2.196902e+00,-1.593251e+00,2.806331e+00
1.634284e+01,2.264578e+01,3.916102e+00,-1.376951e+00,1.300185e+00,-5.732249e-02,1.894666e+00
2.043023e+01,2.021751e+01,3.663388e+00,4.363945e-02,4.089493e-01,-6.417269e-02,4.162476e-01
1.872344e+01,1.955522e+01,2.264322e+01,1.221640e+00,-1.362050e+00,-3.800459e-01,1.868694e+00
1.592338e+01,2.199176e+01,2.243294e+01,1.654485e+00,3.406953e-01,-6.959599e-01,1.826952e+00
2.053681e+01,2.054956e+01,2.273297e+00,7.839115e-01,1.077075e+00,-8.770380e-01,1.594930e+00
2.120240e+01,1.952225e+01,4.395632e-01,-1.929832e+00,-1.021150e+00,-1.441594e+00,2.616331e+00
2.155676e+01,2.332232e+01,2.383876e+01,3.416791e-01,2.291725e-02,1.045913e-01,3.580631e-01
1.753001e+01,1.735863e+01,6.299790e+00,2.736581e-01,-5.580438e-01,-9.118258e-01,1.103507e+00
1.935493e+01,2.018912e+01,4.020684e+00,1.633991e+00,-3.069251e-01,1.295889e-01,1.667610e+00
2.108881e+01,2.067438e+01,2.278292e+01,5.207830e-01,1.068776e+00,3.708737e-01,1.245409e+00
2.187017e+01,2.200119e+01,2.202624e+00,9.889163e-01,-1.091510e+00,-7.681668e-01,1.661153e+00
2.082235e+01,2.084657e+01,2.377049e+01,-8.904292e-03,-6.171074e-01,2.186354e-01,6.547536e-01
2.270801e+01,2.016143e+01,4.050534e+00,4.550806e-02,-1.063304e+00,4.349282e-01,1.149717e+00
7.233184e-02,1.987998e+01,1.518977e+00,-4.296999e-01,8.822578e-02,3.429308e-01,5.568010e-01
1.297484e+00,1.937769e+01,1.700788e+00,-4.989436e-01,3.140683e-01,-1.605580e+00,1.710401e+00
2.286510e+01,2.206634e+01,2.825056e-01,-1.000153e+00,-8.558107e-01,-4.707995e-01,1.397988e+00
2.105027e+01,2.278428e+01,2.876051e+00,1.125508e+00,1.047613e+00,1.012902e+00,1.841258e+00
3.113113e+00,2.327004e-01,9.088185e-01,-8.695404e-01,-1.454803e+00,1.229703e+00,2.093973e+00
1.881357e+00,2.904504e+00,2.433831e+00,-1.428991e+00,1.367321e+00,9.813691e-01,2.207865e+00
3.870679e+00,2.180472e+01,2.323646e+01,-4.812589e-01,2.098755e-01,-6.359203e-01,8.246530e-01
8.713811e-01,2.278942e+01,3.442292e+00,1.410248e-02,2.339510e-02,2.087585e+00,2.087764e+00
5.390750e+00,2.870502e+00,4.791665e-01,-1.489947e-01,5.598903e-01,1.295966e+00,1.419579e+00
4.130693e+00,2.254304e+01,1.554838e-01,5.331640e-01,-9.686497e-01,-5.828507e-01,1.249904e+00
4.214737e+00,2.300946e+01,4.097633e+00,-6.602545e-03,-1.294554e-01,-2.444671e+00,2.448105e+00
2.002788e+00,1.085026e+00,5.222055e+00,-1.255576e-01,-6.628368e-01,-7.281773e-01,9.926528e-01
5.727627e+00,1.724853e+00,5.128246e+00,-1.607973e+00,5.709201e-01,1.206854e+00,2.089982e+00
1.056666e+01,1.133650e+00,3.415222e+00,2.437461e-02,2.578556e-01,-9.291344e-01,9.645591e-01
6.603203e+00,2.343459e+01,3.324274e+00,-1.000506e+00,2.114036e-01,6.272263e-01,1.199632e+00
6.024254e+00,4.435544e-01,3.376579e+00,-9.356226e-02,-1.567229e+00,-1.149349e+00,1.945755e+00
7.358613e+00,1.971024e+01,4.160719e+00,-3.425978e-01,2.327991e-01,7.753112e-01,8.790200e-01
1.047374e+01,2.349145e+01,2.478064e+00,-3.622298e-01,-6.767455e-01,6.840162e-01,1.028141e+00
8.219405e+00,2.129928e+01,2.315390e+01,-1.656555e+00,1.312384e+00,-6.349968e-01,2.206751e+00
7.160828e+00,4.159856e-01,2.470566e+00,-5.226141e-01,7.920945e-01,1.787352e-01,9.656529e-01
6.137203e+00,3.295364e-01,2.224271e+01,2.507628e-01,-1.130589e+00,1.619759e-01,1.169337e+00
1.224698e+01,2.310141e+01,1.947029e+00,8.423118e-01,-8.444730e-01,7.423820e-01,1.404904e+00
1.057079e+01,2.339007e+01,1.035241e+00,1.379612e+00,1.004466e+00,-1.026501e+00,1.991478e+00
7.851895e+00,8.393906e-01,8.650972e-01,-1.045859e+00,-8.069139e-01,8.265583e-01,1.558246e+00
9.745653e+00,2.234713e+01,2.059403e+01,-6.791533e-01,-8.416723e-01,-2.814540e-01,1.117532e+00
1.015488e+01,2.154071e+01,1.610780e+00,-1.074439e+00,-7.818771e-01,1.106410e-01,1.333414e+00
1.641724e+01,1.847876e+01,1.348571e+00,4.570456e-01,-8.123010e-01,-5.805713e-02,9.338599e-01
7.159789e+00,2.174808e+01,1.237461e+00,8.127493e-01,-1.016233e+00,-4.673363e-01,1.382640e+00
8.963465e+00,2.143652e+01,2.347675e-01,9.474949e-01,7.603061e-01,1.002273e+00,1.574917e+00
1.097556e+01,2.388455e-01,2.146519e+01,-2.334588e-01,5.055592e-01,4.304483e-01,7.038315e-01
1.551886e+01,2.129816e+01,4.106163e+00,5.257224e-01,1.741674e+00,-6.720458e-01,1.939448e+00
1.341126e+01,2.319598e+01,2.011097e+00,1.243492e+00,-3.284844e-01,-2.332384e+00,2.663492e+00
1.538244e+01,2.115865e+01,2.313324e+01,-1.050796e+00,1.618776e+00,6.671744e-01,2.041991e+00
1.339426e+01,2.150363e+01,1.539987e+00,-1.541864e+00,-2.691390e-02,-1.756764e+00,2.337581e+00
1.436831e+01,2.207334e+01,3.118260e+00,-2.071544e+00,6.643915e-01,8.293532e-01,2.328204e+00
1.354642e+01,7.599365e-01,2.850911e+00,8.451771e-01,-2.155977e-01,-6.795818e-02,8.748857e-01
1.289117e+01,2.134209e+01,2.523344e+00,-7.611790e-02,4.373336e-02,-8.046528e-01,8.094273e-01
1.541784e+01,9.158642e-01,1.821029e+00,1.269359e-01,3.163810e-01,1.033758e+00,1.088516e+00
1.569475e+01,2.344879e+01,3.490026e+00,-5.521251e-01,-8.236858e-01,-3.672370e-01,1.057432e+00
1.711391e+01,3.014262e+00,2.892232e+00,2.984633e-01,-1.740203e-01,1.543327e-03,3.454935e-01
1.614604e+01,2.189535e+01,2.009903e+00,-3.159846e+00,-9.597775e-01,4.222008e-01,3.329273e+00
1.954605e+01,2.142976e+01,2.237123e+00,8.732980e-01,5.147332e-01,-2.141552e+00,2.369355e+00
1.704659e+01,2.151034e+01,1.439214e+00,7.655758e-01,-1.321599e+00,6.064297e-02,1.528532e+00
1.460287e+01,1.634424e-01,2.510786e+00,-9.216895e-01,-5.146659e-01,1.420018e+00,1.769419e+00
1.596663e+01,2.190199e+01,9.512409e-01,-8.392721e-01,1.013888e+00,1.202927e+00,1.783081e+00
1.824239e+01,2.043445e+01,1.262909e+00,9.303022e-01,-5.639359e-01,1.762817e-01,1.102071e+00
1.754284e+01,1.876741e+01,1.534547e+00,1.044187e+00,4.390020e-01,-1.068268e+00,1.556999e+00
1.857278e+01,2.072733e+01,3.583438e+00,-6.980615e-01,-5.885244e-01,3.390708e-01,9.739712e-01
2.085887e+01,2.189950e+01,1.913810e+00,1.252446e+00,8.512564e-01,-2.228309e-01,1.530657e+00
2.169337e+01,2.294010e+01,2.213778e+01,4.290064e-01,1.153018e+00,-5.174950e-01,1.334653e+00
2.118808e+01,1.973130e+01,2.337207e+01,1.041074e+00,-1.051725e+00,2.602261e-01,1.502557e+00
2.179936e+01,2.111517e+01,5.987898e+00,6.461559e-01,-5.578725e-01,6.284229e-01,1.060026e+00
8.687005e-01,1.991073e+01,8.206146e-01,-5.579553e-02,2.142993e+00,9.692950e-01,2.352672e+00
2.331031e+01,2.303292e+01,1.484341e+00,-6.759956e-01,1.199914e+00,-1.340501e+00,1.921902e+00
2.385226e+01,1.918599e+01,3.172486e+00,-9.621321e-01,-8.303471e-01,-8.433349e-01,1.525250e+00
2.073170e+01,2.285892e+01,6.954837e-01,6.350850e-01,4.776851e-01,-9.417858e-01,1.232265e+00
1.561560e+00,2.308306e+01,4.366755e+00,4.666478e-01,-1.869717e+00,5.274149e-01,1.997941e+00
2.962932e+00,3.947637e-01,2.358277e+01,-2.326252e+00,-4.233765e-01,3.753162e-01,2.394067e+00
7.123770e-01,2.028193e+01,5.264858e+00,-2.897127e-01,8.487341e-01,-4.637288e-01,1.009618e+00
2.172402e+00,2.228229e+01,4.365453e+00,2.451985e-01,8.341924e-01,5.378882e-02,8.711443e-01
1.295885e+00,5.405413e+00,5.434225e+00,3.275802e-01,2.305690e-01,3.724627e-01,5.469911e-01
1.193697e+00,1.707221e+00,5.133486e+00,4.005533e-01,1.645597e+00,1.039284e+00,1.987094e+00
1.456319e+00,7.955935e-01,2.128473e+00,3.361069e-01,-9.888340e-01,5.092291e-01,1.161927e+00
3.400450e+00,3.417685e-01,2.991059e+00,1.217927e+00,2.982488e-01,-2.010968e+00,2.369871e+00
5.249271e+00,3.849163e+00,2.380380e+01,-4.858432e-01,-1.270562e+00,-9.386107e-01,1.652683e+00
1.781593e+00,2.386502e+01,5.895180e+00,-5.290195e-01,1.273857e+00,-5.181925e-01,1.473465e+00
2.585369e+00,1.220470e+00,3.179638e+00,-3.949013e-01,-3.652307e-01,9.619432e-01,1.102123e+00
6.656705e-01,2.267795e+00,4.394439e+00,6.511600e-01,-1.902821e+00,3.872391e-01,2.048095e+00
4.717483e+00,2.510876e+00,1.708460e+00,1.549844e-01,2.591356e-02,-2.146997e-01,2.660595e-01
7.353359e+00,4.799564e-01,4.200675e+00,8.194132e-01,1.693693e-01,5.511844e-01,1.001962e+00
4.758323e+00,1.059552e+00,4.488040e+00,-4.041484e-01,7.441094e-02,-7.967117e-01,8.964499e-01
5.572977e+00,3.795542e+00,5.135146e+00,1.620288e+00,1.715830e-01,1.328854e+00,2.102529e+00
9.970678e+00,1.347790e+00,1.341521e+00,-1.395094e+00,-1.389055e+00,-1.123786e+00,2.266860e+00
6.195787e+00,5.368850e+00,4.017414e+00,-1.243356e-01,-1.303756e+00,-4.299359e-01,1.378436e+00
6.893515e+00,1.318732e+00,4.600923e+00,1.632887e-01,3.024945e-01,-1.722209e+00,1.756181e+00
8.296759e+00,4.722501e+00,4.890078e+00,-4.510775e-01,7.143482e-01,4.586483e-01,9.613130e-01
1.080707e+01,6.991059e-01,2.423515e+00,-4.242234e-02,9.679292e-02,-1.307395e+00,1.311660e+00
1.154189e+01,2.896577e+00,7.301755e-01,-8.866129e-01,7.618645e-01,-2.092012e-01,1.187554e+00
1.038408e+01,2.175059e+01,2.523728e+00,-7.262863e-01,-8.271115e-02,-1.219386e+00,1.421702e+00
1.064863e+01,3.971027e+00,5.144084e+00,-1.552126e+00,1.116626e+00,-1.874379e-01,1.921219e+00
7.352443e+00,4.406353e+00,4.629541e+00,-1.454230e+00,-5.481956e-01,3.026528e-01,1.583320e+00
1.095388e+01,2.242038e+01,4.521925e+00,3.569303e-01,-2.341397e-01,-1.383582e+00,1.447936e+00
1.077975e+01,2.847403e+00,4.419788e+00,-1.462155e+00,-2.354558e-01,-9.702240e-01,1.770501e+00
1.117753e+01,1.838975e+00,5.476290e-01,-6.603544e-01,-4.268204e-01,-1.093384e+00,1.346749e+00
1.181732e+01,3.817349e+00,2.255971e+01,-2.654380e-01,-3.760692e-01,-1.071892e+00,1.166549e+00
1.231862e+01,2.391917e+01,5.723786e+00,-6.061074e-01,-1.099804e+00,2.158088e+00,2.496853e+00
1.063286e+01,1.289808e+00,4.843360e+00,-1.408310e+00,1.362786e+00,8.532047e-01,2.137401e+00
1.240821e+01,6.794786e-01,3.675272e+00,3.495960e-01,-9.228110e-02,1.030309e+00,1.091911e+00
1.352456e+01,2.369014e+01,2.896024e+00,-6.989917e-02,-1.390641e+00,3.209315e-01,1.428904e+00
1.270757e+01,2.630160e+00,3.807146e+00,1.933500e+00,-3.584420e-01,8.934871e-01,2.159912e+00
1.602910e+01,3.338516e+00,4.092756e+00,3.900216e-01,-3.574415e-01,4.974729e-01,7.261959e-01
1.247218e+01,2.319985e+01,3.244471e+00,-6.642175e-02,1.089128e+00,-2.210817e+00,2.465425e+00
1.559936e+01,2.671500e+00,2.415345e+00,-2.966667e-01,8.052796e-01,1.832420e-01,8.775329e-01
1.740612e+01,4.378872e-01,2.524638e+00,-1.115259e+00,1.591752e+00,-1.981163e-01,1.953644e+00
1.637810e+01,2.361274e+01,5.852008e+00,1.767969e+00,8.853420e-01,1.202645e+00,2.314282e+00
1.681758e+01,2.211037e+00,5.830473e+00,1.661470e+00,3.164442e-01,-5.368091e-01,1.774481e+00
1.600380e+01,2.874213e-01,1.071656e+00,2.987442e-01,-5.652019e-03,1.374323e+00,1.406429e+00
1.879129e+01,6.596737e-01,6.030016e+00,2.028481e-01,9.274879e-01,7.340637e-01,1.200096e+00
1.828522e+01,2.376053e+01,2.410513e+00,-2.468748e-01,2.736709e-01,-1.619861e-01,4.025946e-01
1.780869e+01,4.019681e+00,7.623054e+00,7.417488e-02,-1.029304e+00,-3.551591e-01,1.091378e+00
1.716122e+01,2.219129e+01,2.662295e+00,-5.488757e-01,-2.000671e+00,1.267564e+00,2.431186e+00
1.876966e+01,2.345977e+01,5.010189e+00,-5.168536e-01,-6.638202e-02,-3.092345e-02,5.220158e-01
2.092705e+01,2.225983e+01,7.775344e+00,1.412482e+00,2.506593e-02,8.447668e-01,1.646014e+00
2.285757e+01,5.757623e+00,3.861289e+00,7.905601e-01,-1.627143e+00,1.182573e-01,1.812888e+00
2.268790e+01,5.329989e-01,3.070963e+00,2.563483e+00,-7.849487e-01,2.655338e-01,2.694085e+00
2.190837e+01,1.032711e+00,3.464482e+00,2.498754e-01,-6.273776e-01,7.807994e-02,6.798065e-01
2.006981e+01,1.834987e+01,3.389709e+00,-1.066556e+00,-3.908840e-01,1.893017e+00,2.207679e+00
2.063408e+01,2.392346e+01,4.766729e+00,-9.214485e-01,-2.731726e-01,1.198385e+00,1.536170e+00
2.301934e+01,2.194847e+01,2.564802e+00,-5.103078e-01,6.595124e-01,8.269409e-01,1.174394e+00
2.111595e+01,4.286730e-01,1.869835e+00,1.061226e-01,1.539729e+00,-3.611483e-01,1.585072e+00
2.372033e+01,2.282679e+01,3.550308e+00,1.779207e+00,7.433296e-01,-1.123806e-01,1.931514e+00
2.287143e+01,2.300459e+01,4.505979e+00,2.430654e-01,3.445062e-01,-1.302703e-01,4.412886e-01
1.652088e+00,2.069281e+01,2.205153e+00,2.529118e-01,1.027089e+00,6.629801e-01,1.248367e+00
2.301510e+01,4.973475e+00,5.778729e+00,-1.759524e+00,1.082063e+00,4.369742e-01,2.111334e+00
2.379158e+01,2.363855e+01,5.675723e+00,-3.781188e-01,-6.982283e-01,-1.160142e+00,1.405854e+00
6.683671e-01,2.377134e+01,6.365629e+00,3.864596e-01,2.152844e+00,-1.450799e+00,2.624672e+00
1.260263e+00,3.247637e+00,4.439472e+00,-4.637185e-01,-1.581733e+00,-5.798240e-01,1.747315e+00
2.372298e+01,1.300058e+00,1.213823e+00,-5.232436e-01,6.037456e-01,1.109541e+00,1.367250e+00
1.524924e+00,1.007288e+00,3.272409e+00,-1.986544e+00,-6.376389e-01,1.180541e+00,2.397211e+00
1.706248e-01,8.533952e-01,6.092724e+00,9.415002e-02,6.987201e-01,1.369589e+00,1.540405e+00
2.412378e+00,2.004288e+00,1.670582e+00,6.034454e-01,-6.343580e-01,1.765439e-01,8.931541e-01
7.247038e+00,3.904942e+00,5.669493e-01,-7.625019e-01,1.233445e+00,-3.687003e-01,1.496240e+00
3.213437e+00,2.547367e+00,8.058673e-01,1.290989e+00,-9.082365e-01,-6.590007e-01,1.710505e+00
2.222193e+01,3.177339e+00,5.365362e-01,1.270102e+00,-8.143045e-01,4.385667e-01,1.571175e+00
7.732729e+00,2.521517e+00,1.507658e+00,1.132793e+00,-1.430972e+00,-4.284542e-01,1.874693e+00
7.402319e+00,5.108092e+00,5.513925e+00,-9.520470e-02,7.219442e-01,-3.481682e-01,8.071484e-01
6.021901e+00,3.297761e+00,3.626512e+00,-1.908342e-01,-2.991955e-02,4.620035e-01,5.007595e-01
5.938543e-01,5.345611e+00,2.245117e+00,7.590798e-01,-1.518069e+00,-2.480435e-01,1.715302e+00
1.018102e+01,2.241156e-01,4.697023e-01,-9.691173e-01,-1.953830e+00,1.324128e-01,2.184988e+00
9.122896e+00,2.897009e+00,4.885462e-01,-4.710167e-01,1.429643e+00,-1.141350e+00,1.889025e+00
4.476187e+00,4.045792e+00,4.169195e+00,-2.686927e-01,1.721871e+00,9.129450e-01,1.967360e+00
8.567321e+00,7.463705e+00,6.157226e+00,4.580897e-01,1.886680e+00,8.237339e-01,2.109015e+00
8.475332e+00,2.378158e+00,3.599091e+00,2.356164e+00,-4.822056e-01,-9.371043e-01,2.581123e+00
6.476000e+00,6.495462e+00,6.450756e+00,3.376339e-01,-9.230732e-01,9.346685e-01,1.356343e+00
7.973024e+00,1.308136e+00,3.305780e+00,2.137777e-02,-4.859339e-01,-1.436985e+00,1.517074e+00
1.128608e+01,5.152895e+00,4.868316e+00,-7.287407e-01,8.245398e-01,1.933432e-01,1.117278e+00
1.047700e+01,4.625099e+00,2.656009e+00,-1.272303e+00,3.239403e-01,5.380263e-01,1.418860e+00
1.212711e+01,5.023152e+00,5.806039e+00,4.588192e-01,2.050299e+00,4.850784e-01,2.156279e+00
9.826000e+00,2.284072e+00,1.643757e+00,-2.890968e-01,7.176635e-01,-1.003551e+00,1.267175e+00
9.250682e+00,4.114701e+00,4.500758e+00,1.796358e+00,-9.971430e-01,8.497006e-01,2.223328e+00
1.302968e+01,6.728870e-01,5.848009e-01,8.977026e-01,-2.962419e-01,-6.763111e-01,1.162336e+00
1.155975e+01,1.097321e+00,3.181884e+00,-2.521420e-01,-6.726385e-01,-7.973601e-02,7.227558e-01
1.093760e+01,6.578233e-02,3.298894e+00,-1.594794e+00,6.843347e-01,1.784947e-01,1.744575e+00
1.297024e+01,5.819762e+00,5.987666e+00,5.668118e-01,2.777013e-01,1.126277e+00,1.291082e+00
1.518072e+01,4.151299e+00,5.846138e+00,-1.577446e+00,-6.235593e-01,-1.314985e+00,2.146240e+00
1.291239e+01,1.299892e+00,1.663688e+00,3.974567e-01,-1.670159e+00,4.087849e-01,1.764797e+00
1.578940e+01,3.154763e+00,7.832081e+00,1.998585e+00,-3.162428e-02,-3.002788e-01,2.021265e+00
1.028530e+01,4.101594e+00,4.096879e+00,-1.009995e+00,-1.833547e+00,-7.005419e-01,2.207430e+00
1.662655e+01,1.523404e+00,3.067567e+00,-4.797311e-01,-7.153792e-01,-8.780989e-01,1.230027e+00
1.620408e+01,3.544047e+00,2.253736e+00,-1.152124e+00,7.175717e-01,7.149029e-01,1.534075e+00
1.963897e+01,2.318385e+01,6.022157e+00,-8.020862e-01,-4.836349e-01,-2.188788e+00,2.380764e+00
1.439450e+01,4.623546e+00,5.424374e+00,6.864468e-01,2.386781e-01,-4.683108e-01,8.645759e-01
1.836389e+01,1.736575e-01,4.122019e+00,-8.648504e-01,-9.822455e-01,1.335211e+00,1.869642e+00
2.037807e+01,3.734935e+00,7.857356e-01,-3.754563e-02,-9.108120e-01,5.023579e-01,1.040842e+00
2.068188e+01,2.823854e+00,1.520635e+00,8.919305e-01,-1.033978e+00,-1.815147e-01,1.377533e+00
1.856593e+01,2.313440e+00,7.719805e+00,-4.108847e-01,-5.442468e-01,-7.018001e-01,9.785469e-01
1.899966e+01,2.392216e+01,3.145771e+00,-5.214259e-01,6.231206e-02,3.673726e-01,6.408825e-01
1.902248e+01,1.248362e+00,4.536031e+00,-5.660678e-01,-6.037544e-01,1.079916e+00,1.360577e+00
1.943660e+01,2.109512e+01,3.245520e+00,-2.148309e-01,3.893103e-02,-7.201054e-01,7.524758e-01
1.842085e+01,9.362267e-01,2.231524e+00,-2.160151e+00,-5.553107e-01,1.161585e+00,2.514737e+00
1.980296e+01,2.325609e+01,4.957779e+00,-5.265486e-01,-1.669879e+00,2.017123e-01,1.762509e+00
2.051133e+01,3.229204e-01,5.746604e+00,1.974656e+00,-7.864651e-02,4.593986e-01,2.028916e+00
1.949781e+01,7.780292e-01,2.544209e+00,3.667117e-01,7.025505e-01,-1.158261e+00,1.403433e+00
2.039741e+01,1.845085e+00,3.206943e+00,-1.382330e+00,3.079588e-01,2.790737e-01,1.443453e+00
2.040818e+01,2.122491e+01,3.094173e+00,5.966575e-01,8.814573e-01,-8.568375e-01,1.366432e+00
1.101199e+00,2.174797e+01,3.737771e+00,9.576766e-01,5.680771e-01,-7.872121e-01,1.363656e+00
2.081033e+01,2.278396e+01,6.727363e+00,-2.337390e-01,1.100238e+00,-1.453172e+00,1.837625e+00
2.339324e+01,2.344459e+01,7.024646e+00,1.149008e+00,-2.251555e-02,-5.491504e-01,1.273692e+00
2.053029e+01,8.475715e-01,3.790250e+00,2.542013e-02,1.400246e+00,1.186230e+00,1.835341e+00
2.200005e+01,4.675551e+00,1.138008e+00,2.703873e-01,1.741237e+00,-2.439383e-01,1.778910e+00
2.352449e+01,1.013380e+00,3.572540e+00,6.511250e-02,-1.076450e-01,-2.943304e-01,3.200898e-01
5.028220e-03,3.767529e+00,4.677889e+00,9.329154e-01,5.060951e-01,-6.487844e-01,1.243939e+00
2.709028e+00,3.150944e+00,3.631885e+00,5.470213e-01,2.855261e-03,1.980295e-01,5.817698e-01
2.875276e+00,4.491876e+00,3.306833e+00,5.356382e-01,-8.794941e-01,-1.688126e-01,1.043511e+00
2.017287e+00,2.166744e+01,5.445692e+00,-6.340315e-01,-3.939238e-01,-7.779534e-01,1.078139e+00
1.814190e+00,2.452048e+00,4.192801e+00,3.562119e-01,-7.713604e-01,-3.017031e-01,9.016144e-01
3.561646e+00,5.542699e+00,6.248594e-01,2.918162e-01,-1.339646e-01,3.650068e-01,4.861411e-01
3.747732e+00,7.673783e+00,3.957744e+00,6.454458e-01,-3.162526e-01,4.824137e-01,8.656436e-01
4.501396e+00,4.366841e+00,2.483275e+00,-5.147864e-01,-7.781707e-01,2.396274e-01,9.633151e-01
5.073412e-02,3.149839e+00,2.751813e+00,-4.931777e-01,3.367425e-01,-6.074012e-01,8.517957e-01
5.699725e+00,3.114261e+00,2.472116e+00,-8.924547e-01,-6.787959e-01,1.639758e-01,1.133193e+00
4.857440e+00,6.565931e+00,2.634733e+00,8.901019e-01,3.788830e-01,-6.121044e-01,1.144773e+00
6.586471e+00,5.780247e+00,1.950945e+00,3.125679e-01,3.983647e-01,-2.391046e-01,5.599680e-01
4.963582e+00,5.488471e+00,2.540739e+00,-2.461509e-01,2.586028e-01,-4.340106e-01,5.619883e-01
7.556218e+00,3.056061e+00,2.396180e+00,-2.673752e-02,3.764924e-01,1.854853e-01,4.205546e-01
5.639104e+00,6.383167e+00,1.930448e+00,-6.037201e-01,1.792908e+00,-1.296612e+00,2.293512e+00
9.716802e+00,1.547396e+00,4.403836e+00,3.928559e-01,-4.949859e-02,-2.873204e-01,4.892227e-01
3.510473e+00,3.809667e+00,5.262041e+00,1.996203e+00,6.422490e-01,-5.712716e-01,2.173399e+00
5.532723e+00,5.705236e+00,5.395839e+00,1.149388e+00,-1.591365e-02,2.195117e-02,1.149707e+00
9.774979e+00,4.490476e+00,6.092988e+00,1.280361e+00,-1.430056e+00,2.301328e-01,1.933221e+00
1.171974e+01,4.228858e+00,5.017551e+00,5.144520e-01,-2.888022e-01,-1.152411e+00,1.294650e+00
9.505881e+00,6.358628e+00,7.773023e+00,2.784418e-01,-1.074811e-02,1.583590e-01,3.205042e-01
9.464190e+00,5.084069e+00,4.066135e+00,2.149856e+00,5.103297e-01,-6.683105e-01,2.308453e+00
8.636120e+00,3.989957e+00,2.207497e+00,1.289670e+00,1.429112e+00,1.257000e+00,2.299056e+00
9.944312e+00,3.447898e+00,5.648479e+00,2.102408e+00,-5.110796e-01,8.761160e-01,2.334288e+00
1.286284e+01,2.746239e+00,7.311621e+00,8.958116e-02,1.362432e+00,-1.261409e-01,1.371189e+00
1.084708e+01,6.915618e+00,5.156781e+00,-1.020155e+00,4.501416e-01,6.329199e-01,1.282159e+00
8.894809e+00,6.315630e+00,4.468955e+00,-6.343479e-01,4.566390e-01,-1.795042e+00,1.957829e+00
1.129822e+01,2.963801e+00,3.463678e+00,-3.442588e-01,-9.196429e-01,2.649307e-01,1.017077e+00
1.257408e+01,3.657649e+00,5.040239e+00,4.534935e-01,-4.821904e-01,9.828884e-01,1.185004e+00
8.153237e+00,8.081649e+00,3.254886e+00,-1.614046e+00,6.989236e-02,1.094463e+00,1.951379e+00
1.489871e+01,3.524275e+00,3.918781e+00,2.046869e-01,-1.631161e-01,-2.120722e+00,2.136812e+00
1.261502e+01,6.528758e+00,4.547938e+00,-1.074013e+00,-2.784704e-01,-2.529285e-01,1.137991e+00
1.173651e+01,5.713681e+00,4.082230e+00,-8.432559e-02,1.833177e-01,-1.199388e+00,1.216243e+00
1.845917e+01,1.043532e+00,3.421220e+00,-2.358917e-01,-1.022423e+00,1.616563e-01,1.061662e+00
1.437659e+01,1.008203e+00,3.310860e-01,-1.128563e+00,3.743797e-01,-1.478180e-01,1.198192e+00
1.466429e+01,3.601062e+00,5.049399e+00,-7.235065e-01,-7.045693e-01,7.210489e-01,1.240883e+00
1.820105e+01,6.713376e+00,8.238994e+00,-2.210519e-01,3.085499e-02,4.683391e-01,5.188039e-01
1.479271e+01,1.969290e+00,6.032004e-01,6.812256e-01,9.365436e-01,1.372157e-01,1.166195e+00
1.924853e+01,1.814249e+00,3.016271e+00,2.232169e-01,-1.096302e+00,1.307989e-01,1.126415e+00
2.001047e+01,2.313409e+01,3.795118e+00,8.754209e-01,1.105633e+00,-8.914154e-01,1.668355e+00
1.861960e+01,3.689721e+00,4.041990e+00,-2.076210e-01,-5.988931e-01,-2.716588e-01,6.896216e-01
2.062966e+01,6.140176e+00,3.353555e+00,-5.843973e-01,1.231419e+00,2.871246e-01,1.392966e+00
2.242209e+01,1.570934e+00,4.130502e+00,-7.442026e-01,-8.856736e-01,-3.460947e-01,1.207492e+00
2.115810e+01,4.496127e+00,3.942704e+00,-1.105770e-01,6.188658e-01,-3.504469e-01,7.197466e-01
1.857853e+01,2.224760e+00,4.506326e+00,-5.144603e-01,-1.155223e+00,-9.852757e-01,1.603115e+00
2.277261e+01,3.688034e+00,2.857419e+00,1.385336e-01,-8.643933e-01,4.451026e-02,8.765549e-01
2.067603e+01,3.519505e+00,6.714869e+00,-4.151334e-01,5.963719e-01,-8.538210e-01,1.121163e+00
2.350005e+01,2.392947e+01,4.542172e+00,-2.448310e-01,-4.973932e-01,-8.627776e-01,1.025538e+00
1.813866e+01,1.929947e+00,1.288331e+00,3.422064e-01,-2.101731e+00,1.425272e+00,2.562377e+00
2.273313e+01,1.843216e+00,1.043858e+00,2.574576e-01,3.488647e-01,-5.825186e-01,7.261673e-01
2.326911e+01,2.412106e+00,3.213674e-01,-4.415657e-01,1.646803e+00,7.160530e-01,1.849236e+00
2.231573e+01,2.357253e+01,3.620684e+00,-6.906778e-01,2.150458e+00,-1.698076e+00,2.825768e+00
2.196813e+01,5.742864e+00,3.019553e+00,7.495840e-01,-2.788746e-01,6.759358e-01,1.047156e+00
2.389726e+01,3.248088e+00,3.823270e+00,3.285921e-01,1.266516e+00,-9.047738e-01,1.590802e+00
4.816752e-01,4.309107e+00,1.570118e+00,-8.522488e-02,1.042801e-01,-9.130498e-01,9.229288e-01
8.653197e-02,7.242832e+00,5.153155e+00,2.135784e-01,1.798283e+00,1.994171e+00,2.693725e+00
9.396473e-01,5.285974e+00,3.349642e+00,-4.661423e-01,-1.116792e-01,-1.099186e-01,4.917753e-01
3.788836e+00,6.259462e+00,2.279698e+01,1.662962e+00,1.045868e+00,5.341001e-01,2.035816e+00
6.727621e-01,7.160384e+00,4.345653e+00,-6.025618e-01,-6.635619e-01,-7.333563e-01,1.158105e+00
2.375159e+01,3.405757e+00,2.857414e-01,-1.193652e+00,-2.193829e-01,2.019740e+00,2.356328e+00
1.017456e+00,6.493572e+00,3.379256e+00,4.765401e-01,-4.333369e-01,-4.980113e-01,8.141785e-01
3.966378e+00,5.791854e+00,8.000824e+00,-1.439607e+00,1.291088e+00,6.080936e-02,1.934702e+00
3.343421e+00,9.696954e+00,4.564436e+00,-1.133851e+00,-3.186162e-01,-8.615652e-01,1.459256e+00
4.748233e+00,3.105389e+00,7.358825e+00,1.259110e+00,3.297275e-01,-4.045525e-01,1.362989e+00
1.709934e+00,6.759029e+00,4.037169e-01,6.423931e-01,1.995282e-01,4.546629e-01,8.119106e-01
7.180159e+00,3.598549e+00,3.761915e+00,-7.288258e-01,-5.841533e-01,3.012017e+00,3.153517e+00
4.066726e+00,9.121106e+00,6.759615e+00,1.539203e-01,7.400064e-01,-3.653905e-03,7.558534e-01
3.696100e+00,6.334801e+00,6.075622e+00,1.248374e-01,-3.510094e-01,1.847016e-01,4.158204e-01
4.042624e+00,7.400615e+00,4.984211e+00,-1.950608e+00,-6.852207e-01,1.915370e+00,2.818340e+00
7.253496e+00,5.729418e+00,6.302375e+00,9.959355e-01,3.183738e-01,-1.382310e+00,1.733214e+00
6.969476e+00,8.836947e+00,7.611420e-02,-2.871173e-02,-1.089813e+00,-1.992006e-01,1.108241e+00
6.463473e+00,6.690890e+00,2.718795e+00,-1.371081e+00,8.210372e-01,7.996708e-02,1.600112e+00
7.844947e+00,7.594798e+00,4.418681e+00,-8.349997e-01,-5.232350e-01,-1.284768e+00,1.619145e+00
8.798821e+00,7.353749e+00,4.761333e+00,1.547236e+00,-2.555603e-01,-8.317353e-01,1.775115e+00
1.018510e+01,6.591706e+00,5.923588e+00,9.401190e-01,3.420657e-02,-7.053747e-01,1.175818e+00
1.059302e+01,1.043659e+01,4.615864e+00,-1.627829e-01,1.404847e+00,-1.140993e+00,1.817129e+00
7.771851e+00,8.753336e+00,7.499723e+00,1.057126e+00,-1.777272e+00,-1.926656e+00,2.826343e+00
1.057354e+01,8.138950e+00,5.885617e+00,9.086586e-01,1.126727e+00,5.440180e-01,1.546328e+00
1.387898e+01,3.183163e+00,2.052031e+00,4.518137e-01,-3.472645e-01,1.309115e+00,1.427764e+00
1.030509e+01,7.096012e+00,8.721779e+00,-2.107026e+00,-9.934583e-01,2.771575e-01,2.345919e+00
1.128688e+01,9.635993e+00,2.952248e+00,1.866847e-01,-7.492837e-02,-1.235000e+00,1.251276e+00
9.747740e+00,7.645273e+00,5.904867e+00,6.298304e-01,-4.009627e-01,3.106079e-01,8.086623e-01
1.433295e+01,7.315089e+00,3.628279e+00,-5.118330e-01,-5.187619e-01,-1.480461e+00,1.650106e+00
1.510330e+01,6.612980e+00,4.413482e+00,-2.636598e-01,-5.124574e-01,-7.423643e-01,9.398052e-01
1.126022e+01,6.739825e+00,3.136848e+00,-1.753892e+00,-3.537189e-01,1.981076e-01,1.800139e+00
1.492201e+01,4.423137e+00,4.444304e+00,-4.725999e-01,3.618628e-01,2.005743e+00,2.092199e+00
1.499196e+01,4.541275e+00,3.283226e+00,-5.208593e-01,1.588039e-01,-1.818312e+00,1.898097e+00
1.504170e+01,1.906983e+00,1.635853e+00,-4.114908e-01,2.223787e-01,-1.281009e+00,1.363731e+00
1.444286e+01,1.929513e+00,9.516979e+00,-1.482517e-02,1.730118e+00,1.926617e+00,2.589475e+00
1.495121e+01,3.623695e+00,7.212166e+00,1.498203e-01,4.279727e-01,8.785141e-01,9.886323e-01
1.700161e+01,3.464243e+00,4.960996e+00,-9.843611e-01,-4.250371e-01,-3.875834e-01,1.140107e+00
1.789135e+01,1.421126e+00,4.335328e+00,-3.794120e-02,-2.199548e-01,2.048305e-01,3.029442e-01
1.708689e+01,5.908505e+00,4.808776e+00,-3.114259e+00,-3.039801e-01,3.584327e-01,3.149522e+00
1.623474e+01,2.445451e+00,3.232048e+00,-4.106756e-01,1.180879e+00,-5.346777e-02,1.251395e+00
1.657515e+01,5.265473e+00,3.620695e+00,2.102586e+00,1.109519e-01,-1.924619e-01,2.114290e+00
2.099817e+01,6.741332e+00,4.158858e+00,3.245098e-02,6.981109e-01,-1.278089e-01,7.104555e-01
2.019979e+01,4.975766e+00,3.620182e+00,1.742061e+00,1.140833e+00,-1.124777e+00,2.366727e+00
1.988858e+01,6.581531e+00,2.694169e+00,-4.007655e-01,-1.532808e+00,6.228577e-02,1.585558e+00
2.070132e+01,4.141790e+00,1.806446e+00,7.374971e-01,-5.123607e-01,-6.064142e-01,1.083584e+00
2.075566e+01,5.397340e+00,4.340471e+00,1.399758e-01,-9.744794e-01,-1.651710e+00,1.922849e+00
1.847154e+01,7.032485e+00,5.129443e+00,8.408325e-01,-1.646898e+00,-6.032821e-01,1.945051e+00
2.140634e+01,5.153065e+00,1.778443e+00,3.977798e-01,2.046786e+00,-8.974001e-01,2.269997e+00
1.983930e+01,5.239905e+00,4.915407e+00,1.573031e+00,-1.501183e-01,9.187255e-02,1.582847e+00
2.109739e+01,5.237148e+00,3.078928e+00,1.155265e+00,2.448795e+00,-6.258228e-01,2.779008e+00
1.924106e+01,4.564380e+00,4.064495e+00,-1.421003e-01,8.871714e-01,-1.314539e+00,1.592256e+00
2.196901e+01,2.092711e+00,5.083011e+00,-3.060249e-01,9.260223e-01,-3.906561e-01,1.050610e+00
2.218899e+01,6.504030e+00,4.374988e+00,1.797963e-01,5.995909e-01,2.398824e-01,6.703577e-01
2.207990e+01,2.630678e+00,1.512911e+00,-5.222693e-01,7.834930e-02,-4.330429e-01,6.829568e-01
1.610735e+00,4.716504e+00,2.040461e+00,2.208833e-01,-3.485538e-01,-8.645142e-01,9.579478e-01
2.365329e+01,4.870086e+00,6.679006e+00,-3.000754e-01,-8.411327e-01,-5.443338e-01,1.045872e+00
2.185317e+01,6.186460e+00,2.088729e+00,-3.727882e-01,-1.843976e-01,1.964228e+00,2.007776e+00
1.688037e+00,5.798497e+00,2.006472e+00,1.168465e+00,-1.317295e-01,1.498957e+00,1.905134e+00
2.174985e+01,8.774065e+00,2.440748e+00,1.383589e-01,1.020845e+00,-6.300173e-01,1.207555e+00
2.281885e+01,6.287707e+00,3.048608e+00,-5.618815e-01,-9.344036e-01,-6.414107e-01,1.265001e+00
1.956841e+00,8.198766e+00,5.693793e+00,-1.017108e+00,2.020848e+00,6.495458e-01,2.353772e+00
2.098312e+00,6.047028e+00,5.075694e+00,-2.492616e-01,-7.403698e-01,1.295107e+00,1.512475e+00
1.179517e+00,7.345239e+00,1.233584e+00,1.745562e+00,2.839197e-01,1.014990e+00,2.039069e+00
3.169721e-01,7.032617e+00,1.906863e+00,1.887740e+00,3.453666e-01,-1.180759e+00,2.253227e+00
2.377106e+01,8.352683e+00,4.632301e+00,1.833907e-01,6.448335e-01,1.295104e-01,6.827996e-01
2.153311e+00,8.547907e+00,2.187519e+00,-3.437607e-01,1.823590e-01,-1.310518e+00,1.367071e+00
7.156005e-01,7.410721e+00,6.081167e+00,-2.331326e+00,-6.588921e-01,1.311829e+00,2.755017e+00
4.889465e+00,6.942935e+00,4.015342e+00,-4.327163e-01,1.153385e+00,-3.473166e-02,1.232375e+00
6.531870e+00,7.619409e+00,6.887358e+00,5.577333e-01,1.402626e+00,1.334868e+00,2.015018e+00
8.772811e+00,9.603813e+00,6.204173e+00,-9.659190e-01,-1.187416e+00,4.245982e-02,1.531260e+00
8.328398e+00,8.708531e+00,5.766685e+00,1.147790e+00,4.742110e-01,-5.394546e-01,1.353998e+00
6.602424e+00,8.913378e+00,3.550118e+00,-1.213004e+00,-5.755702e-01,6.642577e-01,1.497965e+00
6.657773e+00,9.306202e+00,6.358123e+00,-1.310002e+00,1.523727e-01,-4.677969e-02,1.319663e+00
7.788328e+00,9.887167e+00,5.554331e+00,2.224980e+00,-6.363058e-01,-1.189442e-02,2.314209e+00
8.683673e+00,9.548339e+00,5.244337e+00,3.913607e-01,-2.984848e-01,-4.968841e-01,6.993927e-01
4.493511e+00,9.672669e+00,4.989351e+00,-9.277736e-01,-1.837473e+00,-1.370700e+00,2.473033e+00
1.045929e+01,9.986876e+00,7.843300e+00,-5.526202e-02,9.348265e-01,3.880796e-01,1.013686e+00
1.029738e+01,8.330076e+00,1.992828e+00,4.415170e-01,6.860362e-01,1.626497e-01,8.318881e-01
8.980452e+00,1.021590e+01,3.175844e+00,-1.620040e+00,-6.817588e-02,9.599072e-01,1.884303e+00
1.135030e+01,9.276895e+00,7.369971e-01,7.008841e-02,-8.435410e-01,2.337325e-01,8.781256e-01
1.128396e+01,9.165724e+00,1.834734e+00,-7.372459e-01,-1.221952e+00,3.814808e-01,1.477236e+00
1.190579e+01,5.915726e+00,5.351123e+00,5.860239e-01,-1.448218e+00,-9.449815e-01,1.825856e+00
9.534952e+00,1.112251e+01,7.052897e+00,-9.957394e-01,-1.359255e+00,8.239629e-02,1.686968e+00
1.457848e+01,2.148213e+00,2.651738e+00,-7.788263e-02,-2.926135e-01,7.445537e-01,8.037715e-01
9.936060e+00,6.906410e+00,2.662274e+00,-1.202453e+00,-1.871758e+00,1.297105e+00,2.575239e+00
1.602546e+01,4.437853e+00,4.030281e+00,8.865155e-01,1.560515e-01,-1.301300e+00,1.582290e+00
9.190313e+00,4.457785e+00,1.129553e+00,3.922031e-01,-1.121279e+00,-1.743998e+00,2.110123e+00
1.302497e+01,7.285362e+00,2.178700e+00,1.431240e-01,1.340830e-01,4.087745e-01,4.533865e-01
1.373371e+01,5.145636e+00,6.495508e+00,9.639849e-01,5.837871e-01,-2.006190e-01,1.144693e+00
1.568371e+01,3.327462e+00,5.384266e+00,1.231242e+00,6.263025e-01,-7.346554e-01,1.564587e+00
1.245410e+01,1.255358e+01,4.880045e+00,5.229705e-01,-4.187832e-02,2.013573e-02,5.250309e-01
1.680765e+01,7.904910e+00,3.844142e+00,-1.008582e+00,3.725596e-01,-8.664496e-01,1.380860e+00
1.475666e+01,9.005915e+00,5.450232e+00,-4.462999e-01,-9.010200e-01,-3.510424e-01,1.065012e+00
1.304302e+01,4.655907e+00,3.457485e+00,-6.350603e-01,-8.362320e-01,2.231077e-02,1.050278e+00
1.770384e+01,3.908771e+00,3.025579e+00,5.721890e-03,-6.229506e-02,1.085962e+00,1.087763e+00
1.475648e+01,8.886092e+00,4.394918e+00,-8.774140e-02,-1.517499e+00,-3.727276e-01,1.565065e+00
2.023947e+01,8.140497e+00,2.834595e+00,3.931893e-01,9.817971e-01,-1.543278e-01,1.068803e+00
1.757564e+01,4.896834e+00,2.772956e+00,2.253530e-01,-1.967667e+00,9.571025e-03,1.980553e+00
1.742003e+01,6.614898e+00,5.541106e+00,2.052759e+00,-1.331414e+00,7.217418e-01,2.550960e+00
2.294973e+01,7.777424e+00,1.614854e+00,-3.752277e-01,6.326831e-01,-2.145762e+00,2.268342e+00
2.104882e+01,8.589799e+00,3.737144e+00,-8.958551e-01,8.948727e-01,6.452498e-01,1.421162e+00
2.141961e+01,7.915764e+00,3.004798e+00,2.759872e-01,8.640040e-01,1.421329e+00,1.686074e+00
1.564896e+01,8.361912e+00,5.172727e+00,-8.505388e-01,1.974557e-02,1.524094e+00,1.745471e+00
1.888499e+01,7.323932e+00,1.642614e+00,1.924687e-01,2.323235e+00,-1.145107e+00,2.597255e+00
2.279934e+01,5.606481e+00,1.944626e+00,-7.496617e-02,2.459737e+00,-8.163898e-01,2.592763e+00
1.912461e+01,7.630206e+00,8.067411e+00,6.995205e-02,-3.391857e-01,4.543761e-01,5.713124e-01
2.197825e+01,7.176890e+00,2.492477e+00,2.361585e-01,-5.953361e-01,-1.460390e+00,1.594659e+00
2.006188e+01,3.575978e+00,5.283007e+00,1.305609e+00,1.921935e-01,2.740825e-01,1.347841e+00
2.194580e+01,3.817904e+00,4.572383e+00,5.896298e-02,-2.893234e-01,-6.359468e-01,7.011512e-01
2.187384e+01,6.188068e+00,5.978609e+00,-9.691627e-02,-9.090153e-01,3.119236e-01,9.659182e-01
2.157340e+01,6.639100e+00,3.261432e+00,8.478330e-03,-7.876669e-01,-8.214218e-01,1.138079e+00
2.123095e+01,9.598032e+00,1.680189e+00,-1.390102e+00,1.091003e+00,4.113613e-01,1.814357e+00
2.346042e+01,1.039564e+01,1.064903e+00,4.924786e-01,5.455015e-01,1.457596e+00,1.632388e+00
2.285441e+01,6.798566e+00,5.237640e+00,8.324205e-01,5.636501e-02,1.675148e+00,1.871423e+00
2.337797e+01,7.109189e+00,2.654617e+00,-2.531838e+00,-1.986679e+00,-2.444113e-01,3.227512e+00
1.399844e+00,9.415881e+00,1.039752e+00,4.912845e-01,3.498658e-02,-4.099467e-01,6.408126e-01
1.258549e+00,1.043606e+01,2.266235e+01,-1.905655e+00,7.196366e-01,-6.721496e-02,2.038116e+00
4.386489e+00,1.198413e+01,2.491525e+00,5.693597e-01,-1.411285e+00,-2.319686e+00,2.774318e+00
9.934454e-02,1.057038e+01,2.373685e+00,6.779532e-01,-1.740112e-01,7.708847e-02,7.041612e-01
2.607619e+00,7.280057e+00,3.280675e+00,1.023763e+00,-6.018674e-01,9.926768e-01,1.547818e+00
2.765892e+00,8.395413e+00,3.072718e+00,1.582580e+00,1.021198e+00,5.368265e-01,1.958466e+00
7.350900e+00,6.992873e+00,6.015176e+00,1.652910e-01,-1.049241e+00,7.329246e-01,1.290506e+00
3.525867e+00,1.044459e+01,1.196865e-01,1.902730e-02,9.507468e-01,1.055774e+00,1.420894e+00
1.640991e+00,1.330287e+01,2.457354e+00,1.695485e+00,5.804683e-01,8.148110e-01,1.968637e+00
4.203192e+00,9.843428e+00,7.872901e+00,-9.464968e-01,-1.189566e+00,1.382927e+00,2.055093e+00
5.738438e+00,7.733046e+00,5.081069e+00,9.146281e-01,-8.654594e-01,6.060940e-01,1.397467e+00
6.715946e+00,7.403454e+00,4.177188e+00,-1.101080e+00,1.057743e+00,7.907963e-01,1.719464e+00
9.766298e+00,1.190484e+01,4.431784e+00,1.200783e+00,-1.761047e+00,9.703458e-01,2.341952e+00
1.004200e+01,1.113291e+01,6.041104e+00,-4.336711e-01,2.811978e-01,1.373707e+00,1.467724e+00
1.242539e+01,9.767520e+00,7.012759e+00,-1.119108e+00,5.470312e-01,5.681252e-01,1.369092e+00
8.753076e+00,1.219326e+01,4.227144e+00,-5.747486e-02,9.401475e-01,1.264778e+00,1.576973e+00
7.563230e+00,7.271870e+00,7.104502e+00,-1.349858e+00,8.653222e-01,2.859520e-01,1.628701e+00
1.080733e+01,8.647954e+00,2.831315e+00,5.303309e-01,-6.893425e-01,1.066151e+00,1.375907e+00
1.124560e+01,1.204516e+01,7.243777e+00,9.657111e-01,7.089458e-01,1.237802e+00,1.722601e+00
6.038875e+00,1.200647e+01,6.676251e+00,-1.112563e+00,-3.285364e-01,1.618920e+00,1.991641e+00
1.047705e+01,9.301748e+00,4.338078e+00,1.668150e+00,1.181047e+00,-1.108966e+00,2.325382e+00
1.326917e+01,4.444530e+00,4.485902e+00,-9.484552e-02,7.063939e-02,-1.167844e+00,1.173817e+00
9.873029e+00,9.740890e+00,3.462649e+00,9.638368e-01,-1.428104e+00,-4.960456e-01,1.792910e+00
1.140076e+01,1.104571e+01,7.838780e+00,-1.308343e+00,-9.364280e-02,1.092013e+00,1.706758e+00
1.285590e+01,8.819116e+00,5.213953e+00,8.703412e-02,9.477752e-01,1.584139e-01,9.648563e-01
1.213614e+01,1.148343e+01,5.317849e+00,3.407800e-01,2.885929e-01,4.204829e-01,6.133700e-01
1.416087e+01,7.096644e+00,4.761234e+00,-4.054346e-01,1.143722e+00,-8.812877e-01,1.499715e+00
1.130513e+01,7.214888e+00,4.336079e+00,1.588210e+00,1.437742e+00,-1.647376e+00,2.702473e+00
1.699676e+01,1.000065e+01,6.638499e+00,-1.679772e+00,7.001888e-01,1.857450e-01,1.829317e+00
1.685287e+01,1.115277e+01,6.057828e+00,6.601332e-01,9.764037e-01,-1.704348e+00,2.072183e+00
1.579556e+01,5.313235e+00,5.861786e+00,1.966042e-01,-1.086619e+00,1.649966e-01,1.116520e+00
1.371580e+01,9.007303e+00,4.719777e+00,-8.450419e-01,-1.080296e-01,1.544704e-01,8.658103e-01
1.185462e+01,6.923134e+00,5.183252e+00,4.715989e-01,2.874755e-01,-1.288161e+00,1.401573e+00
1.377020e+01,7.560119e+00,7.813741e+00,1.540772e+00,3.302686e-01,4.467819e-01,1.637886e+00
1.844504e+01,9.399488e+00,4.510780e+00,-5.595821e-02,3.643567e-02,-9.125763e-01,9.150161e-01
1.740935e+01,7.626644e+00,4.661642e+00,1.899647e+00,-5.083790e-01,3.561739e-02,1.966819e+00
1.409770e+01,8.167391e+00,4.057338e+00,5.410317e-01,1.101044e-01,2.478254e-01,6.051907e-01
1.580117e+01,8.181069e+00,6.304092e+00,-1.098986e+00,7.450974e-01,1.724185e+00,2.176179e+00
1.920648e+01,6.134265e+00,5.082718e+00,-6.494973e-01,-7.178723e-01,-1.109809e-01,9.744251e-01
1.399763e+01,1.048310e+01,8.059073e+00,-7.855816e-01,8.572160e-01,-1.118119e+00,1.613117e+00
2.248657e+01,4.701456e+00,2.409170e+00,-1.404823e+00,2.378571e-01,-1.102865e-01,1.429079e+00
2.057146e+01,8.514552e+00,6.269588e+00,-1.929391e+00,8.934075e-01,2.632422e-01,2.142434e+00
2.274904e+01,8.806564e+00,5.499903e+00,1.332265e+00,1.398784e-01,-1.284258e-02,1.339650e+00
1.790077e+01,7.874358e+00,6.676669e+00,-1.167622e+00,-8.683684e-01,3.552121e-01,1.497858e+00
2.149866e+01,8.074166e+00,8.134818e-01,-8.127304e-01,7.039577e-01,-1.124270e-01,1.081077e+00
2.094480e+01,6.544408e+00,2.404244e+00,5.603990e-01,-2.483458e+00,1.184555e+00,2.807986e+00
2.211842e+01,8.939515e+00,6.466209e+00,6.915768e-01,6.419709e-01,-3.834194e-01,1.018536e+00
5.126519e-01,6.914931e+00,7.325903e+00,-2.415444e+00,1.008721e+00,-3.914903e-01,2.646725e+00
2.181011e+01,7.142751e+00,5.171824e+00,-2.198076e+00,1.767410e+00,-4.307342e-01,2.853210e+00
2.037904e+01,1.022728e+01,1.110540e+00,-7.414354e-01,-2.199671e-01,4.299188e-01,8.848402e-01
2.009981e+01,6.879358e+00,1.561447e+00,-1.986174e-01,-4.821020e-01,4.019436e-01,6.583539e-01
2.194389e+01,9.488553e+00,4.341384e+00,-3.025220e-01,-3.275394e-01,1.073440e-01,4.586113e-01
2.371326e+01,8.201079e+00,2.337175e+00,-4.720121e-01,-2.171648e-01,5.568165e-01,7.615777e-01
2.097831e+01,1.072881e+01,3.585082e+00,-1.311862e+00,1.782286e-01,5.087452e-01,1.418298e+00
2.246080e+01,9.259061e+00,2.999015e+00,3.402299e-01,-9.396897e-01,-3.972296e-01,1.075437e+00
1.087873e+00,1.048570e+01,4.431962e+00,1.108405e+00,-1.168183e+00,3.942186e-01,1.657897e+00
2.259762e+01,7.305950e+00,2.340286e+01,-9.697410e-01,-5.319729e-01,1.207856e+00,1.637776e+00
1.791879e+00,1.397900e+01,1.652976e+00,1.277009e+00,2.368565e+00,-8.784827e-01,2.830651e+00
1.555336e+00,8.783885e+00,3.257300e+00,-7.189520e-01,-1.131085e+00,3.531235e-01,1.385981e+00
1.945723e+00,1.111190e+01,4.372674e+00,-3.324841e-01,7.449660e-01,-1.187715e+00,1.440898e+00
5.598642e+00,1.083582e+01,3.860898e+00,9.571816e-01,6.010611e-03,2.287543e-01,9.841551e-01
9.610947e-01,1.553176e+01,2.233513e+01,-3.837004e-01,8.939258e-01,5.220035e-01,1.104000e+00
5.809544e+00,9.205478e+00,2.030636e+00,5.845664e-01,-5.553850e-01,1.078003e+00,1.346202e+00
3.757425e+00,1.063340e+01,2.960576e+00,6.172908e-01,-6.628159e-01,4.908607e-01,1.030202e+00
4.551387e+00,8.940492e+00,5.418896e-02,-7.286884e-01,9.880817e-01,-7.317041e-01,1.429225e+00
8.810265e+00,1.168817e+01,7.248087e+00,1.335745e+00,-4.600299e-01,-1.837564e+00,2.317862e+00
4.730353e+00,1.063429e+01,4.685558e+00,1.731368e-01,1.181348e+00,2.102324e-01,1.212335e+00
8.716925e-01,8.476916e+00,4.164152e+00,1.613717e+00,-3.735791e-01,7.737997e-01,1.828226e+00
6.423142e+00,9.374883e+00,5.215029e+00,1.198152e+00,6.941632e-01,-2.985135e-01,1.416524e+00
7.540560e+00,1.330560e+01,3.701321e+00,1.738211e-02,8.678253e-01,-7.069020e-01,1.119434e+00
5.528955e+00,1.494994e+01,6.915537e+00,-6.945228e-01,4.324821e-01,4.167143e-01,9.181794e-01
7.165172e+00,1.474497e+01,1.175062e+00,-3.256384e-01,-9.284806e-01,5.348065e-01,1.119882e+00
6.967095e+00,1.604810e+01,8.164335e+00,-8.810237e-01,-6.041140e-01,-8.890651e-01,1.389818e+00
1.122282e+01,8.788303e+00,3.777803e+00,8.703282e-02,-4.213537e-01,-2.651124e-01,5.053694e-01
1.345585e+01,1.051880e+01,8.977239e+00,3.131788e-01,-2.151017e-01,-9.980617e-02,3.928244e-01
1.089182e+01,1.217799e+01,2.379209e+01,1.061834e+00,1.169524e+00,-7.747731e-01,1.759417e+00
6.820533e+00,1.065425e+01,6.935486e+00,5.529148e-01,-5.571781e-02,-9.938082e-02,5.645315e-01
9.704877e+00,9.699984e+00,5.138750e+00,5.185951e-01,-1.382880e+00,2.733991e-01,1.502014e+00
1.038161e+01,1.130733e+01,7.774627e+00,-1.359006e+00,9.576068e-01,-6.108303e-01,1.771164e+00
9.981786e+00,1.299082e+01,3.905757e+00,3.273538e-01,5.965765e-01,-6.200107e-01,9.205853e-01
1.173137e+01,1.222615e+01,5.834576e+00,-3.532428e-01,6.507916e-02,2.297643e-01,4.263888e-01
1.214840e+01,1.181432e+01,3.976918e+00,1.026157e+00,1.274872e-01,3.381085e-02,1.034599e+00
1.476094e+01,1.229424e+01,6.110361e+00,8.908313e-01,-2.133205e-01,-2.414212e+00,2.582151e+00
1.143231e+01,1.031330e+01,6.189596e+00,-1.604844e+00,-1.004673e+00,1.377525e+00,2.341467e+00
1.627378e+01,1.226974e+01,7.340175e+00,1.431928e+00,9.392079e-01,-1.194956e+00,2.088168e+00
1.447878e+01,1.145614e+01,6.959211e+00,-9.125968e-01,7.668966e-01,6.088986e-01,1.338552e+00
1.566090e+01,1.202420e+01,4.010042e+00,-5.801570e-01,5.890214e-01,-1.477340e-01,8.398534e-01
1.229974e+01,1.087706e+01,6.092115e+00,3.804877e-01,1.585943e+00,4.309431e-01,1.686919e+00
1.473996e+01,9.470665e+00,6.368212e+00,-5.779062e-01,-9.760163e-01,8.201890e-01,1.399748e+00
1.960290e+01,1.203641e+01,7.187431e+00,-7.189371e-01,3.238310e-01,1.111065e+00,1.362425e+00
1.621798e+01,1.049611e+01,7.165277e+00,-1.434165e-01,-2.213743e+00,1.998188e-01,2.227364e+00
1.304992e+01,1.149378e+01,6.923493e+00,-6.833581e-02,2.313617e+00,7.261444e-01,2.425856e+00
1.882364e+01,1.019552e+01,3.703856e+00,3.614564e-01,-6.582065e-01,9.586279e-02,7.570180e-01
2.334701e+01,1.227376e+01,6.975450e+00,6.565221e-01,-1.841420e-01,-7.794777e-01,1.035623e+00
2.075643e+01,9.453384e+00,8.049416e+00,6.696964e-01,-4.956618e-01,-3.207317e-01,8.927725e-01
2.043968e+01,1.184787e+01,5.580791e+00,-8.523665e-01,-1.611075e+00,1.677999e+00,2.477453e+00
1.999161e+01,9.949864e+00,3.680885e+00,-9.872469e-01,-4.410569e-01,-1.618352e+00,1.946343e+00
1.890619e+01,7.979932e+00,4.754652e+00,9.221782e-01,-3.621970e-02,-1.475093e+00,1.740007e+00
2.021830e+01,7.460117e+00,6.394563e+00,-3.524103e-01,-1.413983e+00,-2.441914e-01,1.477555e+00
2.083909e+01,9.388301e+00,5.748890e+00,-1.198130e-01,-8.472460e-01,1.041262e-01,8.619879e-01
1.855028e+01,7.386801e+00,3.976606e+00,1.880041e+00,1.569871e+00,-6.553311e-01,2.535450e+00
2.013278e+01,1.216963e+01,1.199730e+00,-6.631272e-01,1.671977e+00,1.408201e-02,1.798734e+00
2.104709e+01,9.674718e+00,3.700680e+00,-1.668250e+00,2.171531e-01,-3.343293e-01,1.715223e+00
2.027711e+01,1.171489e+01,2.761680e+00,-5.857384e-01,-6.949510e-02,1.434451e-01,6.070384e-01
1.699446e+01,8.541898e+00,4.621801e+00,-1.554944e+00,7.256938e-01,3.622501e-01,1.753770e+00
1.938829e+01,7.069212e+00,4.628588e+00,-1.025793e+00,3.164366e-01,6.225396e-01,1.240942e+00
6.672152e-01,1.078435e+01,1.140864e+00,4.224490e-01,-1.278960e+00,-2.207613e+00,2.586070e+00
2.265033e+01,1.162562e+01,6.007580e+00,6.902309e-01,-7.852386e-02,-3.909477e-01,7.971353e-01
2.360194e+01,1.157239e+01,3.592905e+00,2.042516e+00,-1.058868e-02,1.678590e+00,2.643795e+00
2.233536e+01,1.584881e+01,4.079803e+00,1.497088e+00,-9.520573e-01,3.852714e-01,1.815522e+00
1.463940e+00,1.307466e+01,5.742786e+00,-1.219404e+00,-3.561342e-01,-6.879604e-01,1.444668e+00
1.418839e-01,1.222357e+01,4.353631e+00,7.690497e-01,-2.717932e-01,-1.098490e-01,8.230284e-01
1.253983e+00,1.165437e+01,2.147379e+00,3.103154e-02,-9.550904e-01,1.051810e+00,1.421079e+00
4.826322e+00,1.059997e+01,3.329206e+00,-6.324638e-02,-2.309505e+00,-8.757726e-01,2.470788e+00
2.942549e+00,1.106479e+01,4.790929e+00,-2.455423e-01,1.858519e-01,5.057513e-01,5.921286e-01
2.578665e+00,9.654626e+00,1.727536e+00,1.369755e+00,-8.775792e-01,-6.278786e-01,1.743733e+00
1.020764e+00,1.482417e+01,1.713567e+00,-1.677661e-01,1.318722e+00,-4.228086e-01,1.394970e+00
5.944268e+00,1.232513e+01,2.268852e+00,-1.143841e+00,1.477702e+00,2.146680e-01,1.880973e+00
3.622210e+00,1.538385e+01,5.616547e+00,-1.565231e+00,-1.784780e+00,-7.795019e-01,2.498602e+00
3.986446e+00,1.557824e+01,1.527630e+00,-1.407687e+00,-3.968975e-01,1.621718e+00,2.183823e+00
1.008320e+01,1.212680e+01,7.020871e+00,-9.748690e-01,-1.820132e-01,3.851567e-01,1.063882e+00
7.429826e+00,8.195905e+00,6.532899e+00,7.207738e-01,-1.000583e-02,2.168008e-03,7.208465e-01
4.528687e+00,1.147506e+01,3.818165e+00,-2.183491e+00,-1.254341e+00,5.664927e-01,2.581069e+00
3.910997e+00,1.355026e+01,5.479366e+00,-1.229706e+00,1.453983e-01,6.203117e-01,1.384956e+00
2.730051e+00,1.255949e+01,5.667015e-01,2.541370e+00,-7.970789e-01,5.755008e-02,2.664058e+00
9.351360e+00,1.672475e+01,2.342536e+01,-7.898926e-01,-1.471627e+00,4.294294e-01,1.724536e+00
8.797323e+00,1.225797e+01,5.579072e+00,-1.744819e-01,7.175593e-01,7.684825e-01,1.065786e+00
5.927867e+00,1.235879e+01,4.790568e+00,1.451049e+00,1.390673e+00,-1.081308e+00,2.282267e+00
8.179806e+00,1.229714e+01,3.222297e+00,-1.045182e+00,-7.891456e-01,-2.401372e+00,2.735278e+00
6.983136e+00,1.415830e+01,3.906654e+00,-6.745819e-01,-1.706203e+00,-5.519953e-01,1.915956e+00
9.110908e+00,1.380946e+01,7.339756e+00,-5.705897e-01,5.163232e-01,-1.892020e+00,2.042524e+00
6.187916e+00,1.362694e+01,6.027044e+00,6.035993e-01,1.239937e+00,-4.981930e-01,1.466279e+00
1.170212e+01,1.248843e+01,3.060661e+00,1.703206e+00,-6.521597e-01,-1.121504e-01,1.827239e+00
1.180129e+01,1.387095e+01,1.640301e+00,1.732931e-02,-1.862716e+00,8.663414e-01,2.054400e+00
1.120279e+01,1.481843e+01,1.355007e+00,6.893869e-01,1.079474e+00,1.289420e-01,1.287301e+00
8.574757e+00,1.126389e+01,6.333340e+00,-3.113568e-01,1.515212e-01,-1.743781e+00,1.777828e+00
9.300733e+00,1.374106e+01,3.293514e+00,-2.975112e-01,-4.833264e-01,-7.100805e-01,9.090279e-01
1.639916e+01,1.162581e+01,4.957355e+00,-3.342849e-01,-5.086695e-01,1.910987e+00,2.005583e+00
1.229280e+01,1.231862e+01,6.816900e+00,-3.900423e-01,-1.319145e+00,-2.888698e-01,1.405604e+00
1.613521e+01,1.516282e+01,4.573109e+00,9.407565e-01,-1.186873e-01,-1.313081e+00,1.619658e+00
1.745466e+01,1.364249e+01,4.875655e+00,1.010984e+00,-2.111753e+00,-5.738583e-01,2.410581e+00
1.766013e+01,1.224593e+01,3.703196e+00,1.526278e+00,5.161806e-01,1.779460e-01,1.620997e+00
1.286210e+01,9.684506e+00,4.431199e+00,-2.841574e-01,6.282260e-01,-2.998731e-01,7.518891e-01
1.330309e+01,1.307015e+01,5.802939e+00,-9.829279e-01,-2.008448e+00,-8.455329e-01,2.390594e+00
1.432528e+01,1.120717e+01,5.064816e+00,1.131804e+00,-2.843481e-01,2.752330e-01,1.198995e+00
1.513878e+01,1.467819e+01,4.282671e+00,6.499303e-01,-9.948275e-01,6.981436e-01,1.378222e+00
1.291785e+01,1.640271e+01,4.693915e+00,5.144055e-01,-1.854921e+00,-1.594010e+00,2.499242e+00
1.599733e+01,1.271183e+01,8.650131e+00,3.299719e-01,8.464121e-01,-1.090785e+00,1.419544e+00
2.088548e+01,1.269032e+01,5.989390e+00,2.932406e-01,-1.888549e-01,5.336460e-01,6.375220e-01
1.690257e+01,1.237380e+01,2.324356e+01,-9.513741e-01,1.109209e+00,-1.057053e+00,1.803557e+00
1.763320e+01,1.410805e+01,2.659014e+00,1.146736e+00,2.580164e-01,5.055678e-01,1.279521e+00
1.997807e+01,1.272107e+01,2.897217e+00,1.920910e-01,-9.730668e-01,7.034738e-01,1.215991e+00
2.099107e+01,1.185955e+01,4.008724e+00,-8.780120e-01,-1.186331e+00,4.827109e-01,1.552835e+00
1.867268e+01,1.475736e+01,1.954053e+00,-2.035994e-01,4.789323e-01,-7.412078e-01,9.056588e-01
1.892983e+01,1.208986e+01,3.066363e+00,-1.089215e-01,1.317664e+00,6.577830e-01,1.476747e+00
1.986085e+01,1.451234e+01,7.323057e+00,-2.104413e+00,-4.173372e-01,-1.459381e+00,2.594709e+00
2.291186e+01,1.560394e+01,2.300887e+00,-6.040372e-01,1.752489e-02,-5.996364e-01,8.513119e-01
1.757041e+01,1.149133e+01,2.865383e+00,-5.467692e-02,-5.863430e-01,-9.861140e-01,1.148568e+00
2.155279e+01,1.154509e+01,3.089850e+00,-2.294978e+00,5.460678e-01,-1.159410e+00,2.628564e+00
1.915231e+01,1.314641e+01,1.056237e+00,1.171445e+00,8.394351e-02,-3.152498e+00,3.364160e+00
2.000000e+01,1.458720e+01,1.330978e+00,1.165360e-01,-6.431185e-01,8.209865e-01,1.049381e+00
2.099479e+01,1.049369e+01,2.117952e-01,5.768252e-02,3.625592e-01,7.564033e-01,8.407868e-01
2.395777e+00,1.248626e+01,5.617456e+00,1.260341e+00,3.692077e-01,-1.572740e+00,2.048971e+00
1.029874e+00,1.411592e+01,2.457906e+00,-1.812951e+00,2.811603e-02,-1.211247e+00,2.180528e+00
2.274782e+01,1.108988e+01,1.650763e+00,-3.876067e-01,-1.295479e+00,1.994621e-02,1.352369e+00
2.343229e+01,1.452508e+01,3.036547e+00,-9.121756e-01,-4.640757e-01,-1.571058e-01,1.035429e+00
1.903111e+01,1.663739e+01,1.714038e+00,-6.185766e-01,-2.863311e-01,1.815544e-01,7.053967e-01
2.650477e+00,1.612099e+01,4.017910e+00,-7.301999e-01,1.742668e-01,-6.522624e-01,9.944883e-01
2.768712e+00,1.338147e+01,2.093478e+00,4.601156e-01,6.247050e-01,-3.785853e-01,8.633015e-01
4.087367e-01,1.574702e+01,1.431315e+00,8.016036e-01,-1.092277e+00,8.470552e-01,1.597855e+00
4.975219e+00,1.507647e+01,3.634692e+00,-1.677886e-01,-7.450750e-01,6.976001e-01,1.034377e+00
2.159676e+00,1.516146e+01,4.767721e+00,-5.372477e-01,8.526475e-01,-9.397076e-01,1.377931e+00
5.363233e+00,1.042727e+01,1.305212e+00,1.185502e-02,-1.642343e-01,-2.554739e-02,1.666317e-01
3.606462e+00,1.492176e+01,2.379939e+01,-1.367527e+00,5.814989e-01,-9.764696e-01,1.778135e+00
3.636668e+00,1.097344e+01,3.977715e+00,5.909201e-01,-9.346007e-02,2.802242e-01,6.606413e-01
3.231939e+00,1.421432e+01,1.795615e+00,-4.280749e-04,-7.432551e-01,9.188027e-01,1.181790e+00
7.869696e+00,1.139933e+01,4.387612e+00,-1.127528e+00,-1.003161e+00,-8.419268e-01,1.728147e+00
6.098222e+00,1.311574e+01,7.414955e+00,-3.389073e-01,-1.022958e+00,-8.654732e-01,1.382152e+00
4.564453e+00,9.619997e+00,2.918401e+00,-4.555912e-01,-2.070427e-01,-3.271778e-01,5.978924e-01
7.439525e+00,1.413661e+01,5.673372e+00,-8.711673e-02,5.081831e-01,7.280585e-01,8.921371e-01
5.579023e+00,1.715573e+01,2.220831e+01,-7.862698e-01,3.021620e-01,-2.103427e-01,8.681970e-01
6.666858e+00,1.927989e+01,5.158525e+00,-9.370740e-02,-4.524806e-01,-1.324357e+00,1.402655e+00
3.949404e+00,1.302584e+01,3.137501e+00,1.633518e+00,4.241789e-01,-5.745178e-01,1.782801e+00
4.872793e+00,1.261371e+01,3.523648e+00,-6.227176e-01,1.008534e+00,7.263007e-01,1.390119e+00
8.167743e+00,1.793484e+01,1.612124e+00,1.418032e-01,3.956930e-01,1.844042e+00,1.891342e+00
1.157119e+01,1.589714e+01,1.012326e+00,-1.355200e+00,1.034941e+00,1.138617e+00,2.050395e+00
1.057771e+01,1.525918e+01,6.329551e-01,-1.267698e+00,-8.156073e-01,-5.074443e-02,1.508260e+00
1.079451e+01,1.505335e+01,2.350351e+01,4.666197e-01,-2.757368e-01,-1.708589e+00,1.792496e+00
8.316906e+00,1.547757e+01,4.649656e-01,2.225257e+00,-9.504231e-01,1.851687e-01,2.426800e+00
8.886860e+00,1.428999e+01,2.373205e+01,-1.375979e+00,-1.262908e+00,-8.235969e-01,2.041217e+00
1.325972e+01,1.132345e+01,5.152502e+00,4.392448e-01,8.217756e-01,1.004255e-01,9.371961e-01
1.482311e+01,1.675915e+01,7.364951e+00,-1.045805e+00,8.261483e-02,3.571622e-01,1.108196e+00
1.615737e+01,1.408953e+01,4.264347e+00,-1.509617e+00,9.001894e-01,-1.128624e+00,2.088798e+00
1.180310e+01,1.501912e+01,4.342780e+00,1.383223e+00,-9.650830e-02,7.979657e-01,1.599803e+00
1.463311e+01,1.336680e+01,6.453588e+00,6.237353e-01,-5.153669e-01,-1.079397e+00,1.348980e+00
1.212745e+01,1.600576e+01,3.985970e+00,1.161911e+00,-1.313105e+00,1.067193e-01,1.756608e+00
9.468461e+00,1.272418e+01,4.970945e+00,1.126726e-01,-8.451411e-01,-4.926898e-01,9.847344e-01
1.515337e+01,1.531817e+01,2.375602e+01,2.083506e-01,1.301461e+00,7.302770e-01,1.506823e+00
1.617971e+01,1.213224e+01,5.989719e+00,2.185526e-01,-4.103531e-01,1.888613e-01,5.018201e-01
1.282599e+01,1.688589e+01,3.598412e+00,6.897226e-01,9.679654e-01,-2.323405e-01,1.211056e+00
1.416015e+01,1.511748e+01,4.281591e+00,-1.548127e+00,-2.336672e+00,2.316868e-01,2.812546e+00
1.800918e+01,1.467699e+01,3.539730e+00,-6.919343e-01,-4.690533e-01,-2.805067e-01,8.817415e-01
1.918383e+01,1.203744e+01,5.456155e+00,1.033750e+00,5.298305e-01,-1.538713e+00,1.927952e+00
1.565313e+01,1.305778e+01,2.826762e+00,-2.449394e-01,8.243367e-02,1.275452e+00,1.301371e+00
1.870256e+01,1.297727e+01,5.131890e+00,-1.786327e+00,-5.712320e-01,1.043568e+00,2.146231e+00
2.085179e+01,1.104828e+01,4.868221e+00,4.314462e-01,7.527515e-01,-1.503586e+00,1.735958e+00
1.916320e+01,1.348827e+01,6.062867e+00,-1.177910e+00,3.764252e-01,-2.019945e-01,1.252985e+00
1.739609e+01,1.314435e+01,4.056647e+00,-2.124600e+00,6.716198e-02,-1.461501e+00,2.579616e+00
2.060972e+01,1.152785e+01,6.558529e+00,2.608418e-01,-1.431345e+00,3.851582e-01,1.505036e+00
1.887085e+01,1.471809e+01,4.342810e+00,-3.088070e-01,-8.603869e-01,4.469782e-02,9.152187e-01
2.206618e+01,1.325912e+01,5.776169e+00,-4.062490e-01,8.607208e-02,-3.363691e-01,5.344070e-01
1.685766e+01,1.632751e+01,2.286439e+00,3.325830e-02,-1.584797e-01,-3.944927e-01,4.264345e-01
1.709039e+01,1.403964e+01,8.095827e-03,1.198674e+00,-2.700095e+00,2.265166e-01,2.962878e+00
2.007060e+01,1.471095e+01,2.396048e+00,1.660582e-01,2.024537e+00,3.874207e-01,2.067951e+00
2.154248e+01,1.521892e+01,3.465462e+00,9.363277e-01,5.547139e-01,-6.750310e-01,1.280658e+00
2.034129e+01,1.342425e+01,5.542816e+00,-6.126715e-01,-7.031494e-01,6.721415e-02,9.350418e-01
2.110432e+01,1.581202e+01,2.617546e+00,-1.361341e+00,-1.484353e-01,1.083598e+00,1.746273e+00
2.166211e+01,1.521568e+01,8.930060e-01,-1.308413e+00,2.840900e-02,5.274467e-01,1.411011e+00
1.825183e+01,1.236863e+01,2.378523e+00,2.710928e-01,1.355775e+00,2.578703e-02,1.382853e+00
2.104898e+01,1.597433e+01,1.532980e+00,6.977820e-01,-1.857295e+00,-1.625566e+00,2.564939e+00
2.898589e+00,1.346524e+01,3.165490e+00,-1.121698e+00,-2.944976e+00,-7.324985e-01,3.235374e+00
1.235743e+00,1.650924e+01,9.372912e-01,-9.142940e-01,3.551823e-01,-1.761990e+00,2.016605e+00
1.044524e+00,1.590307e+01,4.661327e+00,-2.413716e-01,1.344765e+00,2.614523e-01,1.391046e+00
1.639995e+00,1.558783e+01,1.694225e+00,1.455347e+00,2.405292e+00,-7.754354e-01,2.916293e+00
5.511213e+00,1.501106e+01,4.794349e+00,-3.138025e-01,-1.109915e+00,-1.028286e-01,1.157997e+00
3.803079e+00,1.501783e+01,3.912317e+00,-5.457075e-01,-1.444163e+00,-9.045335e-01,1.789297e+00
2.390762e+00,1.726807e+01,4.360520e+00,1.607605e+00,-7.364902e-02,7.342795e-01,1.768893e+00
6.414778e+00,1.326576e+01,4.061856e+00,4.172749e-01,-8.552763e-01,1.151008e+00,1.493464e+00
2.253048e+01,1.498624e+01,3.445675e+00,8.278669e-01,1.402867e-01,-2.386013e-01,8.729115e-01
5.105669e+00,1.710695e+01,1.893014e+00,2.234193e+00,-3.487297e-01,9.364714e-01,2.447490e+00
5.800257e+00,1.818792e+01,4.836326e+00,2.670857e-01,8.805748e-01,1.254385e+00,1.555709e+00
6.269088e+00,1.584872e+01,2.926609e+00,-6.613007e-01,2.437481e-01,-1.863464e+00,1.992292e+00
5.880911e+00,1.126023e+01,9.021731e-01,1.280239e+00,7.549732e-01,-1.361411e-01,1.492492e+00
5.867878e+00,1.714727e+01,3.961922e+00,7.128958e-01,3.978455e-01,1.949565e+00,2.113600e+00
1.081911e+01,1.719594e+01,2.380223e+01,-1.002399e-01,2.659155e-01,-3.846300e-01,4.782252e-01
7.117344e+00,1.773887e+01,6.218212e+00,2.800713e-01,-1.842828e+00,1.517255e+00,2.403439e+00
8.287250e+00,1.392121e+01,2.060077e+00,-4.198623e-02,3.624503e-01,2.004761e-01,4.163217e-01
6.111296e+00,1.532416e+01,7.708769e+00,9.888381e-02,1.363472e+00,5.099181e-01,1.459058e+00
7.671274e+00,1.090812e+01,5.556441e+00,8.397050e-02,-1.471559e+00,-7.549147e-01,1.656029e+00
7.116072e+00,1.565868e+01,5.323676e+00,4.667733e-01,-4.020516e-01,-9.874529e-01,1.163867e+00
1.205154e+01,1.816562e+01,2.282555e+00,-6.098908e-02,1.496753e+00,-1.535486e+00,2.145159e+00
4.898480e+00,1.829425e+01,3.918128e+00,5.635289e-01,8.933057e-01,8.200245e-01,1.337161e+00
8.693415e+00,1.572130e+01,1.637704e+00,2.955484e-01,2.252558e+00,-1.077645e+00,2.514495e+00
8.705980e+00,1.785002e+01,4.819714e+00,-2.209420e+00,9.355214e-01,-4.349656e-01,2.438428e+00
1.095808e+01,1.798079e+01,2.727704e+00,-8.741585e-01,6.228523e-02,1.575764e-01,8.904285e-01
1.310790e+01,1.581217e+01,3.719635e+00,-1.412147e+00,1.461222e+00,-1.572623e-01,2.038151e+00
1.255280e+01,2.014005e+01,4.912238e+00,-4.889388e-01,-1.996717e+00,1.142639e+00,2.351928e+00
1.042280e+01,1.607925e+01,3.534334e+00,-1.022055e+00,6.259533e-01,1.204695e+00,1.699324e+00
1.281622e+01,1.486796e+01,2.688276e+00,1.141590e+00,1.016549e+00,5.603435e-01,1.628062e+00
1.194261e+01,1.658786e+01,7.216924e-02,-3.721637e-01,-1.036560e+00,-3.676584e-01,1.161092e+00
1.429784e+01,1.641402e+01,4.748324e+00,7.203459e-01,9.291151e-01,-4.352929e-01,1.253648e+00
1.299271e+01,1.476526e+01,4.667558e+00,-1.949616e+00,-5.921218e-01,-2.736328e-01,2.055842e+00
1.430341e+01,1.321878e+01,5.492955e+00,-3.926128e-02,1.265256e+00,4.543255e-02,1.266680e+00
1.433701e+01,1.493856e+01,4.629703e-01,6.896158e-02,-5.471606e-01,1.533942e+00,1.630067e+00
1.457975e+01,1.462096e+01,3.292660e+00,1.473311e+00,5.064683e-01,-4.278766e-01,1.615622e+00
1.673525e+01,1.527927e+01,3.659018e+00,-1.096700e+00,2.386665e-01,-7.917916e-01,1.373553e+00
1.382508e+01,1.467579e+01,2.402318e+00,1.308730e+00,-1.338336e+00,-6.629303e-01,1.985799e+00
1.646088e+01,1.523000e+01,2.511168e+00,3.693197e-01,-4.840723e-01,1.805844e+00,1.905727e+00
1.660933e+01,1.428950e+01,3.043957e+00,-8.213040e-01,4.274496e-01,-4.093457e-01,1.012333e+00
1.676244e+01,1.742754e+01,3.805926e+00,8.311169e-02,1.371243e+00,-9.215209e-01,1.654212e+00
1.527270e+01,1.708405e+01,1.317459e+00,-7.602990e-01,-1.557377e+00,1.105462e+00,2.055608e+00
1.832946e+01,1.701564e+01,1.036469e+00,1.062561e+00,-8.211605e-01,5.251922e-01,1.441932e+00
2.063020e+01,1.557456e+01,6.299643e+00,2.913467e-01,-1.289961e+00,-6.804524e-01,1.487245e+00
1.789073e+01,1.238846e+01,4.794365e+00,-8.995954e-01,2.326988e-01,-1.740597e+00,1.973093e+00
2.002810e+01,1.326659e+01,3.845138e+00,1.054765e+00,-6.388147e-01,2.742326e-01,1.263257e+00
1.867636e+01,1.604122e+01,9.411051e-01,-6.365686e-01,-9.739258e-01,3.145177e-01,1.205269e+00
1.986612e+01,1.146371e+01,4.676597e+00,1.192635e-01,-1.517633e+00,-5.484670e-01,1.618100e+00
2.067674e+01,1.498933e+01,4.185085e+00,4.905991e-01,-7.165394e-01,1.459122e+00,1.697985e+00
2.087561e+01,1.388096e+01,4.413388e+00,6.453030e-01,-1.355728e+00,-1.267362e+00,1.964846e+00
2.023144e+01,1.638885e+01,8.002828e-01,1.259046e+00,4.708757e-01,-3.010468e-01,1.377516e+00
2.213199e+01,1.605852e+01,3.129102e+00,4.552433e-01,5.578570e-01,4.766313e-01,8.634977e-01
2.238869e+01,1.391246e+01,9.441571e-01,1.166713e+00,-1.031777e+00,-6.193626e-01,1.676124e+00
7.807071e-01,1.354403e+01,3.723552e+00,1.151063e+00,4.070918e-02,3.377943e-02,1.152278e+00
2.162268e+01,1.790651e+01,3.271293e+00,-6.380329e-01,8.961602e-01,-1.065742e+00,1.531664e+00
2.253085e+01,1.138944e+01,2.725374e+00,1.396021e+00,8.590155e-01,1.204550e-01,1.643561e+00
1.787549e+01,1.641547e+01,2.463631e+00,-8.455862e-01,-3.660822e-01,9.591416e-01,1.330032e+00
2.245998e+01,1.639719e+01,5.160353e+00,-6.583478e-01,-3.124902e-01,1.732322e+00,1.879365e+00
6.361251e+00,1.670096e+01,2.203294e+00,1.728467e+00,1.928394e+00,-6.706356e-01,2.675080e+00
3.256641e+00,1.557353e+01,4.682067e+00,-1.438289e-01,-1.104704e+00,4.652668e-01,1.207283e+00
2.335361e+01,1.367643e+01,3.860839e+00,-7.708606e-01,2.967358e-01,2.476273e+00,2.610403e+00
3.186135e+00,1.708842e+01,1.821041e+00,-8.157297e-01,-1.069738e+00,1.106211e+00,1.741682e+00
4.730552e+00,1.909376e+01,2.722988e+00,-4.516596e-01,8.061224e-01,6.908205e-01,1.153717e+00
5.789558e+00,1.838767e+01,3.339676e+00,1.945780e-01,-1.558568e+00,1.421249e+00,2.118241e+00
3.754163e+00,1.816565e+01,4.039231e+00,1.132902e+00,7.660694e-02,1.019953e+00,1.526315e+00
4.627862e+00,2.102278e+01,5.482550e+00,-2.039295e+00,5.588641e-01,6.873439e-01,2.223397e+00
6.122299e+00,1.979709e+01,3.672050e+00,8.656419e-01,-2.901959e-01,-1.644317e+00,1.880779e+00
6.026845e+00,1.866023e+01,5.715198e+00,4.461969e-01,7.065293e-01,-8.090751e-01,1.163133e+00
4.090367e+00,3.745111e-01,1.731984e+00,9.787585e-01,-1.524755e-01,-2.985437e-01,1.034575e+00
7.451740e+00,2.066682e+01,1.136137e+00,-2.031671e+00,5.520369e-01,6.697421e-01,2.209295e+00
4.940142e+00,2.010323e+01,2.176029e+00,-7.154777e-01,-1.552905e+00,-6.633050e-01,1.833957e+00
5.602748e+00,1.601631e+01,4.161752e+00,9.430958e-01,1.010747e+00,-1.312280e+00,1.906074e+00
4.328072e+00,2.024415e+01,2.939748e+00,-9.916808e-01,-1.059462e+00,9.232757e-01,1.719979e+00
5.487872e+00,1.926039e+01,1.794856e+00,5.813320e-01,-2.255176e-01,4.648471e-01,7.777454e-01
9.163005e+00,1.805495e+01,5.828533e+00,-9.694537e-01,-1.849985e-01,-1.542922e-01,9.989349e-01
1.063509e+01,1.667729e+01,6.246483e+00,1.317654e-02,1.505612e+00,-7.789263e-01,1.695219e+00
1.323492e+01,1.575010e+01,8.354281e+00,-1.915719e+00,-4.002380e-02,5.872826e-01,2.004117e+00
9.776482e+00,1.730411e+01,3.978102e+00,1.618319e-04,3.375529e-01,-1.467725e+00,1.506040e+00
7.768513e+00,1.502110e+01,6.511184e+00,-6.201994e-01,-5.122172e-01,-3.953188e-01,8.962649e-01
1.170478e+01,1.712852e+01,3.907675e+00,-1.167096e+00,1.254954e+00,1.037324e-01,1.716911e+00
8.068171e+00,1.525438e+01,5.611547e+00,-6.608364e-01,1.338407e-01,9.686953e-01,1.180249e+00
9.911522e+00,1.812420e+01,5.057500e+00,1.634722e-01,4.744957e-01,-8.199283e-02,5.085195e-01
9.639237e+00,1.980710e+01,2.308836e+00,3.868974e-01,8.060937e-01,6.675094e-02,8.966227e-01
1.069249e+01,1.505854e+01,3.649370e+00,-6.924773e-01,8.093169e-02,-4.985431e-01,8.570998e-01
9.032860e+00,1.702411e+01,1.310734e+00,-3.603533e-01,-3.345385e-01,1.982106e+00,2.042184e+00
1.221285e+01,2.206207e+01,2.674758e+00,4.887075e-01,1.014073e-01,-1.872951e-01,5.331021e-01
1.390308e+01,2.205256e+01,2.364503e+01,3.773956e-01,1.103786e+00,9.913958e-02,1.170726e+00
1.600609e+01,2.086407e+01,1.515273e+00,-8.377439e-01,1.111449e+00,2.027081e+00,2.458900e+00
1.210229e+01,1.954175e+01,3.707661e+00,2.617909e-01,9.510611e-01,-4.334360e-02,9.873856e-01
1.111604e+01,1.980616e+01,3.446135e+00,3.583398e-01,4.073784e-01,1.742268e-01,5.698417e-01
1.679908e+01,2.103474e+01,2.625325e+00,-1.478272e+00,1.115789e-01,-3.539821e-01,1.524153e+00
1.016344e+01,1.834612e+01,3.571338e+00,-6.215892e-01,7.677443e-02,5.655348e-01,8.438584e-01
1.278792e+01,1.888573e+01,5.445463e+00,-1.239923e+00,6.469033e-02,1.195593e+00,1.723670e+00
1.587825e+01,1.628712e+01,1.412543e+00,4.987327e-01,4.261735e-01,-1.088579e-01,6.649874e-01
1.648221e+01,1.883384e+01,6.143792e+00,1.608653e+00,1.163228e+00,-6.486966e-01,2.088462e+00
1.577525e+01,1.515047e+01,3.331198e+00,-2.429863e-01,-6.724916e-01,9.929280e-01,1.223598e+00
1.674299e+01,1.880174e+01,4.654351e+00,5.967360e-01,-5.401235e-01,-7.696425e-01,1.113632e+00
1.483604e+01,1.670942e+01,2.921508e+00,-2.367288e+00,-1.362595e-01,2.628523e-01,2.385730e+00
1.950949e+01,1.344775e+01,1.622285e-01,1.105178e+00,9.771235e-01,1.281482e+00,1.954069e+00
1.934024e+01,1.533369e+01,3.041487e+00,-1.782583e+00,1.292353e-01,1.003626e+00,2.049773e+00
1.557691e+01,1.724628e+01,3.568296e+00,-7.210219e-01,-8.487301e-01,1.276624e+00,1.694103e+00
1.506848e+01,1.796922e+01,2.982128e+00,-3.886955e-01,-8.117181e-01,-1.015941e+00,1.357242e+00
1.837261e+01,1.405914e+01,1.307062e+00,-5.513195e-01,8.287818e-01,-7.718198e-01,1.259579e+00
1.828304e+01,1.665834e+01,5.176669e+00,-5.516784e-01,-3.229198e-01,9.408043e-01,1.137427e+00
1.638470e+01,1.731170e+01,1.480871e+00,1.249332e+00,1.758247e-01,-1.605905e-01,1.271823e+00
1.944628e+01,1.773106e+01,2.394520e+00,1.416886e-01,7.192929e-02,-4.677766e-01,4.940288e-01
1.763438e+01,1.575165e+01,1.921476e-01,-8.414942e-01,-6.997587e-01,-9.946519e-01,1.478887e+00
1.848536e+01,1.659308e+01,3.690627e+00,-4.295669e-01,4.285334e-01,1.434464e+00,1.557516e+00
1.858660e+01,1.580321e+01,4.378979e+00,3.076604e-01,-5.936617e-01,2.680616e+00,2.762751e+00
2.094974e+01,1.739815e+01,4.790827e+00,-3.711940e-01,7.990339e-01,-2.308707e+00,2.471107e+00
1.136445e+00,1.794459e+01,2.862790e+00,9.194127e-01,-3.033674e-01,-2.503178e-01,1.000005e+00
1.278530e+00,1.506763e+01,5.246169e+00,7.210951e-01,7.430821e-01,-1.981782e-01,1.054241e+00
2.095907e+01,1.857818e+01,2.943991e+00,-2.291144e+00,6.730734e-01,1.331216e+00,2.733953e+00
5.086692e+00,1.769941e+01,2.895126e+00,-4.917812e-01,-5.802746e-01,4.214880e-01,8.696088e-01
3.657705e+00,1.909390e+01,3.252842e+00,1.781897e+00,-6.431464e-01,1.111525e+00,2.196424e+00
7.968473e-01,1.762660e+01,5.442121e+00,-1.905912e-01,-8.358391e-01,1.351028e+00,1.600071e+00
3.428990e+00,1.615231e+01,2.337964e+00,8.533662e-01,-1.360392e+00,1.830072e-01,1.616290e+00
3.842214e+00,1.688191e+01,2.927296e+00,-5.896763e-01,1.335311e+00,-6.871597e-01,1.613370e+00
4.121614e+00,2.303158e+01,2.029700e+00,-1.297100e-01,-1.408126e+00,-1.579934e+00,2.120338e+00
4.402746e+00,1.894812e+01,4.552273e+00,9.066117e-01,1.625511e+00,-2.110167e-01,1.873168e+00
2.176109e+00,1.875396e+01,1.929895e+00,7.812922e-01,1.836123e+00,-3.589313e-01,2.027461e+00
2.791377e+00,1.932850e+01,1.123267e+00,-1.611361e-01,-1.011915e+00,-1.160749e-01,1.031217e+00
4.344611e+00,1.987175e+01,1.834761e-01,9.238645e-01,1.540985e+00,-7.864118e-01,1.961276e+00
6.737029e+00,1.897683e+01,4.199399e+00,-5.496956e-02,-1.554759e+00,-3.758218e-01,1.600481e+00
5.663011e+00,2.143617e+01,2.075997e+00,1.439249e+00,1.515924e+00,-8.892319e-01,2.271607e+00
5.110756e+00,1.812752e+01,1.952142e+00,-9.362036e-01,-1.280047e-01,-4.148583e-01,1.031974e+00
7.335345e+00,2.247561e+01,3.055883e+00,4.535099e-01,5.113275e-01,6.576806e-01,9.485097e-01
3.964147e+00,1.999649e+01,5.140781e+00,-1.138099e+00,2.200506e-01,2.196582e-01,1.179806e+00
4.095408e+00,2.221630e+01,3.139246e+00,-1.447623e+00,6.445374e-01,-1.858511e-01,1.595488e+00
5.663697e+00,2.168438e+01,4.296793e+00,-1.075940e+00,3.784474e-01,-9.689911e-01,1.496601e+00
8.346047e+00,2.030803e+01,4.290012e+00,-1.649410e+00,7.403360e-01,-1.192188e+00,2.165633e+00
5.404008e+00,2.075888e+01,4.009134e+00,-8.780256e-01,4.703878e-01,-3.077864e-01,1.042558e+00
8.035302e+00,2.152797e+01,3.171734e+00,-3.794392e-01,2.980494e-01,8.996008e-01,1.020828e+00
1.181987e+01,1.449954e+01,2.384298e+01,3.986364e-01,5.409067e-01,5.587726e-01,8.739096e-01
8.909263e+00,2.271285e+01,1.306812e-01,1.704885e+00,4.058226e-01,-4.874390e-01,1.819044e+00
7.914061e+00,1.951364e+01,5.405394e+00,-1.349724e+00,-1.334728e+00,-1.930289e+00,2.707262e+00
1.108894e+01,1.569528e+01,5.468799e+00,4.792785e-01,5.948053e-02,1.135195e+00,1.233659e+00
8.751230e+00,1.517672e+01,4.745568e+00,-3.253422e-03,-1.254300e+00,7.071082e-01,1.439890e+00
1.048011e+01,2.051973e+01,2.364313e+01,-5.528372e-01,-8.007457e-02,9.203704e-02,5.661375e-01
1.195427e+01,2.173641e+01,6.329762e+00,1.661091e+00,-7.275881e-01,-7.597542e-02,1.815043e+00
1.018851e+01,1.650915e+01,4.559295e+00,1.708761e+00,6.485404e-01,-6.895220e-01,1.953435e+00
1.169693e+01,1.509140e+01,3.094078e+00,1.014681e+00,4.404631e-01,-1.157574e+00,1.601113e+00
1.077286e+01,1.860326e+01,4.564695e+00,1.092070e+00,-1.447845e+00,5.100507e-02,1.814242e+00
1.305580e+01,2.180099e+01,6.701508e+00,1.394502e-01,4.481011e-01,8.499324e-01,9.708893e-01
1.171301e+01,1.704493e+01,7.317734e+00,6.354423e-01,-2.388083e+00,-1.031671e+00,2.677886e+00
1.041848e+01,2.049467e+01,2.949971e+00,1.371236e+00,5.554484e-01,-1.466516e-01,1.486714e+00
1.538357e+01,1.994857e+01,5.772359e+00,1.368363e+00,-8.477275e-01,5.439990e-01,1.699116e+00
1.405251e+01,1.813776e+01,4.189705e+00,8.799883e-01,8.054718e-01,1.446157e+00,1.874709e+00
1.551499e+01,1.899345e+01,7.003040e-01,1.162879e+00,9.581950e-01,-3.723576e-01,1.552120e+00
1.716134e+01,1.743063e+01,4.933066e+00,-1.663711e-01,7.092074e-01,6.645172e-01,9.860211e-01
1.407782e+01,1.889742e+01,1.334822e+00,-2.216133e-01,8.488291e-01,-2.208366e-01,9.046502e-01
1.550219e+01,2.211272e+01,6.398387e+00,-1.172144e-01,4.406489e-01,1.502141e+00,1.569822e+00
1.623289e+01,1.902035e+01,2.231883e+00,-1.453547e+00,2.446502e+00,-5.548816e-01,2.899321e+00
1.648768e+01,1.337459e+01,3.535532e+00,2.881079e-03,-6.797932e-01,6.716799e-02,6.831096e-01
1.932530e+01,1.673216e+01,5.207027e-01,-8.953934e-01,-2.122799e-01,9.753654e-01,1.340944e+00
1.816251e+01,1.491133e+01,5.135319e-01,-8.348792e-01,-3.135963e-01,1.522163e+00,1.764184e+00
1.512499e+01,2.149229e+01,5.003785e+00,4.072243e-02,-5.667248e-02,5.414838e-01,5.459622e-01
1.635463e+01,1.843470e+01,3.313585e+00,-1.631952e-01,-4.061488e-01,1.917092e+00,1.966426e+00
1.867142e+01,2.142494e+01,1.592786e+00,1.377727e+00,8.910008e-01,1.436917e-01,1.647015e+00
1.777617e+01,1.576430e+01,1.351821e+00,8.949905e-01,-1.288200e+00,2.188017e-01,1.583774e+00
1.674025e+01,1.549940e+01,1.538147e+00,2.373086e-01,4.464237e-01,1.751827e-01,5.350686e-01
2.107601e+01,1.773712e+01,5.903770e+00,1.062269e+00,1.570620e-01,-4.413206e-01,1.160968e+00
1.829679e+01,1.820983e+01,1.057833e+00,-6.097280e-01,8.363700e-01,-4.215846e-01,1.117594e+00
2.043649e+01,1.612918e+01,4.287325e+00,-2.792188e-02,9.700939e-01,-2.866839e-01,1.011953e+00
1.929196e+01,1.941830e+01,2.243682e+00,4.674069e-01,2.122547e-01,-3.292801e-01,6.098743e-01
2.289646e+01,1.854321e+01,4.908474e+00,1.408887e+00,4.996525e-01,3.173275e-01,1.528173e+00
2.207475e+01,1.684965e+01,3.938801e+00,2.379029e-01,8.642634e-01,-2.244605e-01,9.240841e-01
4.194722e-01,1.708205e+01,6.219135e-01,9.233758e-01,-1.058408e-01,5.495310e-02,9.310451e-01
1.981207e+01,1.807805e+01,4.596783e+00,-1.442142e+00,-4.991116e-01,-1.808742e-01,1.536750e+00
5.031945e-01,2.137989e+01,2.339868e+01,-1.119598e+00,8.808567e-01,1.509694e-01,1.432550e+00
2.092968e+00,1.892462e+01,5.187291e+00,5.505499e-01,-6.613959e-01,-1.494273e+00,1.724355e+00
1.540891e+00,1.945842e+01,3.713760e+00,-1.589961e-01,2.232485e-01,9.213749e-01,9.612759e-01
1.272298e+00,1.821508e+01,1.795858e+00,-1.462923e+00,-3.585290e-03,5.366196e-02,1.463911e+00
1.423586e+00,1.804743e+01,4.603704e+00,1.722439e-01,5.269012e-01,2.300769e+00,2.366608e+00
4.978809e+00,2.351317e+01,1.887341e+00,-4.941749e-01,5.853935e-02,-4.490311e-01,6.702721e-01
3.243129e+00,2.014799e+01,3.577956e+00,3.690692e-01,-6.253509e-02,1.355494e-01,3.981160e-01
2.225169e+01,2.018701e+01,2.720164e+00,-2.544219e-01,-1.375011e+00,-2.086473e+00,2.511723e+00
6.122517e+00,2.168064e+01,3.100345e+00,4.814823e-02,5.934367e-01,3.787277e-01,7.056345e-01
5.181616e+00,2.241868e+01,5.723953e-01,-6.161884e-02,5.338107e-01,-1.130994e+00,1.252157e+00
5.990899e+00,2.017902e+01,1.912563e+00,3.081307e-01,-1.303768e+00,-4.272369e-01,1.406160e+00
1.046410e+00,1.835845e+01,2.367637e+01,-1.894385e+00,8.234200e-01,6.581591e-01,2.167922e+00
6.877280e+00,9.366999e-01,1.591713e+00,-7.647789e-01,-1.081880e+00,-4.606776e-01,1.402703e+00
9.232161e+00,2.230405e+01,3.832446e+00,-1.948889e+00,2.145436e+00,9.213781e-01,3.041381e+00
7.866258e+00,1.481817e+00,1.720158e+00,-2.934458e-01,5.193594e-01,-1.131198e+00,1.278849e+00
7.089203e+00,2.318146e+01,2.415620e+00,6.508795e-01,9.288513e-01,1.307790e+00,1.731105e+00
9.893619e+00,2.140295e+01,4.094246e+00,-2.370588e-01,-1.510193e+00,1.132751e-02,1.528728e+00
6.385473e+00,2.004316e+00,8.738219e-02,1.767570e+00,7.782279e-01,-1.192064e+00,2.269572e+00
9.348201e+00,1.586072e+01,3.814763e+00,-4.528080e-01,-1.390753e-01,1.202105e-01,4.886999e-01
7.993367e+00,2.132333e+01,4.545032e+00,1.029470e-01,2.436380e-01,-4.080103e-01,4.862406e-01
1.090102e+01,1.969607e+01,4.614553e+00,8.213576e-01,-6.227982e-01,3.961077e-01,1.104268e+00
7.636515e+00,2.368841e+01,3.445642e+00,-1.099168e+00,-2.577313e-01,-7.491438e-01,1.354921e+00
9.941115e+00,1.565542e+01,2.726511e+00,8.739377e-02,-9.396797e-01,6.455612e-01,1.143409e+00
9.274355e+00,1.341656e+00,2.365620e+01,5.189968e-01,3.633582e-02,3.643505e-01,6.351608e-01
9.022236e+00,1.671736e+00,1.945382e+00,-2.924280e-01,-9.225501e-01,3.556500e-01,1.031067e+00
1.020759e+01,1.944062e+01,3.269616e+00,-2.698842e-01,1.747559e+00,-1.901937e+00,2.596952e+00
1.130457e+01,2.207419e+01,5.576928e+00,-7.089369e-01,-1.689586e-01,-2.294188e+00,2.407163e+00
1.061883e+01,2.299219e+01,5.464414e+00,-1.148796e+00,-3.036818e-01,-7.211692e-01,1.389978e+00
1.154215e+01,2.019953e+01,5.222801e+00,-7.367682e-01,-1.382863e+00,1.088086e-01,1.570661e+00
1.172295e+01,2.053839e+01,4.121052e+00,1.434142e-01,-8.702252e-01,-6.127154e-01,1.073909e+00
1.310010e+01,2.362487e+01,4.097947e+00,-3.433619e-01,-8.407604e-01,-1.438987e-01,9.195011e-01
1.140367e+01,1.877702e+01,7.185739e+00,8.148552e-01,7.255374e-03,-2.155833e-01,8.429222e-01
1.206731e+01,2.092790e+01,2.007948e+00,4.054354e-01,3.934175e-02,-1.008150e+00,1.087333e+00
1.455729e+01,2.334538e+01,3.535681e+00,1.372816e-01,-9.135548e-01,-1.374745e-01,9.339850e-01
1.545549e+01,1.836483e+01,3.922881e+00,-3.170889e-01,-2.074524e-02,-9.727606e-01,1.023347e+00
1.091696e+01,2.298886e+01,6.525420e+00,3.366588e-01,2.631362e-01,-6.356649e-02,4.319960e-01
1.437853e+01,2.169614e+01,4.218808e+00,8.635583e-01,-6.855622e-02,1.359311e-01,8.768752e-01
1.749403e+01,2.144731e+01,3.311185e+00,-5.487074e-01,7.409141e-01,9.886043e-01,1.351803e+00
1.752636e+01,1.736082e+01,2.953787e+00,1.008080e+00,-3.449441e-01,-2.399779e+00,2.625672e+00
1.667368e+01,2.363302e+01,3.841720e+00,-1.066027e+00,3.048969e-01,4.409881e-01,1.193250e+00
1.744738e+01,2.036085e+01,3.981636e+00,-1.181682e+00,-8.483682e-01,4.778863e-01,1.531169e+00
1.481593e+01,2.108669e+01,7.820837e+00,1.019239e+00,-4.291648e-01,2.745641e-01,1.139481e+00
1.782866e+01,1.882982e+01,2.757802e+00,-1.149731e+00,9.962109e-01,-8.773741e-01,1.756161e+00
1.722877e+01,2.225150e+01,4.727293e+00,-7.291484e-01,9.098457e-01,-3.262021e-01,1.210737e+00
1.946734e+01,2.053517e+01,1.396751e+00,7.347513e-01,1.334239e-01,-1.283393e+00,1.484843e+00
1.841510e+01,2.028554e+01,4.582497e+00,-1.176775e+00,-1.254748e-01,5.389805e-01,1.300401e+00
1.813334e+01,1.778406e+01,2.189018e+00,-4.958578e-01,-1.637923e-01,1.372588e+00,1.468571e+00
1.881833e+01,1.838292e+01,5.042335e+00,9.173484e-01,3.067164e-01,6.680614e-01,1.175546e+00
2.168041e+01,2.318800e+01,1.951193e+00,9.489869e-01,-1.202750e+00,-4.416982e-01,1.594453e+00
1.721447e+01,1.954621e+01,2.135877e+00,-4.124392e-02,4.265157e-02,4.668401e-01,4.705953e-01
2.019801e+01,1.906615e+01,9.013593e-01,8.133856e-03,-5.401999e-01,1.206558e+00,1.321993e+00
1.657564e+01,2.004418e+01,4.495775e+00,-3.337678e-01,-2.045718e-01,-1.171070e+00,1.234769e+00
1.934209e+01,1.618467e+01,3.543372e+00,-1.582339e+00,-3.108181e-01,-1.189935e-01,1.616961e+00
2.265877e+01,2.076163e+01,1.938984e+00,2.242406e+00,7.871893e-02,-2.794477e-01,2.261121e+00
2.278242e+01,1.923766e+01,3.140160e+00,-2.242296e+00,-2.361758e-01,-9.796388e-01,2.458325e+00
2.041422e+01,1.924247e+01,2.398670e+00,-1.587120e-02,7.604148e-01,-8.282253e-01,1.124473e+00
2.348719e+01,2.097944e+01,2.809692e+00,-1.344194e+00,-8.001536e-01,7.769324e-02,1.566250e+00
2.288995e+01,2.233261e+01,3.752767e+00,4.385676e-02,-5.474080e-01,2.200462e-01,5.916073e-01
2.179983e+01,2.062011e+01,5.060020e+00,6.968324e-01,-2.530231e-01,1.091726e+00,1.319644e+00
1.990440e+01,1.928928e+01,3.488364e+00,5.788042e-01,8.826025e-01,-5.212605e-01,1.177164e+00
3.621017e+00,2.201626e+01,2.011498e+00,-3.198859e-01,7.780932e-01,5.506224e-01,1.005456e+00
4.863185e+00,2.115310e-01,2.389371e+01,-4.421538e-02,3.601495e-01,-1.239636e-02,3.630652e-01
2.304147e+00,4.497037e-01,1.585931e+00,-3.812917e-01,-1.330950e+00,-4.191670e-01,1.446552e+00
1.928141e+00,2.361534e+01,1.995862e+00,-4.186789e-01,1.167208e+00,6.974808e-02,1.241987e+00
2.896320e+00,2.424813e+00,2.383457e+01,-1.021583e+00,-8.017294e-01,-8.279406e-01,1.540094e+00
3.556657e-01,7.616284e-01,2.884221e+00,-4.512500e-01,1.844225e+00,3.309757e-01,1.927262e+00
1.792821e+00,2.056779e+01,3.275713e+00,7.627669e-01,-4.943895e-01,-8.226573e-01,1.225969e+00
5.755913e+00,2.738901e+00,1.602870e+00,-9.468385e-01,-8.527305e-01,1.556734e-01,1.283700e+00
6.663133e+00,3.209462e+00,1.941351e+00,-3.835953e-01,-5.261347e-01,-5.783579e-01,8.708966e-01
8.387436e+00,2.125012e+01,1.903296e+00,-4.187344e-01,4.817906e-01,-6.536752e-01,9.136476e-01
3.498516e+00,2.375100e+01,4.102222e+00,-6.955785e-01,-8.939259e-03,1.247535e+00,1.428374e+00
1.363364e+00,2.367406e+01,7.294893e+00,-7.310427e-01,-8.629520e-01,-6.340896e-01,1.296603e+00
6.272108e+00,2.260807e+01,3.826287e+00,7.581348e-01,7.382785e-01,5.014138e-01,1.170999e+00
8.574228e+00,4.647615e-01,1.775126e+00,-5.802311e-01,1.222330e-01,-6.359360e-01,8.694962e-01
8.316134e+00,2.289391e+01,5.249362e+00,-3.679962e-01,-3.249435e-01,7.480005e-01,8.947146e-01
3.593038e+00,2.312075e+01,3.079411e+00,-1.636861e-01,-1.403231e+00,1.233517e+00,1.875477e+00
9.933669e+00,1.932214e+01,4.240449e+00,1.558456e-01,7.195304e-01,1.413959e+00,1.594143e+00
1.043264e+01,2.212818e+01,3.610601e+00,-4.654469e-01,2.547076e-01,4.233425e-01,6.787751e-01
9.013769e+00,1.831181e+01,7.336321e+00,1.157628e+00,-1.260363e+00,4.887231e-01,1.779738e+00
8.698483e+00,1.934174e+01,2.467487e+00,-1.570172e+00,1.003405e+00,2.194082e-01,1.876273e+00
9.452710e+00,2.326552e+01,2.276747e+00,-9.738048e-01,-1.162262e+00,9.480447e-01,1.788278e+00
9.886188e+00,1.507364e+00,2.509701e+00,-1.860079e+00,1.498373e+00,1.680458e+00,2.920438e+00
1.077050e+01,1.975597e+01,2.109201e+00,5.316205e-01,1.616742e-01,5.112334e-01,7.550619e-01
1.150432e+01,2.188748e+01,3.598566e+00,5.781376e-01,1.738538e-01,5.639580e-01,8.261458e-01
1.242028e+01,2.104420e-01,4.682232e+00,5.928208e-01,1.477017e+00,-6.539417e-02,1.592888e+00
1.178229e+01,2.386163e+01,1.111080e+00,2.027032e+00,8.362460e-01,1.651645e-01,2.198965e+00
1.047845e+01,2.321576e+01,3.901526e+00,3.378829e-01,8.539744e-01,-1.732510e+00,1.960874e+00
1.023134e+01,3.286072e+00,3.497065e+00,-3.171615e-01,3.591763e-01,-4.486821e-01,6.564409e-01
1.253073e+01,1.224172e+00,2.827280e+00,8.984094e-02,-6.271115e-01,-1.799765e+00,1.908008e+00
1.408928e+01,4.444744e-01,3.690195e+00,9.459258e-01,-7.577686e-02,8.450318e-01,1.270668e+00
1.361704e+01,2.268822e+01,4.809646e+00,4.469179e-01,5.829775e-01,-7.605557e-01,1.057376e+00
1.579713e+01,2.222070e+01,4.762876e+00,1.075588e+00,6.507179e-01,-4.376676e-01,1.331118e+00
1.562471e+01,1.770246e+00,3.839846e+00,2.028760e+00,-2.764462e-01,-1.707226e+00,2.665879e+00
1.747340e+01,9.494834e-01,3.493082e+00,7.440815e-01,6.955536e-01,-2.991305e-01,1.061570e+00
1.744323e+01,1.512833e+00,2.436000e+00,4.915380e-01,-7.141295e-02,1.392045e-01,5.158366e-01
1.515251e+01,3.664758e-01,3.514210e+00,-1.909673e-01,-5.791294e-01,3.308036e-01,6.937509e-01
1.728518e+01,2.239542e+01,3.618881e+00,2.999967e-01,-9.081090e-01,-2.124879e+00,2.330187e+00
1.976356e+01,2.019844e+01,2.802545e+00,-6.688177e-01,-8.043934e-01,-3.234596e-01,1.094985e+00
1.858993e+01,1.860700e+01,3.920051e+00,-1.908171e-01,6.765727e-01,7.165104e-01,1.003767e+00
1.884806e+01,2.140050e+01,4.296490e+00,-1.132885e+00,2.388320e-01,6.179223e-01,1.312364e+00
1.777406e+01,2.138870e+01,4.297853e+00,3.024116e-01,1.978746e-01,-9.525130e-01,1.018768e+00
1.947103e+01,1.914572e+01,4.625788e+00,-1.662124e+00,3.731986e-02,-1.565750e-01,1.669899e+00
2.082581e+01,1.881944e+01,5.032472e+00,-1.437016e+00,-1.149032e+00,-2.596101e-01,1.858141e+00
1.844500e+01,2.174613e+01,2.778750e+00,4.010948e-01,1.624294e-01,-4.073593e-01,5.943080e-01
2.201281e+01,1.996708e+01,1.545358e+00,-1.862655e-01,-7.256476e-01,-8.302426e-01,1.118285e+00
2.091693e+01,2.160415e+01,7.479119e-01,8.196164e-01,1.282652e+00,-5.138099e-01,1.606539e+00
2.346028e+01,1.877124e+01,2.367796e+00,1.473649e+00,-9.845547e-01,4.889073e-01,1.838483e+00
2.213673e+01,2.161087e+01,4.125025e+00,-4.641246e-01,-8.313212e-01,-4.424558e-01,1.049892e+00
2.355726e+01,2.068433e+01,1.229734e+00,4.943666e-01,-1.027689e+00,-8.590962e-01,1.427792e+00
2.244937e+01,2.108350e+01,3.306890e+00,1.771877e-01,3.338609e-01,3.395079e-01,5.080593e-01
2.385110e+01,2.142718e+01,1.856296e+00,1.985624e-01,2.192688e-01,8.944091e-01,9.420581e-01
7.269950e-01,2.337366e+01,1.341951e+00,-2.205868e+00,-1.737534e+00,-9.223670e-02,2.809517e+00
2.356793e+01,2.189101e+01,4.534515e+00,1.352705e+00,-7.713365e-01,6.248804e-01,1.677870e+00
8.868838e-01,2.371882e+01,5.168613e+00,-2.072327e+00,3.051448e-01,2.940559e-01,2.115212e+00
2.193356e+01,2.285676e+01,4.693668e+00,-6.642853e-01,3.779171e-01,1.607192e+00,1.779652e+00
2.141810e+01,2.853253e+00,4.199562e+00,5.920870e-01,1.184812e+00,7.421755e-03,1.324538e+00
8.405944e-01,1.778938e+00,6.257386e+00,-9.613853e-01,-5.293937e-01,-1.649190e+00,1.980997e+00
1.469611e+00,3.609029e-01,4.453015e+00,1.342969e+00,1.629387e-01,7.078540e-01,1.526817e+00
2.921356e-01,2.271753e+01,7.127376e+00,-1.099563e+00,1.934752e+00,1.200571e-01,2.228613e+00
2.274215e+01,3.069596e+00,7.870595e+00,-1.144308e+00,5.650565e-02,7.865753e-01,1.389725e+00
3.041875e+00,2.350139e+01,7.333891e+00,-8.010960e-01,-7.637254e-01,-9.566309e-02,1.110938e+00
2.050672e+00,5.450464e+00,4.011423e+00,8.322524e-01,-6.179160e-01,1.450818e+00,1.783070e+00
1.166049e+00,3.311704e+00,3.156180e+00,-9.292092e-01,7.076615e-01,-6.213948e-01,1.323006e+00
2.025406e+00,1.453471e+00,4.086240e+00,5.016259e-01,1.247415e+00,3.198755e-01,1.382025e+00
3.639878e+00,3.309907e+00,1.937136e+00,-1.206768e+00,5.853247e-01,-9.364583e-02,1.344494e+00
7.276249e+00,5.341645e+00,4.322657e+00,7.010976e-01,1.679753e+00,-3.636373e-01,1.856162e+00
6.026124e+00,2.264220e+01,4.874759e+00,1.049545e+00,5.809223e-01,-1.625529e+00,2.020238e+00
2.283297e+00,3.970904e-02,3.021575e+00,-1.218520e+00,1.381646e+00,-1.657564e-01,1.849652e+00
8.400483e+00,4.981690e-01,5.900106e+00,7.276369e-01,6.075482e-01,1.331879e-01,9.572404e-01
8.655125e+00,2.805541e+00,1.887266e+00,-2.397152e+00,1.765143e-02,2.982470e-03,2.397219e+00
5.186790e+00,8.013387e-01,5.803954e+00,-4.286858e-01,6.945052e-02,1.007658e-01,4.458123e-01
5.023961e+00,3.648128e+00,3.344916e+00,-2.358521e-01,8.624967e-01,-6.297871e-01,1.093690e+00
8.513175e+00,1.682601e+00,5.289636e+00,8.094786e-01,-9.577779e-01,2.518296e-01,1.279067e+00
1.140695e+01,1.881193e+00,3.967099e+00,1.442398e+00,2.510709e+00,9.346521e-01,3.042654e+00
1.025022e+01,2.284366e+01,7.586379e+00,1.841445e-01,-5.084092e-01,-1.012554e+00,1.147891e+00
8.173607e+00,1.034982e+00,6.636654e+00,-2.586881e-03,1.074367e+00,8.473903e-01,1.368335e+00
1.184988e+01,2.040036e+00,6.226834e+00,-4.417061e-01,2.896762e-02,-7.383925e-01,8.609105e-01
8.239655e+00,2.794668e+00,5.440161e+00,-3.953626e-01,1.378401e+00,-2.234144e+00,2.654750e+00
1.181549e+01,2.824140e+00,5.532290e+00,-9.861243e-01,-1.211575e+00,2.276325e-01,1.578661e+00
6.312815e+00,9.061157e-01,5.445604e+00,-1.210773e+00,-1.497817e+00,-3.490184e-01,1.957355e+00
1.133613e+01,3.670766e+00,5.788593e+00,-2.537333e-01,-2.640254e-01,-6.628412e-01,7.572638e-01
1.254138e+01,2.302059e+01,5.065942e+00,-8.470059e-01,4.053148e-01,7.426454e-01,1.197172e+00
1.419566e+01,4.452564e-01,5.294391e+00,-3.823036e-01,-1.417819e+00,-3.245611e-01,1.503897e+00
1.334131e+01,1.940568e+00,4.446672e+00,-6.713016e-01,8.395038e-01,1.031556e+00,1.489806e+00
1.566247e+01,1.719293e+00,7.207153e+00,2.879340e-01,-3.224334e-01,6.311577e-01,7.650029e-01
1.515239e+01,2.620285e+00,3.391014e+00,1.446846e+00,1.694684e+00,-6.309671e-01,2.315909e+00
1.700256e+01,2.131255e+01,5.859675e+00,-2.960045e-01,-1.512726e+00,-1.853379e-01,1.552517e+00
1.364328e+01,2.178053e+01,8.044097e+00,-1.169521e-01,-1.375504e-01,-6.280060e-01,6.534443e-01
1.623965e+01,6.160884e-01,3.695397e+00,-1.895075e+00,1.059410e+00,9.941994e-01,2.387906e+00
1.790433e+01,2.310556e+01,5.278171e+00,-1.665585e+00,-3.518259e-01,1.917827e-01,1.713107e+00
1.429354e+01,2.421206e+00,4.334301e+00,7.136050e-01,-1.479737e+00,-9.686738e-01,1.907140e+00
1.646451e+01,2.046849e-01,4.925455e+00,-3.251578e-01,-8.376157e-01,1.126008e+00,1.440563e+00
1.847068e+01,2.230996e+01,4.869539e+00,8.875446e-01,4.315968e-01,5.341499e-01,1.122198e+00
1.856935e+01,1.684536e+00,5.370244e+00,-6.363001e-01,1.147079e+00,3.280834e-01,1.352149e+00
1.664807e+01,2.302429e+01,4.839063e+00,7.340764e-01,8.426126e-01,2.324532e-01,1.141446e+00
1.712558e+01,2.315074e+01,7.190847e+00,1.966282e+00,-2.504801e-01,3.869521e-01,2.019588e+00
1.605897e+01,2.206096e+01,8.439003e+00,-5.756956e-01,1.308298e+00,3.987854e-01,1.483947e+00
1.925246e+01,2.834609e+00,2.472277e+00,1.006323e+00,5.930743e-01,-1.163752e-01,1.173868e+00
1.880075e+01,2.059994e+01,6.263430e+00,2.328924e-02,-2.105822e-01,-1.610404e-01,2.661226e-01
1.950429e+01,1.242989e+00,5.705787e+00,4.639792e-01,-4.187431e-01,1.035553e+00,1.209542e+00
2.081779e+01,2.301271e+01,5.574201e+00,2.493304e-01,6.746280e-01,-3.566885e-01,8.028171e-01
2.029073e+01,2.175268e+01,7.057270e+00,8.775976e-01,-8.651901e-02,-9.127709e-01,1.269178e+00
2.155300e+01,2.365794e+01,5.790816e+00,-7.946631e-01,2.306495e-01,3.936380e-01,9.163184e-01
2.010915e+01,6.337595e-01,7.104682e+00,4.769547e-01,6.601938e-01,2.601310e-01,8.549911e-01
2.378854e+01,2.010418e+01,3.506061e+00,-8.356405e-01,1.047008e+00,7.469241e-01,1.533759e+00
1.961470e+01,2.232180e+01,4.678051e+00,-5.555476e-01,-1.438437e+00,1.279702e+00,2.003839e+00
2.290174e+01,2.262936e+01,6.503535e+00,2.043793e-01,-3.888061e-01,-9.484877e-02,4.493745e-01
2.358439e+01,4.218681e-02,2.260785e+00,-1.669362e-01,1.622392e+00,1.903822e-02,1.631069e+00
2.007650e+00,2.288527e+01,2.996619e+00,-1.648840e+00,2.373592e+00,-7.775123e-01,2.992848e+00
2.000564e+00,2.808773e+00,6.604692e+00,2.383471e-01,8.781249e-03,-9.906335e-01,1.018941e+00
2.005354e-01,2.352931e+01,7.888064e+00,-5.409170e-02,1.387458e-01,2.628266e-01,3.020830e-01
5.273928e-01,3.047841e+00,5.241484e+00,1.590980e+00,-9.657621e-01,-5.969554e-01,1.954551e+00
1.097187e+00,2.367881e+01,2.889361e+00,-3.696614e-01,-1.049060e+00,8.880470e-01,1.423308e+00
1.448170e-01,3.299179e+00,1.230012e+00,5.612022e-01,-1.358999e+00,-1.290646e+00,1.956424e+00
3.592263e+00,9.714821e-01,3.835820e+00,5.608169e-01,1.409238e+00,-1.929340e-01,1.528951e+00
2.236651e+00,5.052636e+00,5.209933e+00,1.208711e-01,7.308023e-01,2.016805e-01,7.676958e-01
4.110245e+00,5.805115e+00,3.280397e+00,-4.089391e-01,-1.884983e-01,4.950103e-01,6.691771e-01
5.693658e+00,4.623013e+00,3.042915e+00,1.354034e-01,2.879149e-01,-6.752325e-01,7.464369e-01
4.367784e+00,2.829907e+00,2.708373e+00,2.685313e+00,-6.281902e-01,1.642452e-01,2.762699e+00
1.858242e+00,3.807208e+00,8.033910e+00,-4.190050e-01,-1.134062e+00,-2.076630e-01,1.226697e+00
5.238212e+00,6.117654e+00,3.593766e+00,-8.288273e-01,8.018384e-01,-1.013483e+00,1.535268e+00
6.822881e+00,3.475968e+00,4.824915e+00,-1.230139e+00,-1.298996e+00,1.971788e-01,1.799864e+00
6.011403e+00,2.362979e+01,5.086941e+00,-2.735543e-01,4.257947e-01,-4.835415e-02,5.084006e-01
2.253122e+00,3.785129e+00,2.911186e+00,-7.243270e-01,-4.041710e-01,-4.793200e-01,9.579934e-01
6.640293e+00,2.216928e+01,6.290356e+00,5.991348e-01,1.379320e+00,-1.253783e-01,1.509041e+00
7.474716e+00,2.246463e+00,6.667131e+00,-1.241333e+00,-6.928976e-01,-8.926975e-01,1.678667e+00
7.740447e+00,8.675250e-01,5.188086e+00,1.041786e+00,1.439775e+00,4.553165e-01,1.834553e+00
7.659873e+00,2.340250e+01,6.992333e+00,7.392647e-01,2.033053e+00,-9.908763e-01,2.379422e+00
7.985249e+00,3.238954e+00,4.516589e+00,8.434449e-01,8.519983e-02,1.555531e+00,1.771534e+00
8.151811e+00,2.866868e+00,7.444209e+00,4.943940e-02,-3.645758e-01,-9.875646e-01,1.053871e+00
1.018061e+01,2.392837e+01,7.104847e+00,-4.008070e-01,2.873307e-01,1.344411e+00,1.432007e+00
9.056377e+00,5.416171e+00,6.740784e+00,1.434197e+00,7.152494e-01,7.259981e-01,1.759425e+00
9.806463e+00,2.167035e+00,3.541870e+00,-1.580572e+00,8.304103e-02,-7.447499e-01,1.749216e+00
1.203220e+01,9.354294e-01,6.135011e+00,1.175904e+00,-6.711367e-01,1.088554e+00,1.737275e+00
1.104872e+01,1.608824e-01,5.539630e+00,-1.209520e+00,-1.389152e+00,-1.954733e+00,2.685826e+00
8.607047e+00,3.524396e+00,1.024156e+01,-1.051975e+00,2.085975e+00,1.099456e+00,2.582004e+00
1.028451e+01,2.342965e+00,5.320533e+00,-8.623036e-01,1.324583e+00,1.196798e+00,1.982527e+00
1.370813e+01,3.497071e+00,4.748875e+00,1.096175e+00,-4.377688e-01,-2.770994e+00,3.011918e+00
1.525163e+01,2.435706e+00,4.767217e+00,1.298288e-01,5.966238e-01,-6.885498e-01,9.202806e-01
1.011248e+01,3.004585e+00,7.058101e+00,-7.378896e-01,-2.878812e-02,1.807336e-01,7.602463e-01
1.685428e+01,2.729241e-01,6.866900e+00,-4.586700e-01,5.767476e-02,5.820893e-01,7.433253e-01
1.273802e+01,3.777512e+00,7.533405e+00,7.121015e-01,-7.378457e-01,-1.342167e-01,1.034176e+00
1.556499e+01,1.451357e+00,4.807759e+00,-9.301186e-01,-7.596313e-01,-6.693234e-01,1.374829e+00
1.208386e+01,2.805398e+00,1.070986e+01,2.085994e+00,-1.229241e-01,8.500130e-01,2.255882e+00
1.756545e+01,3.567402e+00,8.716937e+00,-9.388648e-01,-1.837589e+00,-6.059227e-01,2.150661e+00
1.741355e+01,1.335382e+00,5.328485e+00,3.916901e-01,3.711578e-01,2.229653e-01,5.838603e-01
2.067983e+01,2.368119e+00,5.130118e+00,-1.654616e+00,4.278786e-02,5.211709e-01,1.735282e+00
1.569579e+01,3.301727e+00,6.534496e+00,-1.928689e-01,-2.592791e-01,-1.189750e+00,1.232854e+00
1.672606e+01,3.203923e+00,5.966677e+00,-4.781388e-01,-1.086250e+00,-8.923043e-01,1.484844e+00
1.913382e+01,2.308889e+00,8.584323e+00,1.915972e-01,1.598391e+00,-5.642132e-01,1.705843e+00
1.827289e+01,2.217937e+01,3.735450e+00,-1.942467e-01,-6.312005e-01,8.484882e-01,1.075211e+00
1.841428e+01,4.770320e-01,5.035889e+00,2.433028e+00,1.242384e+00,4.810876e-01,2.773912e+00
1.936846e+01,3.224230e+00,4.667047e+00,8.289941e-01,1.747282e+00,4.518954e-01,1.986060e+00
1.797068e+01,2.375152e+01,7.581061e+00,-8.555576e-01,-7.525213e-01,-1.272306e-01,1.146497e+00
1.911552e+01,2.678972e+00,3.732995e+00,-6.306459e-02,1.751386e+00,-2.522011e-01,1.770575e+00
1.735679e+01,2.390601e+00,7.840075e+00,3.825697e-01,5.322664e-01,5.101210e-02,6.574719e-01
1.945592e+01,2.877979e-01,5.174578e+00,2.060559e-02,1.166527e+00,1.081952e+00,1.591173e+00
1.947541e+01,1.027079e+00,3.615387e+00,6.957254e-01,4.048140e-01,1.593847e+00,1.785569e+00
2.156372e+01,3.954825e-01,4.187543e+00,1.572643e+00,-2.282786e-01,3.196326e-01,1.620951e+00
2.152336e+01,2.320380e+00,3.205801e+00,8.930928e-01,1.001057e+00,8.483560e-01,1.587274e+00
2.078095e+01,4.354814e+00,5.315683e+00,6.918719e-01,-1.768568e-01,-1.834381e-01,7.373022e-01
2.748239e-01,2.109329e+01,4.440378e+00,4.779155e-01,1.728107e-02,-1.462412e-01,5.000883e-01
2.136744e+01,1.615233e+00,4.106242e+00,-1.791378e+00,-8.062569e-01,-9.772739e-01,2.194117e+00
1.986154e+01,2.066272e+00,4.178320e+00,-7.450270e-01,8.907032e-01,-1.185519e-01,1.167250e+00
2.853961e-01,8.299828e-01,5.001233e+00,3.388088e-01,5.068750e-01,-2.193846e-01,6.479531e-01
2.231969e+01,4.173613e+00,5.573849e+00,6.845834e-01,-1.259306e+00,-1.344924e+00,1.965534e+00
2.332759e+01,3.978445e+00,5.865322e+00,1.631876e-01,-8.558500e-01,9.688405e-01,1.302982e+00
2.252862e+01,1.364626e+00,6.820426e+00,2.219222e-01,-1.176159e+00,-2.259261e-01,1.218049e+00
2.299657e+01,2.034507e+00,5.562015e+00,2.290937e-01,-2.680801e-01,-2.134442e-01,4.122005e-01
2.268069e+00,4.017434e+00,4.981625e+00,5.546562e-02,-3.296957e-01,-3.051256e-01,4.526338e-01
2.635560e+00,5.502450e+00,1.805438e+00,4.682921e-01,1.744597e-01,-1.446255e-01,5.202406e-01
2.616726e+00,6.932009e+00,5.086677e+00,-7.864498e-01,7.741405e-01,-6.575653e-01,1.284597e+00
5.109789e+00,4.729747e+00,5.381070e+00,-5.249318e-01,4.333341e-01,1.101461e+00,1.294816e+00
6.999910e+00,5.977354e+00,3.325795e+00,2.162504e-01,-6.822064e-01,4.967516e-01,8.711670e-01
5.897774e+00,5.853750e+00,2.835808e+00,1.118058e+00,3.373083e-01,6.843616e-01,1.353581e+00
2.360970e+00,6.468460e+00,2.497748e+00,-1.120980e+00,1.099249e+00,3.557598e-01,1.609817e+00
5.794203e+00,7.183115e+00,3.520800e+00,1.129661e+00,8.570593e-01,1.805496e+00,2.295757e+00
7.222749e+00,2.878437e+00,5.848717e+00,-1.354823e-02,-8.236334e-01,7.076790e-01,1.085986e+00
8.058043e+00,5.807701e+00,4.940811e+00,6.136412e-01,4.287191e-01,-4.505311e-01,8.736898e-01
3.957012e+00,5.152249e+00,4.598837e+00,-1.200049e+00,1.332689e+00,-3.810368e-01,1.833403e+00
8.401367e+00,4.466537e+00,6.353200e+00,1.506867e+00,-1.970715e+00,-8.831842e-01,2.633322e+00
9.124694e+00,5.433963e+00,5.158837e+00,8.763051e-01,-4.239805e-01,8.611811e-01,1.299732e+00
1.016916e+01,1.944084e+00,7.938268e+00,-1.178055e+00,-4.955556e-01,-1.263036e+00,1.796844e+00
8.811044e+00,1.135266e+01,5.068328e+00,-3.518889e-01,-4.470772e-01,-2.606428e-01,6.258103e-01
5.051162e+00,5.627872e+00,6.335495e+00,-9.925526e-01,4.173262e-01,-7.672137e-02,1.079448e+00
5.716676e+00,7.398417e+00,6.257334e+00,1.196183e+00,1.048866e-01,9.023273e-01,1.502015e+00
9.949005e+00,4.043337e+00,8.762866e+00,8.260146e-01,8.200229e-01,2.219890e+00,2.506521e+00
5.697527e+00,9.014880e+00,6.918421e+00,8.567920e-01,1.191505e+00,2.890498e-01,1.495769e+00
1.097285e+01,2.943537e+00,6.370609e+00,1.994314e+00,6.345733e-01,4.459541e-01,2.139824e+00
1.209072e+01,5.720600e+00,3.071946e+00,-7.945535e-01,-2.058824e+00,-3.842841e-01,2.240033e+00
1.498809e+01,5.735332e+00,7.188068e+00,4.083676e-01,4.893146e-01,-1.613462e+00,1.734778e+00
8.888936e+00,3.831605e+00,5.642566e+00,-8.578206e-01,-9.250629e-01,-9.865389e-01,1.601517e+00
8.326908e+00,5.322610e+00,4.126414e+00,7.557310e-01,8.566880e-01,-5.304186e-01,1.259519e+00
1.132148e+01,3.664022e+00,7.337993e+00,2.684718e-01,-5.714805e-02,-4.720230e-02,2.785158e-01
1.132982e+01,1.304028e+00,8.012560e+00,5.243619e-01,-1.780730e+00,9.998669e-01,2.108480e+00
1.604140e+01,4.327665e+00,5.068594e+00,5.217172e-01,-1.263420e+00,-8.001918e-01,1.583896e+00
1.456479e+01,2.901787e+00,7.786136e+00,5.010635e-03,3.820159e-01,-2.343364e-01,4.481906e-01
1.589744e+01,5.467054e+00,6.886981e+00,7.223784e-01,5.283915e-01,-1.578240e+00,1.814351e+00
1.486893e+01,3.466221e+00,9.516207e+00,2.268520e-01,-4.994882e-01,5.158931e-01,7.530578e-01
1.643082e+01,2.420031e+00,4.868999e+00,-4.350287e-01,-1.127899e+00,1.271693e+00,1.754597e+00
1.473192e+01,5.155564e+00,6.223346e+00,1.338428e-01,6.460177e-01,6.326748e-02,6.627636e-01
1.722782e+01,5.576340e+00,5.817355e+00,6.919287e-01,-1.179014e+00,1.077415e+00,1.740593e+00
1.734805e+01,4.836271e+00,6.782100e+00,1.447379e+00,2.036742e-01,1.097386e+00,1.827743e+00
1.964366e+01,5.652850e+00,5.903782e+00,-1.311406e+00,8.884767e-01,-1.108068e+00,1.933130e+00
1.693127e+01,1.249900e+00,6.442913e+00,-3.322478e-01,-4.544767e-01,-4.447984e-01,7.174840e-01
1.806934e+01,3.461672e+00,4.890508e+00,-4.310012e-01,1.087580e+00,3.747959e-01,1.228440e+00
1.634924e+01,3.581120e+00,1.108537e+01,8.353002e-01,-2.413559e-01,1.230954e+00,1.507059e+00
2.166623e+01,5.687588e+00,3.966066e+00,-2.604183e-01,-1.397139e+00,1.244522e+00,1.889088e+00
2.044661e+01,2.866024e+00,2.952086e+00,-2.151512e-01,-5.349637e-01,-1.516641e-01,5.962200e-01
1.914893e+01,4.192351e+00,5.027748e+00,-3.289352e-01,4.665723e-01,1.886072e+00,1.970573e+00
1.959129e+01,3.783990e+00,3.352283e+00,7.615523e-02,-1.475723e+00,-5.973198e-02,1.478894e+00
1.737884e+01,4.456398e+00,3.806718e+00,-6.263577e-01,-4.610206e-01,2.223044e-02,7.780476e-01
2.052382e+01,2.616767e+00,7.107296e+00,-1.793396e-01,1.335272e-01,4.040796e-01,4.618144e-01
2.389284e+01,2.661257e+00,7.190493e+00,-3.537484e-01,1.863322e+00,1.058324e+00,2.171901e+00
2.209804e+01,2.286118e+00,7.387710e+00,5.909251e-02,-3.861944e-01,-8.483077e-01,9.339507e-01
1.845967e+01,3.204320e+00,8.304179e+00,-2.158726e-02,1.457272e+00,-6.140843e-01,1.581521e+00
2.323841e+01,2.189110e+00,1.971437e+00,-2.539788e-02,1.643372e+00,-1.255326e+00,2.068130e+00
2.353369e+01,2.649155e+00,4.833123e+00,-9.147101e-01,9.614803e-01,-4.681694e-01,1.407239e+00
1.868344e+01,3.473429e+00,5.764485e+00,-3.448452e-01,-5.850632e-01,1.397510e-01,6.933595e-01
1.939109e+01,3.548233e+00,6.746148e+00,3.919220e-01,-1.361632e+00,5.736786e-01,1.528643e+00
3.937878e-01,1.609466e+00,7.699079e+00,1.269681e+00,-1.325488e+00,-4.190596e-01,1.882716e+00
2.204126e+01,2.322629e+00,6.163648e+00,-1.624491e-01,1.812729e+00,-1.980498e-01,1.830737e+00
3.067911e+00,2.820685e+00,6.776905e+00,-5.983859e-01,-4.015603e-02,-5.903899e-01,8.415691e-01
2.195052e+01,5.132372e+00,5.638563e+00,9.992265e-01,-1.615439e+00,-1.131877e+00,2.211163e+00
2.248278e+01,5.743379e+00,6.973588e+00,-4.754730e-01,8.461582e-01,2.100563e-01,9.930669e-01
2.765628e+00,6.334809e+00,7.470819e-01,-1.256386e+00,5.029115e-02,-6.679770e-01,1.423807e+00
2.048710e+00,6.091437e+00,7.165701e+00,-6.866843e-01,4.182612e-01,1.821592e+00,1.991149e+00
3.870376e+00,3.703667e+00,7.673599e+00,1.331707e+00,1.422356e-01,2.241210e+00,2.610880e+00
2.805990e+00,6.073133e+00,4.066270e+00,3.534890e-01,1.618764e-02,5.544629e-01,6.577580e-01
3.016832e+00,5.002094e+00,4.171661e+00,2.112921e-01,-7.721304e-01,8.101342e-02,8.046072e-01
2.650613e+00,3.182334e+00,1.705255e+00,-4.082911e-01,-4.087408e-01,-5.220373e-01,7.786486e-01
1.982333e+00,6.904915e+00,4.030778e+00,-3.852603e-01,-8.202215e-01,-6.032082e-01,1.088600e+00
3.247901e+00,5.815825e+00,5.135939e+00,4.140790e-01,1.124357e-01,-1.247106e+00,1.318854e+00
7.278591e+00,6.528573e+00,4.255118e+00,4.810248e-02,-3.342714e-01,8.386421e-01,9.040861e-01
4.004166e+00,3.074436e+00,4.726104e+00,-1.984379e+00,1.511960e+00,4.199497e-01,2.529850e+00
6.380352e+00,5.103474e+00,4.953070e+00,1.950416e-02,4.590904e-02,1.581411e-01,1.658212e-01
9.901037e+00,8.491002e+00,4.769203e+00,-1.756886e+00,-4.040030e-01,1.351837e-01,1.807800e+00
4.007498e+00,8.257291e+00,5.958457e+00,-1.898354e+00,-7.659648e-01,2.765372e-01,2.065653e+00
4.344855e+00,5.807089e+00,5.436757e+00,-2.374283e-01,-6.808397e-01,6.314490e-01,9.584585e-01
5.177164e+00,6.722850e+00,5.093625e+00,-1.112356e+00,4.266045e-01,-7.619248e-01,1.414163e+00
7.220286e+00,4.504594e+00,6.415909e+00,-1.996147e-01,-4.426746e-01,-8.180935e-01,9.513590e-01
8.313090e+00,7.535130e+00,2.157850e+00,-1.255277e+00,1.988260e+00,-8.685655e-01,2.506652e+00
8.263504e+00,6.404884e+00,6.396048e+00,-8.703116e-01,-4.036829e-01,5.196084e-01,1.091052e+00
9.710576e+00,4.772666e+00,7.186678e+00,1.133901e-02,-5.269171e-01,1.792124e+00,1.868014e+00
8.811244e+00,1.135012e+01,3.608245e+00,-6.724261e-01,1.366057e+00,3.021074e-01,1.552269e+00
1.037852e+01,1.106576e+01,1.570605e+00,9.418737e-02,1.883689e+00,-6.592717e-01,1.997948e+00
1.371198e+01,3.554719e+00,5.926903e+00,8.112841e-02,-1.143582e+00,-9.325669e-01,1.477851e+00
1.147653e+01,9.799375e+00,3.913223e+00,1.292483e+00,-1.092121e+00,5.489897e-01,1.778941e+00
1.262814e+01,3.727652e+00,3.885258e+00,5.525068e-01,1.287714e+00,9.676475e-01,1.702883e+00
1.192207e+01,8.101897e+00,4.107410e+00,1.611724e-01,-4.208849e-01,-5.909364e-01,7.431867e-01
1.404692e+01,2.490107e+00,5.396014e+00,1.039824e+00,3.726028e-01,2.763367e-01,1.138608e+00
1.019918e+01,2.972892e+00,8.141096e+00,2.952218e+00,-1.224696e+00,1.394053e+00,3.486955e+00
1.287029e+01,2.757454e+00,6.064764e+00,-1.494505e+00,-1.802424e+00,-1.309597e-01,2.345086e+00
1.188958e+01,3.876771e+00,1.947863e+00,-7.090993e-02,6.150007e-01,-2.145988e-02,6.194470e-01
1.551117e+01,6.490942e+00,7.664405e+00,9.032411e-01,-1.026699e+00,-9.086374e-01,1.641821e+00
1.503801e+01,4.619979e+00,7.153623e+00,-1.346935e-01,-4.619332e-01,-1.146062e+00,1.242973e+00
1.412676e+01,5.617831e+00,5.548455e+00,-4.910574e-01,-7.082725e-01,1.827275e+00,2.020327e+00
1.741463e+01,3.758109e-01,4.327904e+00,7.798347e-01,-1.279990e+00,1.553702e+00,2.158821e+00
1.491203e+01,6.432502e+00,5.501332e+00,-6.090205e-01,1.577217e+00,1.269251e-01,1.695473e+00
1.672324e+01,7.908327e+00,6.574844e+00,7.585347e-01,2.383487e-01,2.228768e+00,2.366345e+00
1.851487e+01,4.483012e+00,3.241149e+00,4.772766e-01,2.015116e+00,-6.484922e-01,2.170029e+00
1.461511e+01,7.998603e+00,5.082801e+00,-1.547869e-01,3.670585e-01,-6.342949e-01,7.490133e-01
1.794593e+01,6.277151e+00,4.324808e+00,-5.628824e-01,-1.908591e+00,-1.439769e-01,1.995065e+00
1.679561e+01,1.415695e+00,4.367766e+00,-1.623368e-01,1.605255e+00,9.932256e-01,1.894649e+00
1.815134e+01,5.252808e+00,3.897722e+00,-1.038848e+00,1.060497e+00,-7.188253e-01,1.649415e+00
2.076874e+01,9.001688e+00,4.817681e+00,4.408768e-01,-1.141323e-01,4.617428e-01,6.485406e-01
1.920822e+01,5.673086e+00,3.705317e+00,8.606846e-01,6.939442e-01,-1.017579e+00,1.502599e+00
1.697030e+01,8.480294e+00,5.803473e+00,-6.289227e-01,3.080341e-01,-3.181678e-01,7.691941e-01
9.241710e-01,3.424433e+00,8.325163e+00,3.363452e-01,1.124047e+00,1.942724e+00,2.269534e+00
1.927394e+01,4.830619e+00,6.777804e+00,4.783271e-01,-2.484598e+00,-8.351509e-01,2.664489e+00
2.109128e+01,6.704362e-01,6.632113e+00,-4.206547e-01,2.878126e-02,-6.159502e-02,4.261134e-01
2.058630e+01,5.960903e+00,5.244740e+00,1.250739e+00,2.535829e-01,-9.979706e-01,1.620061e+00
2.179023e+01,1.292894e+00,5.979639e+00,-5.138092e-02,1.501238e+00,5.583602e-01,1.602536e+00
2.271247e+01,5.849135e+00,4.918680e+00,-7.426845e-01,1.596182e+00,-2.004100e-01,1.771875e+00
2.331902e+01,6.658761e+00,4.311661e+00,1.063178e+00,-5.110386e-01,-5.364675e-01,1.295880e+00
2.306820e+01,4.236031e+00,7.391798e+00,1.120595e+00,7.232093e-01,6.809087e-02,1.335440e+00
2.339462e+01,6.570467e+00,7.008464e+00,-8.434904e-02,3.958208e-01,-3.519100e-01,5.363110e-01
2.081209e+00,7.124770e+00,5.920927e+00,1.121669e+00,-2.210452e+00,-5.401052e-01,2.536919e+00
2.377302e+01,5.412625e+00,3.055350e+00,-1.931035e+00,1.158753e+00,-1.097125e-01,2.254693e+00
2.315365e+01,8.356284e+00,6.567607e+00,-4.094718e-01,-7.407049e-01,5.569853e-01,1.013185e+00
3.438990e+00,6.586090e+00,8.917149e+00,1.076893e+00,-4.351388e-01,4.484667e-01,1.245057e+00
1.330025e+00,7.975675e+00,2.368873e+00,4.453133e-01,5.792452e-02,-4.391219e-01,6.280822e-01
2.242868e+01,4.751939e+00,6.612451e+00,1.110880e-02,1.549573e-01,-1.465031e+00,1.473245e+00
1.374504e+00,6.299253e+00,7.879272e+00,7.616689e-01,-1.080669e+00,1.923236e+00,2.333843e+00
2.370463e+01,6.107214e+00,5.429146e+00,1.614898e+00,1.802434e-01,-9.356182e-01,1.875038e+00
9.045932e+00,6.385477e+00,5.767418e+00,-7.369642e-01,8.418488e-01,7.206588e-01,1.330855e+00
2.755040e+00,7.079225e+00,6.860827e+00,6.430767e-02,1.954207e-01,1.447653e+00,1.462198e+00
9.624219e-01,9.002034e+00,5.816976e+00,-2.130723e-01,2.931023e-01,-8.016515e-02,3.711270e-01
3.296067e+00,6.456794e+00,3.042062e+00,7.618718e-01,8.961146e-01,-3.557893e-01,1.228843e+00
5.961525e+00,7.404677e+00,7.763155e+00,-5.335145e-01,8.914922e-01,-7.142228e-01,1.260758e+00
1.580674e+00,7.739110e+00,3.264321e+00,6.797467e-01,5.023744e-01,-1.423436e+00,1.655478e+00
4.072920e+00,7.006162e+00,3.344648e+00,-5.454705e-02,1.855806e+00,4.163186e-01,1.902712e+00
2.689201e+00,9.080367e+00,5.170116e+00,-1.066949e+00,4.345295e-01,1.006685e+00,1.529905e+00
7.620180e+00,1.026455e+01,4.653828e+00,-1.228948e+00,-2.635539e-01,7.656222e-01,1.471717e+00
7.857195e+00,7.829086e+00,5.478080e+00,-1.447499e+00,1.432388e+00,1.202941e+00,2.365176e+00
7.170208e+00,1.052076e+01,8.243347e+00,8.699546e-01,-3.665792e-01,-1.039367e+00,1.404096e+00
1.050753e+01,1.048958e+01,6.846993e+00,-3.478408e-01,9.870331e-01,-5.390413e-01,1.177197e+00
9.863692e+00,1.092390e+01,2.738120e+00,1.435197e+00,4.222538e-01,3.051247e-01,1.526823e+00
8.493371e+00,4.892481e+00,8.777998e+00,-5.424962e-01,-3.288375e-01,-5.546826e-01,8.426796e-01
7.651363e+00,9.937100e+00,7.491988e+00,1.108701e+00,-9.209529e-01,3.145978e-01,1.475244e+00
9.500164e+00,7.599455e+00,6.926673e+00,6.833331e-01,-1.409817e+00,8.279612e-02,1.568880e+00
9.159273e+00,9.112070e+00,4.450625e+00,4.314824e-02,-1.314049e+00,3.223358e-01,1.353694e+00
1.077701e+01,4.811541e+00,7.076129e+00,5.876872e-01,-2.598639e-01,1.396665e+00,1.537393e+00
1.042923e+01,5.915665e+00,6.731870e+00,1.201981e+00,5.420163e-01,7.241191e-02,1.320524e+00
1.151581e+01,6.434446e+00,7.233387e+00,-1.257941e+00,-8.218910e-01,2.022532e-02,1.502774e+00
1.260257e+01,7.560498e+00,4.717417e+00,-5.979789e-01,5.220640e-02,-9.845318e-01,1.153086e+00
1.039176e+01,3.129156e+00,9.232302e+00,-6.915908e-01,-4.498981e-01,1.951390e+00,2.118639e+00
1.227917e+01,6.967776e+00,3.797200e+00,-1.018211e+00,3.775740e-01,-1.636484e+00,1.964026e+00
1.236152e+01,7.867573e+00,7.217236e+00,4.784538e-02,-6.215882e-01,4.349003e-01,7.601312e-01
1.141494e+01,5.206710e+00,2.246142e+00,-3.173853e-01,-1.235180e+00,1.714060e-01,1.286772e+00
1.327304e+01,4.691787e+00,5.634965e+00,-1.312360e+00,5.955802e-01,-6.930449e-01,1.599161e+00
1.313254e+01,6.758878e+00,5.624887e+00,6.352049e-01,2.709676e-01,6.416170e-01,9.426458e-01
1.378068e+01,2.302507e+00,6.470922e+00,4.865264e-01,-6.965924e-02,-1.187511e-01,5.056305e-01
1.604286e+01,5.409721e+00,4.553159e+00,6.682327e-01,-1.230580e+00,-8.133065e-01,1.619361e+00
1.716949e+01,2.594331e+00,4.099107e+00,6.002909e-02,-2.057066e+00,-2.301484e-01,2.070771e+00
1.497791e+01,1.974115e+00,7.933986e+00,-4.441730e-01,1.486949e+00,2.062564e-01,1.565518e+00
2.036753e+01,4.535452e+00,2.676969e+00,1.834015e+00,6.152370e-01,-9.729465e-02,1.936904e+00
1.850586e+01,6.508223e+00,6.149816e+00,1.600608e+00,-8.445069e-04,-2.505304e-01,1.620097e+00
1.849438e+01,4.892815e+00,4.778519e+00,1.559432e+00,1.279502e-01,-7.906296e-01,1.753081e+00
1.938636e+01,8.618724e+00,1.070630e+01,1.130586e-01,-4.015619e-01,-1.398774e+00,1.459658e+00
1.625116e+01,9.164608e+00,4.970206e+00,-7.221670e-02,-6.730201e-01,-9.785930e-01,1.189880e+00
1.908076e+01,8.850431e+00,3.867251e+00,2.395615e-01,1.958179e-01,-3.884820e-01,4.966413e-01
1.647564e+01,8.529565e+00,9.465892e+00,-6.946555e-01,-5.914557e-01,-1.076597e+00,1.411179e+00
1.910050e+01,1.005378e+01,8.477484e+00,4.443548e-02,-8.396644e-02,-1.229148e+00,1.232814e+00
2.000292e+01,6.079688e+00,4.240367e+00,-8.156388e-01,-2.483389e-01,-6.108193e-01,1.048827e+00
2.072278e+01,5.160722e+00,5.902414e+00,1.263569e-01,1.765733e+00,5.537926e-01,1.854849e+00
1.945614e+01,6.899049e+00,6.954083e+00,-1.814808e-01,-2.040610e+00,-8.833944e-01,2.231011e+00
2.207592e+01,8.356904e+00,1.021998e+01,-6.516087e-01,-1.399289e-01,-6.243584e-01,9.132346e-01
1.159322e+00,8.239560e+00,6.595263e+00,4.001130e-01,-8.972496e-01,-4.090300e-01,1.064168e+00
1.988226e+01,9.378206e+00,8.633996e+00,-1.058953e+00,-1.200883e+00,1.633207e+00,2.287108e+00
6.012363e-01,5.529037e+00,7.030995e+00,-4.021528e-01,9.765529e-02,1.585527e+00,1.638646e+00
1.883484e+01,8.361612e+00,7.331986e+00,-3.658006e-01,7.204340e-01,-1.098933e+00,1.363998e+00
2.314106e+01,1.083411e+01,4.362592e+00,-3.373500e-01,-1.174356e+00,6.591426e-01,1.388303e+00
2.357813e+01,8.473753e+00,1.130984e+00,-3.217356e-01,9.618501e-01,3.716466e-02,1.014914e+00
4.424258e-01,1.235353e+01,6.383671e+00,8.100889e-01,-2.079898e+00,6.105881e-02,2.232924e+00
1.132886e+00,4.395198e+00,7.288541e+00,1.944736e+00,3.223592e-01,7.562181e-02,1.972722e+00
1.045111e-01,9.031729e+00,1.790977e+00,-1.021723e+00,-4.323935e-01,-5.081690e-01,1.220294e+00
1.946234e-01,1.114865e+01,4.961208e+00,4.330958e-01,2.061352e-01,-4.225775e-02,4.815074e-01
2.352503e+01,9.386434e+00,2.778483e+00,-1.160107e+00,-1.457419e+00,-1.035062e+00,2.131026e+00
1.235545e+00,9.797421e+00,6.659819e+00,-5.938012e-01,-7.361592e-01,-6.198985e-01,1.130842e+00
1.579990e-01,5.852167e+00,4.492958e+00,-1.529197e-01,3.473389e-01,2.954458e-01,4.809542e-01
1.104210e+00,9.061566e+00,7.439952e+00,5.407932e-01,-5.700842e-01,9.020303e-01,1.196291e+00
5.058736e+00,9.240690e+00,5.806667e+00,3.184926e-02,1.934807e+00,-8.851004e-01,2.127885e+00
1.885935e+00,1.065006e+01,6.887680e+00,-2.291972e+00,-6.757955e-01,6.509359e-01,2.476601e+00
3.939937e+00,7.424866e+00,6.673893e+00,7.304136e-01,-7.578790e-01,4.986025e-01,1.164684e+00
1.784608e+00,9.501339e+00,8.806935e+00,-1.118831e+00,-4.720506e-01,-9.203603e-01,1.523705e+00
4.918931e+00,8.113231e+00,6.518572e+00,4.056789e-01,7.143803e-02,1.074707e+00,1.150945e+00
3.465116e+00,8.239928e+00,6.896854e+00,-3.904886e-01,-1.020619e+00,9.668871e-01,1.459115e+00
4.753144e+00,1.062984e+01,7.293668e+00,-7.440483e-01,-1.129565e+00,-4.089512e-01,1.413070e+00
8.010635e+00,5.767842e+00,1.014155e+01,1.030478e+00,-5.465259e-02,-1.066369e+00,1.483919e+00
1.017850e+01,8.970791e+00,8.110578e+00,-8.368618e-01,5.310808e-01,-6.043633e-01,1.160879e+00
6.473695e-01,9.956483e+00,1.722051e+00,-1.613321e+00,8.263000e-01,-1.623527e+00,2.433396e+00
6.715131e+00,8.988660e+00,7.311842e+00,4.768471e-01,8.406971e-01,1.921253e+00,2.150667e+00
6.701104e+00,1.029573e+01,5.672756e+00,-2.593658e-02,2.294563e-01,-4.530530e-01,5.085075e-01
5.515726e+00,9.775205e+00,7.592615e+00,1.383902e+00,2.320741e-01,-1.021798e+00,1.735833e+00
5.373722e+00,8.871617e+00,4.730539e+00,4.540011e-02,-8.211766e-01,6.694542e-01,1.060453e+00
7.911578e+00,7.783201e+00,7.951845e+00,1.050119e+00,-7.478500e-01,-2.434878e+00,2.755115e+00
9.596720e+00,9.562419e+00,7.404781e+00,-1.075514e+00,4.430238e-01,-1.127200e+00,1.619747e+00
1.115100e+01,1.326997e+01,8.204898e+00,1.415708e+00,-1.756105e+00,-3.837822e-01,2.288105e+00
1.187527e+01,1.325532e+01,5.605305e+00,1.375989e+00,6.625718e-01,1.707300e-01,1.536716e+00
1.192694e+01,8.731218e+00,5.536280e+00,6.767763e-01,2.263380e-02,2.003333e-01,7.061671e-01
1.422046e+01,7.203912e+00,7.001539e+00,-2.545054e-01,8.570573e-01,-1.005540e+00,1.345523e+00
1.079428e+01,1.188122e+01,6.242815e+00,-4.946766e-01,4.189492e-01,9.912767e-01,1.184421e+00
1.131535e+01,9.930688e+00,5.023908e+00,-1.390118e+00,8.925363e-01,-5.554494e-01,1.742864e+00
1.380324e+01,9.407621e+00,6.807759e+00,1.604627e-01,1.984969e-01,2.397207e-01,3.501647e-01
1.382669e+01,7.827803e+00,2.688777e+00,1.499433e+00,-8.527855e-01,2.359812e-01,1.741043e+00
1.469806e+01,3.766451e+00,8.557807e+00,1.711363e+00,-3.839758e-01,-1.111372e-01,1.757427e+00
1.669280e+01,5.432592e+00,7.560135e+00,-5.418381e-01,-9.283633e-01,-5.166427e-01,1.192630e+00
1.797962e+01,8.378345e+00,4.945501e+00,2.277677e+00,-4.358645e-01,-2.488007e-01,2.332315e+00
1.849031e+01,1.287663e+01,6.801783e+00,3.363544e-01,1.332802e-02,1.904502e-01,3.867598e-01
1.506138e+01,5.512572e+00,5.132733e+00,-3.947831e-01,2.073251e+00,-1.671148e+00,2.692018e+00
1.433405e+01,7.406653e+00,5.941147e+00,-5.204070e-01,6.128788e-01,4.402942e-02,8.052220e-01
1.667708e+01,1.184755e+01,8.450337e+00,-3.193949e-01,1.836460e+00,-1.813810e+00,2.600866e+00
1.745478e+01,8.867141e+00,9.054324e+00,-6.191937e-01,1.984522e+00,4.002925e-01,2.117064e+00
1.675138e+01,9.787563e+00,5.639376e+00,-7.897509e-01,-5.605218e-01,2.926898e-01,1.011711e+00
1.748129e+01,1.445288e+01,6.550935e+00,4.872393e-02,2.349404e-01,2.131649e+00,2.145111e+00
2.006203e+01,7.866823e+00,4.472890e+00,-7.377705e-02,-8.644516e-01,-2.442791e-01,9.013278e-01
2.037645e+01,1.046098e+01,5.785230e+00,-1.513973e-01,8.624000e-02,1.058550e+00,1.072794e+00
2.065298e+01,7.259964e+00,3.261213e+00,7.714044e-01,-5.363886e-02,-1.513359e+00,1.699470e+00
1.700537e+01,1.021976e+01,4.709325e+00,7.614851e-01,2.640021e-01,-6.069438e-01,1.008929e+00
2.298922e+01,9.953907e+00,6.172321e+00,1.022965e+00,-5.723550e-01,-7.436239e-02,1.174554e+00
2.159419e+01,7.535739e+00,3.984357e+00,2.383477e-01,3.993841e-01,5.821654e-01,7.451401e-01
2.103663e+01,7.858242e+00,5.502718e+00,-3.915092e-01,2.699971e-01,1.185525e+00,1.277360e+00
1.852236e-01,7.920244e+00,6.952798e+00,-3.572107e-01,1.907868e+00,-1.437270e+00,2.415224e+00
2.204988e+01,8.243216e+00,4.736848e+00,7.506906e-01,-7.542893e-01,1.663980e-01,1.077115e+00
2.078361e+01,7.587376e+00,1.931785e+00,8.819138e-01,1.208146e+00,-8.587723e-01,1.724784e+00
2.089313e-01,6.332262e+00,6.282258e+00,1.028153e+00,1.492825e+00,8.673732e-01,2.009468e+00
5.152362e-02,8.264483e+00,5.972899e+00,1.625380e+00,-3.537787e-01,2.838286e-01,1.687477e+00
2.320252e+01,1.082707e+01,5.602177e+00,5.812942e-01,6.838421e-01,2.567656e-01,9.335264e-01
3.078217e-01,1.148599e+01,9.653824e+00,-5.729935e-01,6.345290e-01,-3.405060e-01,9.202679e-01
2.293426e+00,1.024299e+01,4.984541e+00,-1.564505e-01,5.637141e-02,-4.031803e-01,4.361294e-01
2.138427e+01,1.055954e+01,5.648229e+00,-3.120416e-01,-1.908429e+00,1.376993e+00,2.373938e+00
1.156928e+00,1.082441e+01,6.219536e+00,-6.733914e-01,-3.403513e-01,-1.296847e-01,7.655802e-01
2.293581e+01,9.061087e+00,4.514886e+00,4.104093e-01,-8.837523e-01,6.489667e-01,1.170731e+00
4.661016e+00,1.071471e+01,6.020065e+00,1.199804e+00,-1.477495e-02,-4.903340e-01,1.296216e+00
1.754359e+00,9.539573e+00,5.493212e+00,2.808487e-01,-8.854733e-01,-1.241380e+00,1.550472e+00
1.922934e+00,7.814807e+00,4.718324e+00,3.431740e-01,-1.478983e+00,-7.617591e-01,1.698657e+00
4.752536e-01,9.138351e+00,4.881032e+00,-6.740579e-01,-9.387544e-01,9.392583e-01,1.489235e+00
4.166503e+00,8.946143e+00,4.119759e+00,1.307655e+00,1.830790e+00,2.310942e+00,3.225246e+00
9.633742e-01,8.039858e+00,5.138754e+00,-2.123603e-01,-2.929340e-01,-1.464179e+00,1.508220e+00
2.329599e+00,9.205967e+00,9.532141e+00,-3.207687e-01,-1.849026e+00,-3.823216e-01,1.915192e+00
3.470612e+00,1.394031e+01,3.972821e+00,2.836950e-01,5.345600e-01,-3.438776e-01,6.960525e-01
2.225516e+00,1.128439e+01,5.652036e+00,1.140699e+00,-1.236891e+00,1.010678e+00,1.962795e+00
3.030697e+00,1.107514e+01,6.450760e+00,1.896151e-01,1.141016e+00,7.988969e-01,1.405741e+00
8.088559e+00,1.221840e+01,6.451742e+00,-8.987703e-01,-7.681042e-01,1.054306e-01,1.186966e+00
7.898005e+00,1.040330e+01,6.411349e+00,-7.347389e-01,-9.528017e-01,4.492584e-01,1.284331e+00
6.907349e+00,1.252443e+01,7.925058e+00,1.169708e+00,-1.142504e+00,-9.121324e-02,1.637636e+00
2.462260e+00,1.114591e+01,7.693193e+00,-3.691334e-01,8.320832e-01,2.999377e-01,9.584281e-01
5.951465e+00,1.268294e+01,5.845677e+00,-6.812743e-01,4.573650e-01,-6.499784e-01,1.046800e+00
7.829469e+00,9.339246e+00,8.382524e+00,-1.588952e+00,1.179408e-01,5.420545e-01,1.683003e+00
6.161251e+00,9.793982e+00,9.483156e+00,4.099012e-01,-4.748802e-01,4.768484e-02,6.291295e-01
7.712347e+00,1.102288e+01,7.303670e+00,1.678367e-01,4.741204e-01,-9.485448e-01,1.073637e+00
8.025564e+00,1.348313e+01,8.681052e+00,7.656992e-01,-1.082948e-01,7.487898e-01,1.076433e+00
1.337197e+01,1.270451e+01,6.736869e+00,-2.706742e-01,-2.524551e-01,-6.998032e-01,7.916582e-01
1.104037e+01,1.299549e+01,6.326363e+00,1.033827e+00,-5.106673e-01,-2.203648e-01,1.173942e+00
8.817332e+00,1.133672e+01,8.800211e+00,5.889396e-01,-6.494983e-01,-1.834393e+00,2.033149e+00
9.845365e+00,9.794086e+00,6.372682e+00,-8.355825e-01,6.151304e-01,9.262878e-01,1.390896e+00
1.333391e+01,7.197408e+00,3.990189e+00,-1.343244e+00,-1.222391e+00,1.131555e-01,1.819711e+00
1.166537e+01,9.095720e+00,7.350688e+00,-7.256802e-02,1.607574e+00,1.030296e+00,1.910778e+00
1.209082e+01,9.916664e+00,8.047353e+00,2.018563e-01,4.869036e-01,1.273561e+00,1.378325e+00
1.385713e+01,1.210021e+01,5.422088e+00,2.699528e-01,7.326789e-01,-1.126900e+00,1.370984e+00
1.440810e+01,1.255547e+01,7.328910e+00,7.330434e-01,-1.261699e+00,1.022065e-01,1.462765e+00
1.520342e+01,1.095285e+01,5.959237e+00,-5.013672e-01,1.744778e+00,-5.767035e-01,1.904785e+00
1.613241e+01,6.396062e+00,9.658629e+00,-1.139952e+00,6.271486e-01,2.627782e+00,2.932242e+00
1.123418e+01,9.371691e+00,8.308455e+00,3.038182e-01,-3.070718e-02,-5.302118e-01,6.118602e-01
1.898801e+01,1.002164e+01,5.363363e+00,3.173059e-01,6.131878e-02,5.618182e-01,6.481379e-01
1.579824e+01,1.017615e+01,6.313516e+00,8.154349e-02,-1.592045e+00,-1.823552e-01,1.604528e+00
1.490045e+01,1.198053e+01,1.204862e+01,6.432182e-01,-6.969424e-01,-9.318255e-01,1.329570e+00
1.772419e+01,7.367163e+00,9.002540e+00,-2.113051e-01,-2.827420e-01,-2.140903e-01,4.128287e-01
1.965916e+01,1.173290e+01,8.153148e+00,7.102943e-01,-2.877949e-01,1.244532e+00,1.461576e+00
2.172756e+01,1.049981e+01,4.458723e+00,6.675194e-01,-6.663713e-01,1.660867e+00,1.910003e+00
1.594481e+01,9.471454e+00,7.130057e+00,6.293795e-01,1.990181e-01,7.072461e-01,9.674316e-01
2.133657e+01,1.226775e+01,5.074890e+00,4.196642e-01,-1.461188e+00,9.999151e-01,1.819620e+00
1.801313e+01,1.140225e+01,6.033639e+00,2.119672e-01,-2.558649e-02,-1.363896e-01,2.533513e-01
1.907497e+01,1.234656e+01,9.154272e+00,1.101651e+00,8.269968e-01,-7.929340e-01,1.589435e+00
2.060001e+01,1.127972e+01,7.654730e+00,-8.306018e-02,-7.460867e-02,4.201442e-01,4.347259e-01
2.017915e+01,1.146032e+01,9.574952e+00,-1.168644e+00,-2.849165e-01,-4.952639e-01,1.300843e+00
2.290269e+01,1.008295e+01,3.854181e+00,6.102032e-01,-4.902804e-04,1.922220e+00,2.016749e+00
2.292117e+01,1.365941e+01,2.828967e+00,-7.606223e-02,1.709590e+00,-8.300677e-01,1.901971e+00
5.443219e-01,1.338455e+01,7.555390e+00,9.870103e-01,7.337526e-01,1.209764e+00,1.725141e+00
2.270810e+01,1.000781e+01,5.035960e+00,-7.878593e-01,5.990722e-01,1.950345e-01,1.008786e+00
2.044231e+01,1.001266e+01,4.806854e+00,4.187517e-02,2.270509e-01,4.787760e-01,5.315375e-01
7.917426e-01,1.001949e+01,5.426766e+00,3.246624e-01,-1.075619e+00,1.445012e+00,1.830416e+00
2.338047e+01,7.073979e+00,6.089684e+00,9.300503e-01,-8.030939e-01,-7.329605e-01,1.430799e+00
4.853762e-01,1.206197e+01,5.314674e+00,-4.221241e-01,-1.387660e+00,-1.888096e-01,1.462682e+00
1.296117e+00,1.640751e+01,8.090237e+00,1.569186e+00,4.501960e-01,-1.790877e+00,2.423275e+00
2.239145e+01,1.058594e+01,8.783489e+00,5.612393e-01,7.338867e-01,2.270103e-02,9.241724e-01
2.347599e+01,1.285687e+01,4.891649e+00,-1.440427e-01,-3.434265e-02,1.363778e+00,1.371794e+00
2.301156e+01,1.044862e+01,2.744760e+00,8.310338e-01,6.942659e-01,5.023666e-01,1.193731e+00
4.519614e+00,1.440956e+01,4.491247e+00,-1.457389e+00,1.813874e-01,2.128543e+00,2.586035e+00
2.625268e+00,1.001438e+01,6.024957e+00,7.758978e-01,2.404040e-01,1.756442e+00,1.935174e+00
1.694448e+00,1.558603e+01,6.677369e+00,-3.836571e-01,7.616491e-01,-6.994264e-01,1.102950e+00
1.088893e+00,9.593061e+00,3.991403e+00,-7.513941e-01,-2.265141e+00,-1.579384e+00,2.861802e+00
3.890930e+00,1.493643e+01,2.329227e+00,-1.580223e-01,9.799042e-01,-1.901747e-01,1.010618e+00
4.577172e+00,1.100057e+01,2.190588e+00,7.347358e-01,6.000874e-01,2.490584e-02,9.489794e-01
2.912496e+00,1.033893e+01,3.631178e+00,-1.400537e+00,4.810183e-01,2.465876e-01,1.501229e+00
3.120173e+00,1.155632e+01,3.182788e+00,1.495431e-01,-1.792554e+00,2.063961e-01,1.810583e+00
4.961049e+00,1.342176e+01,5.960186e+00,-6.134992e-01,-3.720173e-01,4.732446e-01,8.594990e-01
3.914089e+00,1.398519e+01,7.697698e+00,-1.358621e+00,1.742779e+00,1.833575e-01,2.217375e+00
4.831165e+00,1.401594e+01,2.314334e+00,-6.256600e-01,-2.112220e-01,1.567901e+00,1.701287e+00
4.328785e+00,1.246384e+01,6.116485e+00,4.569138e-01,5.801541e-01,4.968599e-01,8.900667e-01
9.158251e+00,1.051486e+01,5.844943e+00,1.893824e+00,-1.419694e+00,1.623666e-01,2.372438e+00
8.256749e+00,1.379787e+01,6.717943e+00,1.085066e+00,8.174253e-01,-7.522286e-01,1.552868e+00
8.028853e+00,1.573531e+01,7.989793e+00,-3.187007e-01,1.363130e-01,7.579808e-01,8.334785e-01
7.983230e+00,1.480997e+01,8.257716e+00,1.427332e-01,6.491575e-01,8.483000e-01,1.077679e+00
7.752268e+00,1.323128e+01,5.998599e+00,-9.441100e-02,1.597816e+00,1.552913e+00,2.230127e+00
9.050372e+00,1.277861e+01,7.013717e+00,5.185447e-01,2.493377e-01,-2.012310e-01,6.095505e-01
7.082312e+00,1.377000e+01,6.649719e+00,-8.548597e-01,-2.722941e-01,-1.245650e+00,1.535113e+00
1.198016e+01,1.614765e+01,5.207269e+00,-8.847809e-01,7.417130e-01,-9.373825e-01,1.487166e+00
1.363942e+01,1.244524e+01,4.152978e+00,-2.551814e-02,1.396877e+00,-5.464360e-01,1.500169e+00
1.200826e+01,1.297915e+01,7.534460e+00,3.630574e-01,4.415503e-01,-1.070171e+00,1.213278e+00
9.403387e+00,1.327096e+01,9.101734e+00,-5.351563e-01,-7.555429e-01,-3.518393e-01,9.904687e-01
1.278388e+01,1.398639e+01,5.631494e+00,7.390246e-02,1.094522e+00,-1.804608e-01,1.111758e+00
1.425095e+01,1.039151e+01,5.749880e+00,6.452310e-01,7.896661e-01,-8.871680e-01,1.351652e+00
1.384937e+01,1.071210e+01,6.793247e+00,4.273002e-02,1.424357e+00,-1.188885e-01,1.429949e+00
1.592545e+01,1.350827e+01,9.298342e+00,3.998777e-01,-2.219212e-01,7.303387e-01,8.617110e-01
1.237928e+01,8.741129e+00,6.526459e+00,2.261827e-01,-1.467565e+00,1.471171e+00,2.090275e+00
2.007855e+01,1.373989e+01,6.653008e+00,1.171053e+00,-3.848063e-01,3.883812e-01,1.292394e+00
1.926210e+01,1.446317e+01,5.444285e+00,4.615469e-01,1.123242e+00,-5.015382e-01,1.313864e+00
1.673314e+01,1.359833e+01,6.258897e+00,-4.672823e-01,-4.532730e-01,9.802756e-01,1.176754e+00
1.546009e+01,1.159452e+01,8.747959e+00,-1.019728e+00,-1.040479e-01,-1.191590e+00,1.571801e+00
1.705095e+01,1.260982e+01,6.553009e+00,2.340957e-01,-4.531211e-01,9.174563e-01,1.049688e+00
1.749347e+01,1.368091e+01,1.028341e+01,-1.381790e-01,1.328178e+00,-1.589177e-01,1.344770e+00
1.931519e+01,1.357015e+01,4.410359e+00,-9.959599e-01,-9.169555e-01,-1.413626e+00,1.957315e+00
1.850875e+01,1.400627e+01,4.944672e+00,7.611963e-01,-3.332476e-01,-9.707434e-01,1.277817e+00
2.160585e+01,1.608694e+01,7.458373e+00,1.601858e+00,-1.038926e+00,1.138218e+00,2.222803e+00
2.130680e+01,1.330541e+01,5.174785e+00,4.203366e-01,-6.028311e-01,2.365925e-03,7.349107e-01
1.880892e+01,1.443543e+01,6.535496e+00,-2.194844e-01,1.068365e-01,-6.786010e-02,2.533622e-01
2.013929e+01,8.914004e+00,3.711246e+00,5.396636e-01,-1.423461e-01,1.077056e+00,1.213074e+00
1.976239e+01,1.437869e+01,3.664170e+00,1.249218e-01,-4.885575e-01,2.025638e+00,2.087463e+00
1.925053e+01,1.269789e+01,2.107521e+00,-8.887427e-01,2.969864e-01,6.744258e-01,1.154519e+00
1.954025e+01,1.514877e+01,8.533498e+00,-3.109016e-01,9.508603e-01,-7.291163e-01,1.237904e+00
2.110096e+01,1.432786e+01,1.043991e+00,9.847657e-01,9.382986e-01,7.166593e-03,1.360228e+00
1.890905e+01,1.320338e+01,3.088290e+00,1.367961e+00,-5.448250e-01,-5.888956e-02,1.473642e+00
4.943489e-02,1.018348e+01,6.148699e+00,-3.723567e-01,-3.753210e-01,-2.032287e-02,5.290825e-01
1.894534e+01,1.166949e+01,6.493824e+00,3.132931e-01,-1.284884e+00,9.073170e-01,1.603841e+00
2.310376e+01,1.238522e+01,2.882447e+00,1.665489e-01,-1.520838e+00,-9.328294e-02,1.532771e+00
2.334902e+01,1.171400e+01,5.028550e+00,-8.872283e-01,-1.417238e-01,-1.081854e+00,1.406296e+00
2.232903e+01,7.717584e+00,7.118926e+00,-7.476230e-01,1.147966e+00,-1.334782e-01,1.376438e+00
2.203012e+01,1.305549e+01,3.024106e+00,-1.447372e-01,1.479482e+00,-8.224636e-01,1.698900e+00
9.350963e-01,1.308414e+01,4.587711e+00,-1.150975e-01,-3.437117e-03,1.179657e+00,1.185264e+00
1.186827e+00,1.425283e+01,4.489272e+00,7.800430e-02,6.607382e-01,-1.282742e-01,6.775795e-01
2.221793e+01,1.133246e+01,4.963151e+00,6.268482e-01,1.646987e+00,-1.145751e+00,2.101964e+00
2.879951e+00,1.307298e+01,4.310306e+00,1.521689e-01,-2.459044e-01,1.784158e-01,3.397889e-01
2.282865e+01,1.252284e+01,4.188095e+00,-6.329620e-01,1.097067e+00,1.458697e-01,1.274941e+00
3.578269e+00,1.713088e+01,3.992179e+00,6.679248e-01,-4.657233e-01,-4.765602e-01,9.434678e-01
2.271755e+01,1.067552e+01,1.000712e+01,-8.713950e-01,1.916356e-01,7.052507e-01,1.137292e+00
6.728671e+00,1.639776e+01,5.946742e+00,-2.474165e-01,-9.392003e-01,1.741129e-01,9.867256e-01
9.314685e-01,1.252940e+01,3.576725e+00,-1.875899e-01,4.865446e-01,3.773260e-01,6.436541e-01
2.533934e+00,1.602943e+01,5.158799e+00,-3.315825e-01,-1.043803e-01,6.028274e-01,6.958758e-01
3.073282e+00,1.656776e+01,5.916693e+00,-1.506403e-01,1.871781e+00,-6.123553e-01,1.975155e+00
2.421023e+00,1.291867e+01,1.074778e+01,-3.915801e-02,-1.233000e+00,4.989704e-01,1.330712e+00
8.562033e+00,1.408498e+01,4.986783e+00,2.159884e+00,-1.117771e+00,2.427366e-01,2.444060e+00
3.130267e+00,1.411334e+01,6.963180e+00,-1.636792e+00,9.443945e-02,8.962570e-01,1.868498e+00
2.390560e+00,1.407880e+01,4.045971e+00,-8.632779e-01,-4.455950e-01,-1.506123e-01,9.831011e-01
2.872860e+00,1.349083e+01,5.242590e+00,-1.646702e+00,5.273650e-01,1.009993e+00,2.002455e+00
5.746628e+00,1.334588e+01,5.130459e+00,-6.011392e-01,-4.518035e-01,3.618183e-01,8.345102e-01
1.042751e+01,1.400474e+01,3.956621e+00,2.258840e+00,7.372140e-01,-1.235470e-01,2.379308e+00
5.204703e+00,1.177212e+01,5.882897e+00,1.978528e+00,2.866149e-01,-2.950948e-01,2.020842e+00
8.784368e+00,1.684039e+01,5.544971e+00,-6.365614e-01,-8.083069e-01,-1.514371e+00,1.830817e+00
9.820954e+00,1.534232e+01,2.378570e+01,-6.183917e-01,-1.136102e-01,1.354668e+00,1.493466e+00
1.243216e+01,1.432360e+01,3.558275e+00,-1.314980e+00,-1.034645e+00,2.176949e+00,2.745682e+00
6.665464e+00,1.404216e+01,5.016381e+00,4.461980e-01,-1.175000e+00,8.869855e-01,1.538330e+00
1.310569e+01,1.405083e+01,6.903194e+00,1.991472e+00,7.036402e-01,-2.051463e+00,2.944413e+00
8.417361e+00,1.478739e+01,7.290711e+00,1.206864e+00,-9.519037e-01,1.963657e-01,1.549581e+00
1.507482e+01,1.691443e+01,5.161467e+00,2.812521e-01,-1.216920e-01,1.463321e+00,1.495066e+00
1.154685e+01,1.313052e+01,9.186129e+00,1.990529e+00,-1.000550e+00,-1.452824e+00,2.659700e+00
1.306953e+01,1.700986e+01,8.547023e+00,1.553093e-01,-9.967654e-02,-1.180285e-02,1.849208e-01
1.140056e+01,1.401495e+01,4.570336e+00,-1.096776e+00,9.965179e-01,-6.958002e-01,1.637102e+00
1.544120e+01,1.458400e+01,5.448615e+00,1.223805e+00,-2.871632e-01,-1.218961e+00,1.751007e+00
1.477726e+01,1.408641e+01,7.609549e+00,5.696955e-01,4.755650e-01,8.803523e-01,1.151406e+00
1.580672e+01,1.562411e+01,6.920982e+00,-3.030439e-01,-5.203255e-01,-1.016106e+00,1.181121e+00
1.373057e+01,1.551765e+01,5.299123e+00,5.274301e-01,-7.924894e-01,1.726338e+00,1.971412e+00
1.721913e+01,1.438315e+01,5.421703e+00,1.684941e+00,1.731752e+00,1.967908e-01,2.424194e+00
1.682015e+01,1.392865e+01,7.322708e+00,7.069614e-01,-2.088635e+00,1.138619e+00,2.481662e+00
1.452571e+01,1.427509e+01,5.439571e+00,-4.436442e-01,3.180839e-01,-1.263248e+00,1.376152e+00
1.783675e+01,1.471161e+01,4.636322e+00,-2.310337e-01,-5.406630e-01,6.349910e-01,8.653939e-01
1.524243e+01,1.219991e+01,1.626595e+00,1.148376e+00,-4.687459e-01,6.077357e-01,1.381243e+00
1.830256e+01,1.368545e+01,3.846293e+00,3.920077e-01,1.038020e+00,-1.056432e+00,1.532059e+00
1.900389e+01,1.609931e+01,7.297843e+00,3.132032e-01,-6.338756e-01,1.216900e-01,7.174281e-01
2.365717e+01,1.490399e+01,7.995401e+00,-1.551956e+00,1.537966e+00,5.072260e-01,2.243030e+00
1.962404e+01,1.536808e+01,6.706063e+00,1.682989e-01,1.986449e-01,-8.120197e-02,2.727234e-01
2.135250e+01,1.395802e+01,6.145178e+00,-3.215700e-01,-2.793697e-01,5.143711e-01,6.678565e-01
1.934984e+01,1.635273e+01,8.389507e+00,-5.096817e-01,-4.020675e-01,7.055234e-01,9.587476e-01
2.141882e+01,1.158089e+01,7.285879e+00,-4.768078e-01,-1.207176e-01,-8.456138e-01,9.782541e-01
2.306149e+01,1.470662e+01,4.363470e+00,1.080612e+00,1.178398e+00,5.292716e-01,1.684183e+00
2.089692e+01,1.231963e+01,8.344337e+00,-8.116721e-01,1.046445e+00,-3.019995e+00,3.297610e+00
1.757552e+01,1.559419e+01,4.235579e+00,-2.324211e-01,4.928969e-01,6.254966e-01,8.295860e-01
1.373617e-01,1.138093e+01,6.033599e+00,4.868263e-01,-1.300930e+00,7.600510e-01,1.583381e+00
2.222542e+01,1.750834e+01,4.880252e+00,7.770137e-01,-1.285198e+00,3.513519e-01,1.542378e+00
2.318191e+01,9.260279e+00,7.024467e+00,1.647381e+00,5.760467e-01,-2.474871e+00,3.028313e+00
2.077536e+01,1.465822e+01,6.733104e+00,-5.997582e-01,4.537088e-01,-5.043154e-01,9.054809e-01
2.323653e+01,1.709088e+01,7.423783e+00,5.546355e-01,-7.722568e-01,-8.741712e-01,1.291579e+00
5.143025e+00,1.652996e+01,2.956342e+00,2.033846e-01,4.816577e-01,-1.035303e-01,5.329897e-01
3.652685e+00,1.248644e+01,5.036100e+00,-1.004937e+00,4.743634e-03,1.347445e+00,1.680930e+00
2.302269e+01,1.367265e+01,5.606527e+00,2.473023e-02,-9.302822e-01,-7.737895e-01,1.210284e+00
2.363559e+01,1.330090e+01,6.514564e+00,-1.182031e+00,-3.840407e-01,8.144288e-01,1.485927e+00
3.765844e-01,1.560819e+01,3.140181e+00,-8.828952e-01,-9.671237e-01,-1.200961e+00,1.776834e+00
1.561297e+00,1.406055e+01,3.417103e+00,-9.052097e-01,1.455023e+00,-1.317785e+00,2.161725e+00
2.132717e+00,1.583029e+01,2.985350e+00,1.624012e+00,1.288249e+00,1.082462e+00,2.338530e+00
2.427459e+00,1.498788e+01,5.867315e+00,-7.443566e-01,-5.101212e-02,4.749681e-01,8.844567e-01
6.529597e+00,1.513290e+01,4.640051e+00,-8.176275e-01,-4.873824e-02,4.074188e-01,9.148116e-01
4.791464e+00,1.702690e+01,5.699398e+00,-1.507347e+00,9.899230e-01,6.039844e-01,1.901799e+00
4.346169e+00,1.716563e+01,4.658816e+00,4.638652e-01,8.985145e-01,-1.455262e+00,1.772086e+00
7.653773e+00,1.769817e+01,4.473389e+00,1.145063e+00,-8.536374e-01,-7.877722e-01,1.631089e+00
5.575115e+00,1.713463e+01,4.932722e+00,-1.088271e+00,-4.159705e-02,-3.113983e-01,1.132710e+00
1.004689e+01,1.757250e+01,6.421868e+00,-5.168537e-01,2.232766e-02,-9.098669e-01,1.046659e+00
4.106270e+00,1.781057e+01,3.123922e+00,6.153080e-01,1.367329e+00,9.468019e-02,1.502383e+00
5.194925e+00,1.323593e+01,4.154245e+00,-4.880135e-01,-8.765251e-01,7.706963e-01,1.265080e+00
3.416272e+00,1.658708e+01,4.932505e+00,5.916220e-01,6.547636e-01,-1.127809e+00,1.432021e+00
6.196748e+00,1.426530e+01,7.208516e+00,2.944005e-01,1.240468e-01,1.052033e+00,1.099470e+00
4.717026e+00,1.694300e+01,6.793550e+00,-4.665661e-02,1.143128e-01,-4.011028e-01,4.196757e-01
4.400555e+00,1.546953e+01,4.793131e+00,-7.293195e-01,-6.996417e-01,2.401206e-01,1.038780e+00
8.701163e+00,1.447888e+01,5.916580e+00,-8.598230e-01,-1.351828e-01,5.221385e-01,1.014987e+00
8.368103e+00,1.456219e+01,3.952844e+00,4.253541e-02,-1.214699e-01,-1.993310e+00,1.997460e+00
9.091140e+00,1.560119e+01,5.813025e+00,1.045189e+00,-1.958114e+00,-1.482522e+00,2.669177e+00
1.004320e+01,1.323003e+01,6.851906e+00,1.882510e+00,4.813415e-01,-3.906807e-01,1.981960e+00
1.049369e+01,1.449227e+01,4.922644e+00,-1.863981e+00,-1.008370e+00,-1.014557e+00,2.349587e+00
1.513403e+01,1.579104e+01,5.239912e+00,-1.600447e-01,-2.358586e-01,-9.670333e-01,1.008165e+00
7.688339e+00,1.929188e+01,9.988223e+00,-2.717821e-01,1.837727e-01,3.212937e-02,3.296516e-01
1.403178e+01,1.667179e+01,5.658747e+00,8.609438e-01,-6.443220e-01,1.033903e+00,1.491754e+00
1.343879e+01,1.903450e+01,4.382039e+00,-2.323687e+00,-1.171658e+00,1.625167e+00,3.068139e+00
1.040890e+01,1.417776e+01,6.927796e+00,-9.220468e-01,9.272032e-01,-4.920473e-01,1.397135e+00
1.047283e+01,1.701342e+01,7.192915e+00,6.167574e-01,2.751346e-01,2.975069e-01,7.379696e-01
1.280579e+01,1.466444e+01,9.067545e+00,-2.128188e-01,2.990463e-02,1.543963e+00,1.558848e+00
1.116228e+01,1.587481e+01,4.333712e+00,-3.518761e-02,-6.801379e-01,1.218599e+00,1.395998e+00
1.393608e+01,1.988078e+01,3.868923e+00,-7.437168e-01,-1.294819e+00,-2.125897e-01,1.508266e+00
1.099418e+01,1.536774e+01,8.281962e+00,-1.295198e+00,9.502243e-01,2.899501e-01,1.632340e+00
1.461135e+01,1.896597e+01,4.109754e+00,1.726199e+00,-2.886358e-01,-8.160932e-02,1.752066e+00
1.657680e+01,1.485477e+01,6.044075e+00,-1.041238e+00,2.574318e-01,-1.010252e+00,1.473451e+00
1.809435e+01,1.482864e+01,5.813405e+00,-9.637619e-01,2.298862e-01,8.384802e-01,1.297973e+00
1.440280e+01,1.926929e+01,3.101054e+00,-6.830655e-01,4.349470e-01,-5.389065e-01,9.727166e-01
1.658704e+01,1.291621e+01,4.725652e+00,-8.362158e-01,1.229059e+00,2.133823e+00,2.600585e+00
1.883320e+01,1.576909e+01,2.258471e+00,7.897840e-01,1.147171e+00,4.695150e-01,1.469763e+00
1.673737e+01,1.327384e+01,2.607252e+00,1.938562e-01,1.417686e+00,5.072985e-02,1.431778e+00
1.501425e+01,1.752539e+01,4.341164e+00,1.034699e-01,4.370816e-01,2.433249e-01,5.108360e-01
2.057857e+01,1.354762e+01,7.455775e+00,-1.402346e+00,-1.706340e+00,8.626300e-01,2.371139e+00
2.089768e+01,1.432174e+01,3.285697e+00,8.430096e-01,7.346625e-01,2.089961e-01,1.137574e+00
2.154641e-01,1.246334e+01,7.757557e+00,8.224187e-01,2.575122e-01,1.862696e-01,8.816923e-01
2.011904e+01,1.560630e+01,7.782103e+00,-6.480818e-02,-1.858496e+00,-1.214313e-01,1.863586e+00
2.165743e+01,1.379140e+01,3.781358e+00,1.443691e-02,8.718562e-01,1.173302e+00,1.461841e+00
1.568686e+01,1.585590e+01,2.470028e+00,-2.718184e-01,5.211706e-01,-4.907761e-01,7.657449e-01
2.166238e+01,1.500961e+01,6.128819e+00,1.728099e-02,1.263257e+00,9.116730e-01,1.557968e+00
4.073640e-01,1.312575e+01,5.592045e+00,-2.753121e-01,-7.136421e-01,-2.145513e-01,7.944269e-01
2.284502e+01,1.491145e+01,6.234352e+00,1.291432e-01,-9.902334e-01,-1.446536e-01,1.009042e+00
2.142751e+01,1.644014e+01,4.613671e+00,-1.144002e+00,-3.954913e-01,-3.935549e-01,1.272807e+00
2.190427e+01,1.461521e+01,4.321038e+00,-7.454454e-01,4.936005e-01,-4.604630e-02,8.952377e-01
2.221223e+01,1.433860e+01,5.366051e+00,-4.571845e-01,7.001361e-02,4.831059e-02,4.650306e-01
2.061355e+01,1.280324e+01,4.590998e+00,-1.745473e-01,1.844287e-01,1.659554e+00,1.678868e+00
2.387866e+01,1.392116e+01,4.960034e+00,8.541379e-01,3.222689e-02,-3.444154e-02,8.554393e-01
3.510242e+00,1.066321e+01,5.537678e+00,-1.245136e+00,-1.455930e+00,-7.032931e-02,1.917040e+00
2.332438e+01,1.769793e+01,6.600150e+00,-5.478036e-01,1.662299e+00,6.227607e-01,1.857729e+00
1.629520e+00,1.224079e+01,4.699810e+00,4.437854e-01,7.221019e-01,3.810057e-01,9.292697e-01
5.817642e+00,1.604070e+01,5.306828e+00,-1.583664e-01,-1.227208e+00,-7.846671e-01,1.465204e+00
1.116468e+00,1.720821e+01,4.174311e+00,-2.084230e+00,-1.286538e+00,8.117936e-01,2.580350e+00
3.691478e+00,1.369181e+01,2.359411e+01,-7.629784e-01,1.479838e+00,-2.820136e+00,3.274939e+00
1.495403e+00,1.967809e+01,5.768544e+00,8.045351e-01,8.098622e-02,1.326257e+00,1.553317e+00
2.801727e+00,1.669447e+01,3.054811e+00,-4.896678e-01,-1.135718e+00,-4.174703e-01,1.305340e+00
7.183745e+00,2.205417e+01,4.114903e+00,1.748976e+00,1.663229e+00,-8.078846e-01,2.545177e+00
2.342469e+01,1.602280e+01,4.390239e+00,-1.276862e-01,4.901015e-01,-6.211580e-01,8.014615e-01
5.279268e+00,1.798142e+01,6.037215e+00,9.129017e-01,-7.572297e-01,-1.168284e+00,1.664834e+00
5.530074e+00,1.914054e+01,4.303814e+00,-5.695646e-01,4.570084e-01,-5.054477e-02,7.319940e-01
6.414121e+00,1.806615e+01,9.131983e+00,8.934005e-02,-1.512771e-01,3.654460e-01,4.054839e-01
8.846157e+00,1.890838e+01,5.156492e+00,-3.754906e-01,7.386900e-01,8.947138e-02,8.334634e-01
7.023383e+00,2.029648e+01,5.194350e+00,-2.409481e-01,1.028282e-01,-1.183200e+00,1.211854e+00
6.914076e+00,1.988213e+01,6.128595e+00,8.713351e-01,-5.057819e-01,4.255962e-02,1.008391e+00
9.796451e+00,1.704350e+01,5.404291e+00,-8.244416e-01,-1.401750e+00,-1.037269e+00,1.928868e+00
4.554267e+00,1.643541e+01,8.540414e+00,-2.612718e-02,-1.344490e+00,-1.098598e+00,1.736448e+00
7.584170e+00,1.671935e+01,6.609343e+00,5.079196e-01,-2.082707e+00,-3.466314e-01,2.171591e+00
9.234883e+00,2.071855e+01,7.454676e+00,4.814019e-01,4.522117e-02,8.434315e-01,9.721982e-01
7.527753e+00,1.734423e+01,7.612029e+00,-1.186093e+00,-2.235048e-01,-1.121940e+00,1.647884e+00
8.946570e+00,1.973512e+01,7.508158e+00,-7.770067e-01,-7.526891e-01,1.152012e-01,1.087912e+00
1.027484e+01,1.508026e+01,5.883328e+00,-7.536583e-01,8.353093e-01,-1.297607e+00,1.717418e+00
1.001297e+01,1.791358e+01,2.511805e+00,4.425037e-01,2.674471e-01,-3.725639e-01,6.372923e-01
1.033516e+01,1.521678e+01,7.499461e+00,4.856488e-01,-1.108048e+00,1.529110e-01,1.219429e+00
1.247319e+01,1.763809e+01,7.654833e+00,1.598536e+00,-3.143626e-01,1.206905e+00,2.027502e+00
1.239714e+01,1.684598e+01,5.855699e+00,2.670047e-01,8.523674e-01,-9.162738e-01,1.279601e+00
1.488897e+01,1.627468e+01,1.968598e+00,-3.595983e-01,7.589347e-01,-1.994808e-01,8.631833e-01
1.371822e+01,1.423353e+01,6.088031e+00,1.070518e+00,-1.524788e+00,-4.182503e-01,1.909429e+00
1.103602e+01,1.606566e+01,7.300866e+00,-6.740724e-01,1.203958e+00,-9.991365e-01,1.703573e+00
1.199171e+01,1.498516e+01,1.988179e+00,1.395532e+00,-1.308148e-01,-9.337028e-01,1.684168e+00
1.536697e+01,2.015981e+01,3.439413e+00,-5.568883e-01,-9.527470e-01,9.059551e-01,1.427798e+00
1.440323e+01,1.787672e+01,7.209769e+00,-2.897848e-01,-1.455474e-01,9.566584e-02,3.380994e-01
1.196728e+01,1.723493e+01,2.786779e+00,2.296143e-01,1.848664e+00,1.477067e+00,2.377395e+00
1.122986e+01,1.811471e+01,3.780210e+00,-5.924229e-01,-2.747977e-01,5.654828e-01,8.638573e-01
1.619709e+01,1.566195e+01,5.568241e+00,-9.052315e-01,-5.307879e-01,6.328752e-01,1.225443e+00
1.653244e+01,1.767210e+01,6.376066e+00,-2.907434e-02,-1.953939e+00,-8.464078e-01,2.129584e+00
1.407341e+01,1.748296e+01,5.038997e+00,8.923624e-01,3.806293e-01,6.892651e-01,1.190074e+00
1.906136e+01,1.704050e+01,5.720403e+00,7.643685e-01,8.241788e-01,-1.366329e+00,1.769289e+00
1.582452e+01,1.392114e+01,8.330666e+00,1.592232e+00,1.633232e-01,-4.112677e-01,1.652579e+00
1.910987e+01,2.033325e+01,7.618098e+00,9.061049e-01,9.252523e-01,1.888610e+00,2.289971e+00
1.881899e+01,1.587885e+01,5.824919e+00,-6.607822e-01,-7.417600e-01,-1.618790e+00,1.899295e+00
1.583151e+01,1.943734e+01,3.985102e+00,2.037403e-01,-9.730512e-01,-3.252191e-01,1.045995e+00
1.712027e+01,1.536807e+01,5.123818e+00,-6.164625e-02,-1.634955e+00,9.117205e-01,1.872996e+00
2.238715e+01,1.407808e+01,6.453094e+00,9.740591e-01,1.974527e+00,1.601054e+00,2.722301e+00
1.613237e+01,1.819255e+01,5.447052e+00,-2.373471e-01,-2.154877e-01,7.856514e-01,8.485380e-01
2.056517e+01,1.652190e+01,8.212699e+00,5.068078e-01,-2.723842e-01,-6.880266e-01,8.968991e-01
2.327548e+01,1.470449e+01,5.429064e+00,-4.258236e-02,-4.467310e-01,-1.521969e+00,1.586749e+00
1.947048e+01,1.861630e+01,5.911115e+00,-1.095755e+00,7.345415e-02,3.413471e-01,1.150040e+00
1.505977e+01,1.892332e+01,5.713451e+00,8.361905e-01,3.743643e-01,9.218608e-01,1.299689e+00
1.933720e+01,1.646292e+01,4.648896e+00,5.840500e-01,-5.124834e-02,5.901979e-01,8.319101e-01
2.066905e+01,1.737967e+01,3.727626e+00,4.694111e-01,7.694086e-01,-5.096563e-03,9.013115e-01
2.148981e+01,1.626837e+01,5.825372e+00,-4.949452e-01,-4.537853e-01,-4.537884e-01,8.104417e-01
1.997349e+01,1.431929e+01,4.710935e+00,-1.302177e+00,1.487104e+00,1.936290e-01,1.986110e+00
2.116410e+01,1.693421e+01,2.736048e+00,-5.947170e-01,6.387090e-01,6.153427e-01,1.067841e+00
1.889929e+01,1.684510e+01,2.722504e+00,-4.711568e-01,-9.250596e-01,-5.183208e-01,1.160336e+00
2.386076e+01,1.427451e+01,6.225860e+00,6.609011e-01,3.432897e-01,1.563703e-01,7.609794e-01
2.357750e+01,1.897820e+01,4.237852e+00,8.423588e-01,-8.773097e-01,3.346745e-01,1.261447e+00
2.264680e+01,1.763150e+01,3.339420e+00,-1.007501e+00,-1.575096e+00,1.084328e+00,2.161423e+00
2.756710e-01,1.777145e+01,3.494592e+00,-4.495358e-02,-2.580711e-01,6.835119e-01,7.319904e-01
1.161357e+00,1.605906e+01,3.590427e+00,1.569952e+00,7.470251e-01,5.705692e-01,1.829848e+00
1.873821e+00,1.992418e+01,8.823737e+00,4.391963e-01,9.616578e-01,-4.548825e-01,1.150911e+00
1.722961e+00,2.089135e+01,6.141367e+00,8.881686e-01,1.009264e-02,3.824619e-01,9.670690e-01
4.688010e+00,1.926477e+01,5.499000e+00,5.629663e-01,-4.641541e-01,-3.413282e-01,8.055278e-01
3.709563e+00,2.117232e+01,3.000660e+00,1.713792e-01,-1.454856e-02,-4.524002e-01,4.839922e-01
3.297136e+00,1.546075e+01,3.082734e+00,7.898766e-01,1.322991e+00,1.326645e-01,1.546548e+00
7.691606e+00,1.681986e+01,8.604449e+00,8.945187e-01,-3.487967e-01,8.828869e-01,1.304344e+00
4.741768e+00,9.911720e-01,3.337482e+00,9.780975e-02,1.445170e-01,1.836891e-01,2.533645e-01
5.142739e+00,1.793002e+01,7.117342e+00,3.637181e-01,-8.760604e-02,5.228889e-01,6.429451e-01
2.259046e+00,1.839637e+01,6.297906e+00,4.972734e-02,-4.036565e-01,-6.181543e-01,7.399501e-01
7.928869e+00,2.282093e+01,4.181273e+00,-3.594376e-01,1.695910e+00,9.084067e-01,1.957169e+00
8.988152e+00,1.909894e+01,6.182609e+00,-1.399183e+00,-4.766281e-01,4.329840e-01,1.540248e+00
3.637636e+00,1.898795e+01,5.274950e+00,-1.431450e+00,4.696713e-01,2.173171e-02,1.506690e+00
4.462165e+00,2.509650e-01,5.310964e+00,-1.230197e+00,-1.274201e+00,9.130189e-01,1.992630e+00
9.556561e+00,2.092092e+01,2.229535e+00,-9.098215e-02,2.665682e-01,5.634750e-01,6.299527e-01
8.705785e+00,2.149304e+01,5.676121e+00,-1.050836e+00,5.383467e-02,3.778224e-01,1.117991e+00
6.296425e+00,1.636654e+01,7.061454e+00,-2.041078e+00,-5.589707e-01,-2.788062e-03,2.116236e+00
6.164026e+00,1.791671e+01,6.605118e+00,-3.871326e-01,5.079644e-01,-3.731768e-01,7.397029e-01
9.495018e+00,1.996508e+01,5.738384e+00,-6.106164e-02,-5.411586e-01,1.389957e-04,5.445927e-01
1.112507e+01,1.764442e+01,6.643386e+00,1.601431e+00,-1.835360e-01,-6.613194e-01,1.742300e+00
1.430463e+01,2.082144e+01,4.781501e+00,-4.528670e-01,6.824958e-01,-5.642595e-01,9.946244e-01
1.191779e+01,2.060068e+01,6.816881e+00,6.114675e-01,-3.775919e-01,1.305524e+00,1.490255e+00
1.223830e+01,1.727620e+01,4.851183e+00,-1.429006e+00,2.609695e-01,-4.478690e-01,1.520115e+00
1.588294e+01,1.941146e+01,5.039887e+00,-2.313219e-01,1.463611e+00,-1.014455e+00,1.795769e+00
1.073888e+01,1.900558e+01,5.523856e+00,-2.957565e-01,7.657378e-01,-1.343979e+00,1.574835e+00
9.430417e+00,1.998350e+01,3.334420e+00,-1.552860e+00,5.500733e-01,5.579083e-01,1.739315e+00
8.564036e+00,1.978753e+01,1.351207e+00,1.409508e+00,-9.787734e-02,5.482545e-01,1.515545e+00
1.068958e+01,1.794705e+01,5.621470e+00,1.362074e+00,6.540999e-01,-7.315389e-01,1.678762e+00
1.290605e+01,2.014431e+01,7.961482e+00,2.613698e+00,-1.993087e-01,1.258389e+00,2.907694e+00
1.239722e+01,1.857355e+01,6.863388e+00,1.191817e+00,-8.047097e-01,-4.956071e-01,1.521056e+00
1.468981e+01,1.960070e+01,5.015616e+00,-8.622574e-01,2.091888e+00,-1.292099e+00,2.605572e+00
1.565614e+01,1.783921e+01,7.703035e+00,6.588112e-01,1.036637e+00,-4.257618e-01,1.299970e+00
1.488720e+01,1.705114e+01,6.419228e+00,1.334211e+00,-5.740186e-01,-6.289446e-01,1.582779e+00
1.088375e+01,2.126845e+01,4.078436e+00,1.665715e+00,-1.029545e+00,1.806892e+00,2.664475e+00
1.735710e+01,1.847036e+01,5.493349e+00,9.991993e-01,-2.605830e-01,-1.015945e+00,1.448602e+00
1.825728e+01,1.955263e+01,2.121307e+00,5.761048e-01,7.746292e-01,4.280655e-01,1.056024e+00
1.753617e+01,1.950736e+01,4.854993e+00,3.175525e-01,-8.951234e-01,-7.066522e-01,1.183825e+00
1.534878e+01,1.788022e+01,6.677666e+00,8.337074e-01,1.056190e+00,2.692756e+00,3.010239e+00
1.931639e+01,1.723865e+01,7.057168e+00,4.251198e-01,1.342137e+00,-7.508780e-01,1.595580e+00
1.697319e+01,1.967832e+01,3.366450e+00,-2.486671e-01,9.962005e-01,-1.305485e+00,1.660886e+00
1.391592e+01,1.916970e+01,6.054571e+00,1.092783e+00,4.368634e-01,2.685244e-01,1.207116e+00
1.753464e+01,1.661005e+01,9.359441e+00,-8.871115e-02,-1.562162e+00,-1.296136e+00,2.031794e+00
1.724068e+01,1.623629e+01,3.434250e+00,-3.343470e-01,-1.380057e+00,-5.448891e-01,1.520937e+00
1.882101e+01,1.752353e+01,4.320779e+00,-1.188685e+00,-2.898285e-01,4.089790e-01,1.290053e+00
1.758793e+01,1.676744e+01,4.360086e+00,1.142796e+00,-2.434663e+00,8.406084e-01,2.817834e+00
1.698261e+01,1.810535e+01,2.195414e+00,5.280942e-01,1.101210e+00,7.634179e-01,1.440262e+00
2.298319e+01,1.967634e+01,5.182370e+00,8.541815e-01,-1.075306e-01,9.082108e-01,1.251414e+00
2.219819e+01,1.868224e+01,2.391987e+00,1.125993e+00,-2.094506e-01,5.783584e-01,1.283054e+00
2.071527e+01,1.672639e+01,6.423667e+00,8.996221e-01,-1.036317e-01,4.212403e-01,9.987506e-01
1.933069e+01,1.954849e+01,6.852096e+00,1.826412e+00,6.039474e-01,-1.762899e+00,2.609281e+00
2.227490e+01,1.924093e+01,6.348610e+00,-7.090618e-01,-1.118022e+00,2.000777e-01,1.338945e+00
2.216513e+01,1.935300e+01,4.697560e+00,4.321473e-01,-1.141603e+00,-1.329783e+00,1.805085e+00
2.466943e-01,1.799498e+01,2.258651e+00,8.053870e-01,1.265397e-01,9.498181e-01,1.251725e+00
1.807931e+01,1.775566e+01,5.535784e+00,4.630754e-01,-8.259279e-01,1.948342e+00,2.166249e+00
3.623892e-01,1.962286e+01,6.070085e+00,-1.550101e+00,-1.285959e+00,-5.234158e-01,2.080978e+00
2.313179e+00,2.098588e+01,7.905554e+00,-3.098858e-01,7.194012e-01,6.302017e-01,1.005346e+00
1.306653e+00,1.986701e+01,6.857186e+00,-3.131111e-01,-7.959510e-01,8.788727e-01,1.226374e+00
2.247795e+01,2.160359e+01,6.795694e+00,-5.341131e-01,-2.581375e-01,1.116359e+00,1.264188e+00
3.052906e+00,2.271321e+01,4.657287e+00,1.662132e+00,3.820920e-01,-4.987633e-01,1.776919e+00
3.616091e+00,2.109449e+01,1.517292e+00,9.501058e-01,-1.912682e+00,-1.060283e+00,2.384377e+00
1.453130e+00,2.119688e+01,7.066869e+00,-4.135424e-01,-1.099951e+00,7.749772e-01,1.407657e+00
2.246733e+01,2.333716e+01,7.531180e+00,7.073284e-01,-1.228301e+00,9.311405e-01,1.695895e+00
2.093137e+00,2.172192e+01,5.558520e-01,-1.832969e+00,2.537088e-01,-3.690665e-01,1.886890e+00
2.366234e+00,2.049421e+01,6.932847e+00,1.925818e-01,9.571071e-01,-2.301278e-01,1.003046e+00
3.061838e+00,2.346724e+01,2.050495e+00,5.903399e-01,1.703465e+00,7.213957e-01,1.941830e+00
4.433173e+00,2.203488e+01,1.258736e+00,-1.601071e+00,-7.716767e-01,-1.798389e-01,1.786408e+00
4.923741e+00,2.326439e+01,4.773293e+00,4.422940e-01,-2.805732e-01,1.879738e+00,1.951349e+00
3.919051e+00,2.956228e+00,3.707307e+00,1.915016e-01,1.245443e+00,-1.958687e+00,2.329003e+00
5.239377e+00,1.908595e+01,7.766570e+00,-1.814082e-01,-1.144508e-01,-4.565475e-01,5.044239e-01
4.536659e+00,2.130283e+01,3.921969e+00,-7.362606e-02,-5.764464e-01,3.824023e-01,6.956599e-01
7.097793e+00,2.079138e+01,4.053074e+00,9.796753e-01,-1.010897e+00,6.076487e-01,1.533269e+00
6.923822e+00,2.314125e+01,4.347248e+00,-1.156928e+00,4.277119e-01,4.881375e-01,1.326536e+00
8.187784e+00,1.813622e+01,8.020009e+00,-2.334666e+00,6.730360e-01,-1.262119e+00,2.737989e+00
7.712656e+00,2.360944e+01,5.876578e+00,-6.375064e-01,-8.373300e-01,4.074213e-02,1.053184e+00
7.412511e+00,2.172526e+01,5.305501e+00,3.447411e-01,-3.739601e-02,9.284814e-02,3.589787e-01
9.881237e+00,2.259623e+01,4.634752e+00,1.697252e+00,-4.083960e-01,1.015347e+00,2.019500e+00
1.219249e+01,2.188990e+01,7.564317e+00,-2.137100e-01,-3.385181e-02,2.540374e+00,2.549572e+00
8.826522e+00,2.213863e+01,4.824996e+00,9.995449e-01,-8.963872e-01,-4.153936e-01,1.405401e+00
9.085356e+00,1.984256e+01,4.679229e+00,3.676394e-01,-1.452081e+00,6.733605e-01,1.642289e+00
1.175077e+01,2.028601e+01,1.362463e+00,3.533039e-01,-3.687584e-01,2.916008e-01,5.880794e-01
1.181857e+01,2.291324e+01,5.932631e+00,-1.057646e+00,5.882372e-01,1.729686e-02,1.210346e+00
1.118604e+01,2.099663e+01,5.938629e+00,5.691060e-01,7.429878e-01,-1.755681e-01,9.522272e-01
1.356108e+01,2.067672e+00,3.427569e+00,1.548672e-01,5.733101e-01,2.095548e-01,6.297472e-01
1.328316e+01,2.372680e+01,5.210299e+00,-2.816530e-03,2.024235e+00,1.353997e+00,2.435332e+00
1.232256e+01,2.103902e+01,8.277226e+00,1.308405e+00,-1.965141e+00,1.414448e-01,2.365102e+00
1.143351e+01,2.290678e+01,3.636988e+00,-1.186475e+00,-7.006126e-02,2.177134e+00,2.480432e+00
1.536169e+01,1.893223e+01,3.074089e+00,1.728582e+00,5.947841e-01,7.160898e-01,1.963301e+00
1.491992e+01,9.907516e-01,7.096408e+00,-4.559083e-01,-1.143482e-01,-6.387335e-01,7.930375e-01
1.360927e+01,2.378042e+01,6.373728e+00,-6.225437e-01,6.932416e-01,-4.641045e-01,1.040931e+00
1.260183e+01,2.239653e+01,3.890480e+00,7.724535e-01,2.621936e-01,-6.413827e-01,1.037691e+00
1.536573e+01,2.039951e+01,4.720020e+00,-7.158162e-01,-1.891256e-01,2.276148e+00,2.393535e+00
1.717516e+01,1.992450e+01,7.111801e+00,1.267757e-01,-1.747896e+00,-1.310567e+00,2.188332e+00
1.606540e+01,2.159684e+01,5.707799e+00,-2.004861e-01,-1.023885e+00,7.842542e-01,1.305216e+00
1.649049e+01,2.025255e+01,5.651502e+00,-4.817166e-01,2.281398e+00,-8.742562e-01,2.490211e+00
1.496849e+01,1.984258e+01,6.725911e+00,5.459679e-01,2.878772e-01,-1.126771e+00,1.284744e+00
1.731334e+01,1.889060e+01,7.740855e+00,-4.629881e-01,-5.329154e-01,1.364569e+00,1.536361e+00
1.450904e+01,1.953356e+01,7.659093e+00,1.895614e-01,-6.251694e-01,1.107013e+00,1.285398e+00
1.405528e+01,2.171681e+01,5.425549e+00,8.414392e-01,5.373326e-01,-2.656169e+00,2.837601e+00
1.844881e+01,1.771022e+01,3.257326e+00,5.169570e-01,-2.303625e-01,-1.012469e+00,1.159916e+00
1.821101e+01,1.984965e+01,7.968764e+00,5.432229e-01,-5.618991e-01,-4.430850e-01,8.984130e-01
2.008557e+01,1.723741e+01,5.521684e+00,1.610893e+00,1.007401e+00,-2.794065e+00,3.378850e+00
1.721214e+01,1.720220e+01,7.262489e+00,5.517145e-01,-6.047272e-01,5.781920e-01,1.002193e+00
2.107588e+01,1.885921e+01,3.920333e+00,-3.608271e-01,3.910394e-01,2.765582e+00,2.816301e+00
1.619410e+01,1.981033e+01,6.501575e+00,-3.653807e-01,4.087769e-01,1.383280e+00,1.487973e+00
1.831438e+01,1.996925e+01,5.537672e+00,5.590407e-01,-5.460198e-01,9.961043e-01,1.266052e+00
1.998960e+01,1.937744e+01,7.620966e+00,-1.225551e+00,7.948609e-01,1.422210e+00,2.038740e+00
1.765442e+01,2.058645e+01,6.090204e+00,6.009702e-02,1.458510e-01,-1.015438e-01,1.876042e-01
2.369517e+01,2.015503e+01,4.679489e+00,-3.964273e-01,1.377196e+00,-1.284442e+00,1.924478e+00
2.389338e+01,2.214755e+01,6.467871e+00,8.461827e-01,-9.647237e-01,-6.107120e-01,1.421157e+00
2.088983e+01,2.072305e+01,6.533939e+00,1.076862e+00,-1.120525e+00,-3.423989e-02,1.554472e+00
2.305960e+01,2.109760e+01,5.060712e+00,1.257289e-01,-3.806022e-01,-1.164870e+00,1.231904e+00
2.343488e+01,2.092186e+01,6.914060e+00,-5.844415e-01,-5.728636e-01,-2.835097e-01,8.660960e-01
2.318495e+00,2.038691e+01,4.157554e+00,4.422373e-01,-1.208213e-01,-1.116156e+00,1.206639e+00
6.684073e-01,2.084808e+01,2.906687e+00,2.702029e-01,-7.438268e-01,1.130856e-02,7.914644e-01
6.205955e-01,1.959368e+01,4.052269e+00,2.530313e-02,-3.089093e-01,-2.282450e+00,2.303399e+00
1.008996e+00,2.225775e+01,5.113059e+00,-2.110301e-01,4.465818e-02,1.140967e+00,1.161178e+00
2.276643e+00,1.985394e+01,1.903301e+00,-1.210828e+00,3.185806e-01,2.145055e+00,2.483719e+00
2.128436e+01,1.990154e+01,4.443265e+00,-3.850685e-01,-1.217683e+00,-3.271565e-01,1.318355e+00
2.817707e+00,2.245720e+01,2.585453e+00,-2.272681e+00,9.789671e-01,-3.497068e-01,2.499150e+00
1.915684e+00,2.191948e+01,8.118971e+00,-1.101515e-01,1.904524e+00,4.816303e-01,1.967565e+00
2.941803e+00,2.225084e+01,3.611467e+00,-4.902408e-01,7.656725e-01,5.758490e-01,1.076194e+00
2.364364e+01,2.048394e+01,5.734526e+00,-2.932889e-01,-3.583169e-01,-1.724069e-01,4.940987e-01
4.689015e+00,4.623909e-02,3.983891e+00,-1.075841e+00,-6.205410e-01,1.459968e-01,1.250528e+00
3.106863e+00,9.881956e-01,4.898265e+00,1.518986e+00,-3.013071e-01,-3.072743e-01,1.578773e+00
2.561998e+00,2.330452e+01,3.804727e+00,-6.279631e-02,-1.022944e+00,6.810348e-01,1.230514e+00
3.119669e+00,2.391523e+01,5.101477e+00,3.672426e-02,-7.619370e-01,-1.184611e+00,1.408972e+00
7.779258e+00,2.367831e+01,4.840231e+00,3.862478e-01,1.331225e+00,2.447676e-01,1.407572e+00
5.160168e+00,2.240550e+01,3.422912e+00,-2.647435e-01,4.694298e-01,3.881217e-01,6.641475e-01
7.045154e+00,2.103114e+01,6.119311e+00,-1.660791e-01,-1.250845e+00,-2.631328e-02,1.262097e+00
6.828460e+00,1.786574e+00,5.811858e+00,-8.399172e-01,-5.194143e-01,-1.282709e+00,1.618825e+00
7.370897e+00,3.378005e+00,6.808182e+00,-1.285233e-01,1.946277e+00,-4.965109e-01,2.012718e+00
8.509748e+00,3.395005e-01,3.687880e+00,1.150663e+00,1.943530e+00,-2.334579e-01,2.270646e+00
9.310664e+00,2.156170e+01,6.816577e+00,-5.913577e-01,2.257094e-01,6.380740e-01,8.987698e-01
6.485947e+00,2.582159e+00,6.644272e+00,-6.746840e-01,3.747393e-01,3.737541e-02,7.726740e-01
9.200161e+00,2.092172e+01,4.938516e+00,4.078268e-02,-6.685677e-01,-1.384360e-01,6.839667e-01
8.955891e+00,7.277737e-01,4.592117e+00,-8.402765e-01,1.198542e+00,3.236934e-01,1.499115e+00
9.656756e+00,2.244466e+01,2.794365e+00,1.856037e+00,1.103659e+00,-9.128820e-01,2.344417e+00
7.752201e+00,1.582306e+00,5.913051e+00,4.312595e-01,-1.847557e+00,-1.050959e+00,2.168863e+00
8.927284e+00,2.046899e+01,6.455814e+00,4.304778e-01,1.416973e+00,-2.249364e-02,1.481091e+00
8.964587e+00,2.317699e+01,4.410587e+00,9.109071e-01,4.743717e-01,9.531664e-01,1.401180e+00
1.332806e+01,2.237689e+01,2.684835e+00,7.331839e-01,-1.188628e+00,6.488681e-01,1.539943e+00
9.489618e+00,1.438915e+00,6.431810e+00,-6.054923e-01,-4.526192e-01,2.351179e-01,7.916853e-01
1.145759e+01,2.333075e+01,4.947761e+00,4.484347e-01,-9.691494e-01,-1.064700e+00,1.507956e+00
1.038050e+01,2.145316e+01,8.512358e+00,-2.358970e-01,-2.135853e+00,-1.167259e+00,2.445406e+00
1.276160e+01,2.275903e+01,7.533390e+00,7.781298e-01,-3.380517e-01,-1.769734e+00,1.962581e+00
1.308442e+01,2.765331e+00,5.002353e+00,9.110599e-01,8.998147e-01,1.063768e-01,1.284917e+00
1.457071e+01,2.313405e+01,6.765592e+00,-7.206413e-01,2.509438e-01,-6.755654e-01,1.019159e+00
1.672507e+01,2.252646e+01,5.746327e+00,-7.802605e-01,-1.162723e+00,-7.221688e-01,1.575518e+00
1.370110e+01,2.258977e+01,6.928132e+00,1.570353e+00,3.891864e-01,1.240351e-02,1.617909e+00
1.389448e+01,1.441718e+00,5.219400e+00,3.151703e-01,1.387810e-01,-2.324364e-01,4.154746e-01
1.566412e+01,2.351427e+01,4.486288e+00,1.851206e-01,-4.757500e-01,1.452359e-01,5.307552e-01
1.671848e+01,2.223903e+01,7.060418e+00,-1.276891e+00,-1.446236e+00,9.261925e-01,2.140066e+00
1.536360e+01,2.337017e+01,5.825363e+00,-1.257772e+00,1.599428e-01,-1.354719e+00,1.855488e+00
1.627917e+01,1.185117e+00,5.492905e+00,2.075681e-01,5.439677e-01,-2.393583e+00,2.463377e+00
1.875875e+01,1.956922e+01,3.188031e+00,-3.356987e-01,9.091554e-01,1.505540e+00,1.790505e+00
2.326533e+01,2.107557e+01,3.971291e+00,-2.778496e-01,1.423357e-01,-1.413953e-01,3.427134e-01
1.541411e+01,4.661323e-01,5.085934e+00,3.199336e-03,-5.852017e-01,-4.238850e-01,7.225993e-01
1.778267e+01,2.226996e+01,5.827170e+00,2.676682e-01,-1.171340e+00,-1.425725e+00,1.864504e+00
1.936282e+01,1.973374e+01,5.676964e+00,-5.937041e-01,-1.090116e+00,-1.628070e-01,1.251936e+00
2.188139e+01,2.229046e+01,5.929483e+00,1.281339e-01,-1.392874e+00,1.056188e+00,1.752726e+00
2.081596e+01,2.105367e+01,7.856168e+00,5.552205e-01,-2.574585e-01,-1.919635e+00,2.014834e+00
1.941618e+01,2.189585e+01,5.672769e+00,-6.625190e-01,1.290615e+00,3.807227e-01,1.499856e+00
2.155905e+01,2.192702e+01,5.052245e+00,9.767251e-01,4.316745e-01,1.236713e+00,1.633950e+00
2.062253e+01,2.180963e+01,5.741594e+00,1.625149e-01,5.187314e-01,-1.166966e+00,1.287362e+00
2.130070e+01,2.068612e+01,3.164118e+00,-5.859415e-01,1.802199e-01,-7.112518e-01,9.389812e-01
2.376842e+01,1.634639e+00,6.743380e+00,1.793383e+00,1.848053e-02,4.277648e-01,1.843786e+00
2.160824e+01,2.250764e+01,3.805523e+00,3.323636e-01,5.305755e-01,-1.543264e+00,1.665425e+00
2.264851e+01,2.344083e+01,5.850509e+00,1.075511e+00,-9.871596e-01,7.991533e-01,1.664288e+00
1.198880e+00,2.291235e+01,6.001066e+00,5.735898e-01,1.859762e-01,-8.469735e-01,1.039691e+00
2.127233e+01,2.169296e+01,6.728697e+00,-6.943787e-01,5.760335e-01,-1.515860e+00,1.764032e+00
1.112721e+00,2.124090e+01,5.232168e+00,-1.166139e+00,9.177255e-01,-2.206752e-01,1.500266e+00
1.322852e+00,2.245242e+01,7.049871e+00,2.423304e-01,1.719745e+00,3.960827e-01,1.781328e+00
2.303984e+00,7.965116e-01,6.207246e+00,1.195004e+00,-8.452214e-01,-4.225659e-01,1.523482e+00
6.190960e-01,2.782862e+00,6.260697e+00,9.560781e-01,-1.157454e+00,2.079296e-01,1.515592e+00
3.921109e+00,1.711405e+00,4.832529e+00,-5.730774e-02,-1.329338e-01,-6.074363e-01,6.244473e-01
3.956600e+00,4.625209e+00,3.434886e+00,-3.183787e-01,-3.910924e-01,-4.163173e-01,6.539406e-01
5.638844e+00,2.405034e+00,3.761062e+00,-5.371399e-01,-9.533888e-01,5.891634e-01,1.242812e+00
4.212376e+00,2.681707e+00,6.177849e+00,1.021657e+00,-3.036581e-01,-1.029981e+00,1.482178e+00
5.495558e+00,1.197732e+00,6.884887e+00,-5.565047e-01,-6.337850e-01,-9.732845e-01,1.287891e+00
3.901627e+00,1.828101e+00,2.796738e+00,2.984629e-01,2.555658e-01,3.621321e-01,5.343535e-01
4.018010e+00,2.263303e-01,7.610405e+00,-7.050833e-01,-1.098587e+00,-9.563577e-01,1.618226e+00
3.619600e+00,4.986084e+00,5.562225e+00,-3.596093e-01,2.200924e-02,-3.961873e-01,5.355069e-01
6.819648e+00,3.121407e-01,7.131337e+00,3.244154e-01,-2.037363e+00,3.026662e-01,2.085114e+00
1.123445e+01,1.354127e+00,6.851396e+00,9.368248e-01,-1.048013e+00,1.864761e-01,1.418008e+00
1.112802e+01,8.589853e-01,8.948870e+00,1.146186e+00,1.247456e-01,3.726293e-01,1.211675e+00
8.024408e+00,6.470281e-01,7.603763e+00,-7.791803e-01,-2.798179e-02,4.866873e-03,7.796977e-01
7.399200e+00,2.169674e+00,3.571519e+00,-4.997015e-01,1.049052e+00,-2.053842e-02,1.162167e+00
1.186424e+01,2.675057e+00,4.465772e+00,-9.706649e-01,-2.281221e-01,-1.682954e-01,1.011214e+00
1.194466e+01,3.599938e-01,7.941336e+00,1.319419e+00,-1.589059e+00,-4.553487e-01,2.115022e+00
1.228137e+01,1.927326e+00,8.019098e+00,-1.109506e+00,-7.750364e-01,3.554821e-01,1.399304e+00
1.170940e+01,9.776821e-01,5.164075e+00,1.407256e+00,-3.827705e-01,1.657042e+00,2.207413e+00
1.054193e+01,1.654353e+00,9.255924e+00,1.262714e+00,6.792838e-01,-1.642203e-01,1.443205e+00
1.353186e+01,3.195631e+00,3.726628e+00,-7.774345e-01,-1.593883e-01,-2.610984e-01,8.354528e-01
1.475474e+01,2.477977e+00,6.870985e+00,-1.309149e+00,8.070262e-01,4.557632e-01,1.604021e+00
1.396424e+01,1.049638e+00,6.146328e+00,3.044573e-02,1.414155e+00,-7.954674e-01,1.622815e+00
1.389895e+01,2.270817e+01,5.799539e+00,-2.998712e-01,-1.330966e+00,-8.243423e-01,1.594031e+00
1.219910e+01,2.205571e+01,9.593150e+00,1.001003e+00,-1.943489e-01,-4.794473e-01,1.126787e+00
1.511888e+01,2.806280e+00,8.705907e+00,-5.517144e-01,-1.203841e-01,2.115662e-02,5.650918e-01
1.278258e+01,1.602048e+00,5.298195e+00,2.746157e-01,3.423756e-01,4.418401e-01,6.227821e-01
1.456583e+01,9.879619e-01,4.511054e+00,-2.293100e-01,1.155962e+00,2.691557e-01,1.208832e+00
1.277285e+01,2.294631e+01,6.443429e+00,2.155681e-01,2.834574e-01,-5.626482e-01,6.658759e-01
1.298122e+01,2.158311e+01,4.659961e+00,-1.629806e+00,1.462291e+00,-3.020035e-02,2.189857e+00
1.490888e+01,2.247306e+01,5.446030e+00,-3.532544e-01,-5.625540e-03,-7.541090e-01,8.327669e-01
1.704325e+01,2.327875e+01,9.625657e+00,-1.608535e+00,2.971401e-02,3.894774e-01,1.655282e+00
1.600242e+01,2.356954e+01,8.810358e+00,6.633577e-03,8.478266e-01,-2.378009e-01,8.805698e-01
1.439346e+01,1.266739e+00,8.466407e+00,-4.596680e-01,-6.889607e-01,-1.460324e+00,1.678841e+00
1.884462e+01,2.304478e+01,4.109943e+00,1.906731e+00,-1.069029e+00,4.390516e-01,2.229621e+00
1.829010e+01,2.117082e+01,5.231689e+00,1.008781e+00,7.824290e-02,1.284736e+00,1.635331e+00
1.917765e+01,2.164169e+01,9.494090e+00,2.263233e-01,2.040507e-01,5.757011e-01,6.513760e-01
1.951806e+01,8.397665e-02,4.163262e+00,-3.569115e-01,-4.637484e-01,-1.310004e+00,1.434768e+00
1.916720e+01,1.148293e-01,6.938166e+00,-5.306630e-01,3.271994e-01,9.356361e-02,6.304100e-01
1.825189e+01,1.491434e+00,6.357017e+00,-3.157738e-01,-7.614479e-03,5.789644e-01,6.595232e-01
1.937313e+01,1.551552e+00,7.783264e+00,1.913800e-01,-1.664349e+00,4.369263e-01,1.731355e+00
1.823085e+01,3.158700e+00,7.253965e+00,-5.159167e-01,-8.158313e-01,2.238655e-01,9.908918e-01
1.937128e+01,2.074044e+01,4.934882e+00,-7.258668e-01,1.232745e-02,1.316528e-01,7.378123e-01
2.390224e+01,2.261206e+01,5.444373e+00,-5.059690e-01,7.915244e-02,-5.480259e-02,5.150467e-01
2.192732e+01,2.225937e+01,7.408920e+00,3.987401e-01,-5.284133e-01,5.474816e-01,8.590404e-01
1.860921e+01,2.356428e+01,6.207475e+00,4.067820e-01,3.842021e-01,1.014193e+00,1.158305e+00
2.295098e+01,2.240737e+01,7.489411e+00,8.153797e-01,3.099961e-01,1.262270e+00,1.534362e+00
2.098958e+01,2.221946e+01,8.919335e+00,9.173015e-01,3.634248e-01,5.346928e-01,1.122237e+00
2.322125e+01,1.762252e-01,9.145376e+00,-1.877108e+00,-5.379854e-01,1.010923e+00,2.198847e+00
2.081029e+01,2.338732e+01,1.023613e+01,-8.123100e-01,-1.202126e-01,-1.130339e-01,8.289000e-01
2.152637e+01,6.467236e-01,5.256198e+00,1.436660e-01,1.108516e+00,5.223669e-01,1.233822e+00
6.532315e-01,4.519472e+00,6.199229e+00,-1.235202e+00,1.006747e+00,-6.785513e-01,1.731963e+00
1.093352e+00,7.302998e-01,5.610069e+00,-6.811532e-01,-9.597315e-01,1.874449e-01,1.191717e+00
2.325015e+01,1.730186e+00,7.707655e+00,-1.511980e-01,1.023749e-01,-8.903061e-01,9.088379e-01
2.714240e+00,3.354806e+00,5.816056e+00,7.114836e-02,-1.499517e+00,2.589349e-01,1.523371e+00
2.008677e+00,2.133433e+00,8.202072e+00,8.195861e-01,-9.599834e-01,-6.870468e-01,1.437123e+00
3.707568e+00,3.546465e+00,6.507849e+00,3.231323e-01,-2.073019e-01,-1.344216e+00,1.397964e+00
4.876649e+00,2.657063e+00,5.249490e+00,-4.305902e-01,-4.476007e-01,3.956106e-02,6.223499e-01
3.613187e+00,3.561908e+00,2.912733e+00,-1.863348e+00,-3.338154e-01,-2.366743e-01,1.907751e+00
1.518501e+00,3.354552e+00,5.413640e+00,7.634380e-02,-1.276663e-01,4.293544e-01,4.543921e-01
3.088441e+00,2.400656e+00,2.599882e+00,-4.748870e-01,2.704614e+00,1.336049e-02,2.746021e+00
8.869418e+00,9.588818e-01,2.774048e+00,1.607506e+00,1.479513e+00,-7.875799e-01,2.322352e+00
5.971157e+00,2.268448e+01,9.385726e+00,-3.601134e-01,2.362412e+00,7.379546e-01,2.501050e+00
7.407203e+00,2.312478e+00,4.861588e+00,3.173040e-01,5.896805e-01,3.029064e-01,7.349539e-01
6.240316e+00,1.712249e+00,7.397051e+00,-8.261418e-02,-4.416366e-01,-7.320721e-03,4.493569e-01
8.135369e+00,1.866356e+00,7.749672e+00,-1.169770e-01,2.920044e-01,-1.671448e-01,3.562128e-01
4.944282e+00,2.060405e+00,3.030847e+00,-8.430457e-01,-3.204820e-01,2.639010e-02,9.022922e-01
9.192434e+00,3.328129e+00,7.741861e+00,-1.896789e-01,3.346704e-01,-2.498279e-01,4.586898e-01
7.128431e+00,2.274654e+01,5.363149e+00,7.086837e-01,-5.333959e-01,-1.513618e+00,1.754361e+00
7.512580e+00,2.953500e+00,1.171168e+01,7.955661e-01,1.160691e+00,-9.725983e-01,1.710578e+00
7.779416e+00,3.817377e+00,5.366643e+00,9.030271e-01,9.002303e-01,1.112640e+00,1.692289e+00
7.989961e+00,6.275166e+00,3.553300e+00,2.830935e-01,1.730904e-01,-4.491296e-01,5.584081e-01
1.282437e+01,1.550351e+00,9.598479e+00,1.339794e+00,4.801250e-01,5.630660e-01,1.530560e+00
7.493596e+00,4.104051e+00,1.057639e+01,7.510910e-01,-4.637702e-02,-1.611214e+00,1.778285e+00
1.238653e+01,2.382730e+01,7.134722e+00,1.767219e+00,6.766368e-01,-1.631782e-01,1.899350e+00
1.205280e+01,3.017293e+00,6.669611e+00,-1.005241e+00,-3.032408e+00,7.077360e-01,3.272140e+00
1.238213e+01,1.743297e+00,4.195351e+00,-5.071033e-01,-5.096360e-02,8.472019e-01,9.886870e-01
1.152363e+01,2.082724e+01,9.766457e+00,-5.061062e-01,-2.052275e+00,8.990805e-01,2.297025e+00
1.319418e+01,8.303662e-01,7.612856e+00,4.834081e-01,4.309570e-01,3.899063e-02,6.487894e-01
1.041941e+01,2.525646e-01,4.286756e+00,-9.535828e-02,-1.118802e-03,8.172451e-02,1.255920e-01
1.113621e+01,2.192359e+01,6.956604e+00,-2.165811e+00,2.628747e+00,2.331336e-01,3.414000e+00
1.294139e+01,4.863805e+00,1.163153e+01,-1.028993e+00,4.045961e-01,4.143486e-01,1.180767e+00
1.699646e+01,1.606168e+00,8.990146e+00,3.066749e-01,8.076768e-01,-6.714640e-01,1.094192e+00
1.652874e+01,5.775371e-01,8.675977e+00,-5.454915e-01,-6.476443e-01,8.663245e-01,1.211413e+00
1.794024e+01,6.002424e-01,6.773072e+00,-1.028996e+00,5.059996e-01,3.501795e-01,1.198955e+00
1.671906e+01,3.876751e+00,9.228753e+00,-4.878647e-01,1.080438e+00,-5.691653e-01,1.315031e+00
1.753742e+01,2.601698e+00,6.604245e+00,-3.395218e-01,-6.675166e-01,-6.673099e-01,1.003073e+00
1.680774e+01,3.161216e+00,7.310444e+00,1.394886e-01,-6.453778e-01,1.171426e+00,1.344696e+00
1.869686e+01,2.257352e+01,6.005796e+00,1.156774e+00,7.950355e-01,-3.175220e-01,1.439107e+00
1.746966e+01,1.267061e+00,9.989606e+00,2.025796e-01,-9.438207e-01,1.396896e+00,1.697985e+00
1.740117e+01,2.323493e+01,6.224586e+00,6.000773e-01,3.417849e-01,5.586824e-02,6.928426e-01
1.761280e+01,2.115910e+01,7.925695e+00,-3.433104e-01,-1.189156e+00,1.571430e+00,2.000337e+00
1.664272e+01,4.097145e+00,8.036543e+00,1.945021e+00,1.184406e+00,6.713668e-01,2.374165e+00
1.780572e+01,3.766559e+00,9.874360e+00,-1.092689e+00,4.009804e-01,-1.213596e+00,1.681538e+00
1.997175e+01,2.971117e+00,6.129824e+00,1.257677e+00,6.548319e-01,-6.606416e-02,1.419479e+00
2.141482e+01,3.907332e+00,7.374002e+00,1.157409e+00,7.760187e-01,9.272932e-01,1.673820e+00
1.888891e+01,2.232769e+01,7.883785e+00,-5.573209e-01,-3.595066e-01,-7.647693e-01,1.012286e+00
1.932627e+01,1.176806e+00,8.928060e+00,-1.088874e-01,-2.684234e-01,-6.481129e-01,7.098999e-01
2.198813e+01,1.862316e+00,9.718467e+00,-7.588221e-01,-1.748548e+00,1.888108e+00,2.682943e+00
2.040048e+01,3.004664e+00,4.279456e+00,-5.957894e-01,1.646914e+00,-1.449613e+00,2.273471e+00
2.339473e+01,1.017591e+00,9.998101e+00,-2.016898e+00,8.322435e-01,-1.369147e+00,2.575863e+00
2.027808e+01,2.343065e+01,7.884022e+00,1.421570e+00,-1.308057e+00,-2.363624e-01,1.946212e+00
2.138217e+01,2.321485e+01,7.845457e+00,-1.177829e+00,1.496125e-01,7.862837e-01,1.424046e+00
2.306109e+01,5.886128e-01,5.804601e+00,1.295352e+00,-1.767591e-01,3.278644e-01,1.347841e+00
2.207297e+01,9.889946e-01,7.883519e+00,5.442710e-02,1.770421e+00,3.319115e-01,1.802087e+00
2.270493e+01,2.605823e+00,9.336175e+00,2.044758e-01,5.707906e-01,-8.400565e-02,6.121022e-01
2.231659e+01,1.241493e-02,5.013835e+00,2.879803e-01,8.000632e-02,-1.782061e+00,1.806952e+00
7.147768e-01,4.056327e+00,3.819807e+00,1.516265e+00,3.502404e-01,1.942038e-01,1.568261e+00
2.076855e+00,3.896163e+00,6.958868e+00,9.494377e-02,3.464067e-01,5.494673e-01,6.564497e-01
2.253931e+00,2.173148e+00,5.095460e+00,-6.065149e-01,-5.667664e-01,4.061011e-01,9.241226e-01
2.392492e+01,3.694116e+00,6.628939e+00,-7.129684e-01,-2.208608e-01,8.474041e-01,1.129246e+00
3.477281e+00,6.505799e+00,1.001243e+01,8.195021e-01,1.439168e-01,-5.013249e-01,9.714022e-01
3.295957e+00,3.915482e+00,1.062303e+01,3.725496e-01,-6.861708e-01,-9.153745e-01,1.203135e+00
5.268123e+00,3.100508e+00,6.176715e+00,-2.743997e-02,1.455763e-02,2.539705e-01,2.558630e-01
2.496504e+00,3.109945e+00,7.596910e+00,5.184473e-01,3.549454e-01,1.069158e+00,1.240110e+00
3.097510e+00,1.887948e+00,4.096299e+00,-1.473618e+00,-1.353552e+00,8.213786e-01,2.162941e+00
3.396907e+00,4.009728e+00,4.238289e+00,-6.188249e-01,4.146652e-01,2.752115e-01,7.941240e-01
4.593160e+00,3.635728e+00,5.456272e+00,2.639899e-01,4.126608e-01,-4.373154e-01,6.566767e-01
6.500200e+00,4.271557e+00,5.550598e+00,-5.901780e-01,9.267453e-02,2.201627e-01,6.366869e-01
4.474066e+00,2.059306e+00,4.115874e+00,3.332845e-02,4.562912e-01,8.161827e-01,9.356638e-01
1.027857e+01,2.021260e+00,6.640086e+00,1.500435e+00,-4.611287e-01,-1.870630e+00,2.441967e+00
8.317040e+00,4.004243e+00,7.303435e+00,-1.115545e+00,-4.346067e-01,-1.244168e+00,1.726638e+00
4.985913e+00,3.073890e+00,4.336358e+00,-9.810233e-01,7.440080e-01,-4.041476e-01,1.295874e+00
9.084264e+00,4.282951e+00,8.024084e+00,1.824271e-01,5.153809e-01,2.512866e+00,2.571652e+00
7.719746e+00,6.389992e+00,7.852223e+00,9.985605e-01,-3.026773e-02,3.130631e-01,1.046923e+00
5.083979e+00,2.353368e+00,9.048129e+00,8.899583e-01,1.494145e-01,-1.560321e-01,9.158037e-01
8.737319e+00,3.945995e+00,9.020278e+00,7.503879e-01,1.056688e-01,-7.431890e-01,1.061404e+00
8.161141e+00,6.727715e+00,5.297522e+00,-6.781828e-02,1.949633e+00,-1.010113e+00,2.196815e+00
8.719244e+00,2.339334e+01,6.339351e+00,5.178656e-01,-9.885196e-01,-1.126785e+00,1.585875e+00
8.922316e+00,5.759645e+00,9.752525e+00,-2.168867e+00,-5.252361e-01,-6.971479e-01,2.337920e+00
1.263058e+01,3.808216e+00,6.242255e+00,-1.727218e+00,3.584010e-01,4.816571e-02,1.764668e+00
1.045217e+01,4.827118e+00,8.120220e+00,-5.913326e-01,-8.674622e-01,-6.338435e-01,1.226345e+00
9.447996e+00,5.239718e+00,8.035662e+00,2.821007e-02,3.555248e-02,-3.505117e-01,3.534377e-01
1.378904e+01,9.477915e+00,8.944095e+00,4.277470e-01,-5.053958e-01,-1.088158e+00,1.273767e+00
1.193894e+01,3.017769e+00,7.914682e+00,-7.728822e-01,-7.148590e-01,3.283947e-01,1.102821e+00
1.400417e+01,4.216199e+00,3.740471e+00,7.361453e-01,8.224739e-02,-2.209681e-01,7.729822e-01
1.231944e+01,1.536219e+00,1.051167e+01,1.094764e+00,2.351644e-01,-1.375705e+00,1.773802e+00
9.138915e+00,1.249402e+00,8.371416e+00,-7.930930e-01,1.827002e-01,8.773281e-01,1.196696e+00
1.595370e+01,2.728093e+00,9.305108e+00,1.705416e+00,-1.591498e-01,-6.763584e-01,1.841530e+00
1.669285e+01,3.114680e+00,8.443647e+00,1.520138e+00,1.014456e+00,5.225923e-01,1.900801e+00
1.575923e+01,2.117992e+00,6.065269e+00,9.158230e-01,-3.927829e+00,7.789828e-01,4.107723e+00
1.769588e+01,5.104761e+00,7.896063e+00,-9.759101e-01,-8.008703e-01,8.878501e-01,1.543396e+00
1.846675e+01,5.263450e+00,9.707545e+00,1.384502e-01,-8.724315e-01,-1.887269e-01,9.032846e-01
1.795308e+01,4.247948e+00,5.692960e+00,6.638484e-01,-1.250940e+00,-6.909355e-01,1.575734e+00
1.793676e+01,5.697102e+00,6.891541e+00,9.017891e-01,7.820549e-01,1.959994e+00,2.294866e+00
1.746918e+01,6.263593e+00,7.650196e+00,-6.613122e-01,-9.929369e-01,1.329448e+00,1.786250e+00
1.749726e+01,8.682986e-01,7.910693e+00,-8.450181e-01,-1.181560e+00,-2.619311e+00,2.995151e+00
1.838798e+01,7.106040e+00,7.303947e+00,-8.718080e-01,-3.093220e-01,3.703417e-01,9.964348e-01
2.103289e+01,2.443219e+00,6.067921e+00,-7.962706e-01,9.668512e-01,8.586106e-01,1.518572e+00
1.623332e+01,5.552019e+00,1.036554e+01,2.464559e-01,-1.841069e+00,4.747354e-01,1.917198e+00
2.013929e+01,4.148104e+00,4.456964e+00,-2.915188e-01,1.134392e+00,8.929999e-01,1.472846e+00
2.152426e+01,2.909550e+00,6.844503e+00,8.394885e-01,-1.201878e+00,1.207309e+00,1.899170e+00
2.179972e+01,3.876233e+00,9.192385e+00,-1.990431e-01,-4.001185e-01,-2.562488e-01,5.151469e-01
2.082527e+01,3.642190e+00,3.563038e+00,1.265490e+00,-8.175470e-01,7.539029e-01,1.684701e+00
2.201373e+01,1.812317e+00,1.142180e+01,-1.336815e+00,-2.177939e-02,-2.108037e-02,1.337159e+00
4.127811e+00,6.242191e-01,8.677088e+00,-8.168946e-01,-3.840276e-01,-1.936315e-01,9.231940e-01
8.271686e-01,2.304799e+00,8.417715e+00,-2.351497e-01,-1.102613e-01,-3.190663e-01,4.114077e-01
2.320218e+01,1.625728e+00,1.280827e+01,1.402565e+00,-3.456473e-01,-4.560450e-01,1.514807e+00
2.120859e+01,3.147916e-01,7.753780e+00,-5.061338e-01,-1.190070e-02,-1.424447e+00,1.511742e+00
2.160132e+01,2.970637e+00,8.041874e+00,-1.084740e+00,6.496463e-01,-1.256348e+00,1.782445e+00
2.198460e+01,2.225679e+00,8.753305e+00,-2.130734e-01,9.354107e-01,-9.048289e-02,9.636289e-01
2.118338e+01,7.017189e+00,5.973461e+00,5.065465e-02,9.389283e-01,-7.634038e-01,1.211172e+00
2.142046e+01,4.230354e+00,6.389442e+00,5.972045e-01,7.795175e-02,7.462174e-01,9.589422e-01
2.295487e+01,2.444452e+00,6.844756e+00,6.277880e-01,3.919620e-01,-2.253777e-01,7.736582e-01
6.180739e-01,3.116855e+00,9.336922e+00,-1.180415e+00,7.076342e-01,3.017988e-01,1.408974e+00
1.447744e+00,2.948103e+00,9.984901e+00,9.928062e-01,2.926614e-01,-2.253223e-01,1.059285e+00
4.743267e-01,4.836865e+00,9.512179e+00,-6.208232e-01,7.824812e-01,5.754390e-01,1.152748e+00
9.560396e-01,5.002374e+00,4.418202e+00,7.558986e-01,3.440768e-01,5.846414e-01,1.015666e+00
2.707323e+00,5.199998e+00,7.126871e+00,1.485707e-01,6.627267e-01,-3.286765e-01,7.545251e-01
2.712460e+00,4.538703e+00,6.062705e+00,4.742196e-01,2.211948e-01,5.140084e-01,7.334958e-01
6.005078e+00,2.842484e+00,5.402124e+00,8.452566e-01,-3.460185e-02,-1.604806e+00,1.814127e+00
7.096695e+00,5.664083e+00,8.312293e+00,2.377228e-01,1.333174e+00,-6.721026e-01,1.511816e+00
1.789696e+00,4.319669e+00,4.115861e+00,7.278266e-01,-1.449047e+00,-1.152759e+00,1.989553e+00
3.287811e+00,6.183073e+00,6.954412e+00,-8.540926e-01,1.569086e+00,1.218923e-01,1.790632e+00
6.211062e+00,5.123500e+00,5.977134e+00,7.835078e-01,-6.459314e-01,-7.725368e-01,1.275902e+00
7.975276e+00,5.219582e+00,6.861248e+00,3.999656e-01,-1.220336e+00,-1.080010e+00,1.677979e+00
4.899745e+00,7.061614e+00,1.027508e+01,-1.060101e+00,5.466461e-01,1.197477e+00,1.690144e+00
5.639615e+00,6.400607e+00,8.449090e+00,-8.294895e-01,7.343661e-01,5.323170e-01,1.229109e+00
6.917011e+00,5.361372e+00,7.335875e+00,-3.145857e-02,4.257502e-01,8.293413e-01,9.327700e-01
9.654865e+00,6.316409e+00,1.128492e+01,-2.338491e+00,3.650735e-01,1.606637e+00,2.860612e+00
8.580238e+00,5.769764e+00,7.714389e+00,1.347752e+00,-9.121660e-01,9.791096e-01,1.899247e+00
5.973159e+00,5.365993e+00,7.996678e+00,8.241721e-01,1.978853e-01,4.205707e-01,9.462018e-01
6.524231e+00,6.286322e+00,7.715511e+00,-7.060584e-01,-8.424518e-02,-5.266354e-01,8.848506e-01
9.718397e+00,5.589398e+00,5.976493e+00,1.190266e+00,-3.431244e-01,-1.095808e+00,1.653863e+00
7.033573e+00,8.549700e+00,8.259397e+00,-1.051935e-01,3.566968e-01,7.370940e-01,8.255943e-01
7.717811e+00,8.077467e+00,9.019221e+00,3.304774e-01,-1.017886e-02,-1.204475e-01,3.518900e-01
1.043226e+01,3.793041e+00,6.521122e+00,1.019278e+00,9.093603e-01,1.084566e-01,1.370265e+00
9.480342e+00,4.969365e+00,9.101183e+00,-1.723130e+00,-1.190232e+00,-1.981349e+00,2.882980e+00
1.020723e+01,3.875367e+00,7.659567e+00,-4.757377e-01,1.319509e+00,-7.860097e-01,1.607869e+00
1.100771e+01,5.636291e+00,7.651514e+00,-1.120190e+00,7.582561e-02,-5.581942e-01,1.253856e+00
1.390239e+01,4.229392e+00,7.637878e+00,-2.289234e-01,2.769721e-01,8.715286e-01,9.426991e-01
1.128127e+01,2.032295e+00,5.108494e+00,4.656408e-01,8.643400e-01,1.929609e+00,2.165016e+00
1.639600e+01,4.410551e+00,1.010984e+01,3.240353e-01,-2.853257e+00,2.462734e-02,2.871704e+00
1.120873e+01,2.378045e+00,7.299976e+00,-6.925877e-02,2.288847e-01,6.852398e-02,2.487580e-01
1.400379e+01,4.378037e+00,9.055661e+00,7.264552e-01,9.387037e-01,-1.601714e+00,1.993587e+00
1.870893e+01,8.776583e+00,1.271458e+01,2.838898e-01,-7.758838e-01,-5.807732e-01,1.009894e+00
1.292526e+01,2.925034e+00,1.163523e+01,6.687227e-01,1.435266e+00,-5.794890e-01,1.686116e+00
9.769055e+00,3.876745e+00,1.005910e+01,2.969817e-02,-2.193090e-01,1.765059e-01,2.830773e-01
1.290503e+01,4.306569e+00,8.460645e+00,-1.411690e+00,2.735326e-02,6.916109e-01,1.572241e+00
1.809674e+01,5.808223e+00,5.372866e+00,-3.618749e-01,4.918376e-01,-1.394104e-01,6.263329e-01
1.886114e+01,7.067442e+00,9.048152e+00,4.859239e-01,1.234445e-01,8.243481e-01,9.648370e-01
1.866239e+01,5.400681e+00,7.614632e+00,-8.428163e-02,6.798850e-01,2.611985e+00,2.700336e+00
1.917357e+01,6.515307e+00,8.183274e+00,-8.380250e-01,-4.822687e-01,8.619822e-01,1.295331e+00
1.664231e+01,6.893169e+00,8.236146e+00,-1.475080e-01,-2.063033e-01,1.401381e-01,2.897556e-01
1.659856e+01,4.338698e+00,5.930044e+00,4.346109e-01,-1.361961e+00,-6.580232e-01,1.573791e+00
1.792459e+01,2.449813e+00,8.973511e+00,-1.155190e+00,-2.056766e-02,2.277270e-02,1.155597e+00
2.024721e+01,6.473235e+00,6.116329e+00,-6.145395e-01,-4.011335e-01,-2.701368e-01,7.820107e-01
2.161802e+01,5.852722e+00,4.999881e+00,-3.508151e-01,-2.166602e+00,-4.001384e-01,2.230997e+00
2.085699e+01,4.438221e+00,8.612804e+00,-7.724430e-01,-8.102543e-01,-1.945566e-01,1.136236e+00
1.988256e+01,4.423571e+00,5.929188e+00,-2.085417e-01,3.463274e-01,-5.593403e-01,6.901405e-01
2.029243e+01,1.674558e+00,6.738524e+00,8.460776e-02,-1.436619e+00,-1.181762e+00,1.862148e+00
2.015629e+01,5.503586e+00,6.809410e+00,-1.192771e+00,-7.696931e-01,4.412513e-01,1.486551e+00
1.866913e+01,5.233342e+00,5.960861e+00,-1.284481e+00,-1.008064e+00,-5.360942e-01,1.718570e+00
1.917918e+01,5.098190e+00,8.524145e+00,1.309869e+00,-5.526649e-01,1.471114e-01,1.429279e+00
1.752350e-01,2.097122e+00,5.434574e+00,-1.399936e+00,-2.938283e-02,3.095850e-01,1.434059e+00
6.813492e-01,5.990886e+00,8.973606e+00,-8.833530e-01,-1.059220e+00,-3.472683e-01,1.422271e+00
1.774168e+00,1.513423e+00,6.616161e+00,-1.713989e-01,-1.814983e+00,-6.081333e-01,1.921814e+00
2.140216e+01,5.032113e+00,7.282601e+00,-1.025363e+00,-1.423531e+00,-2.056303e+00,2.702997e+00
2.277965e+01,7.621799e+00,4.337022e+00,-7.611110e-01,2.212485e-01,7.789637e-01,1.111317e+00
1.702837e+00,5.293361e+00,6.570968e+00,-1.511550e+00,6.150897e-01,-1.029314e+00,1.929405e+00
9.613784e-01,4.146246e+00,4.995745e+00,-8.645083e-02,-9.847582e-02,-1.020530e+00,1.028908e+00
1.718052e+00,4.314769e+00,6.039948e+00,4.403406e-01,-7.202312e-01,-2.495330e-01,8.802838e-01
2.848022e+00,6.013060e+00,8.058413e+00,-6.936410e-01,-7.203902e-01,-9.783839e-01,1.399048e+00
5.042439e+00,9.500977e+00,4.033700e+00,6.306855e-01,8.824683e-01,-3.555875e-01,1.141471e+00
3.955322e+00,5.372510e+00,6.460345e+00,-2.075258e-01,-1.619365e+00,-2.632591e+00,3.097733e+00
2.387205e+01,6.889689e+00,9.850984e+00,-7.059908e-01,-6.026476e-01,7.693640e-01,1.205624e+00
2.721253e+00,5.728095e+00,6.075546e+00,-7.948304e-01,-1.440081e-01,4.266882e-01,9.135406e-01
2.389451e+00,8.120362e+00,6.881977e+00,-1.091473e-01,-1.457331e+00,1.407235e+00,2.028801e+00
4.243213e+00,4.772266e+00,7.899484e+00,-9.144852e-01,1.654087e+00,4.168901e-01,1.935480e+00
1.344391e+00,7.013236e+00,5.248838e+00,-1.465727e+00,-3.584804e-01,8.869188e-01,1.750282e+00
4.938828e+00,6.602590e+00,6.058202e+00,6.760686e-01,-1.405778e+00,-3.579705e-01,1.600445e+00
4.158583e+00,1.136868e+01,5.087043e+00,-1.208934e+00,-2.815965e-01,6.889310e-01,1.419663e+00
4.889013e+00,8.186308e+00,5.492804e+00,8.198801e-02,5.046516e-01,3.275674e-01,6.072032e-01
6.010612e+00,6.849921e+00,1.012101e+01,1.108173e-01,-5.985292e-03,1.527647e-01,1.888210e-01
7.067558e+00,7.060029e+00,8.244720e+00,-2.456659e-01,-3.576810e-01,-4.796287e-01,6.467852e-01
6.196008e+00,8.467168e+00,8.947601e+00,1.040260e+00,-7.265873e-01,5.690594e-01,1.390646e+00
5.019689e+00,6.795368e+00,1.138830e+01,-8.974032e-02,-1.014178e-01,-1.533887e+00,1.539853e+00
8.661367e+00,9.208136e+00,9.332174e+00,-1.943636e+00,6.915928e-01,1.150269e+00,2.362020e+00
6.040616e+00,1.015180e+01,6.636234e+00,-1.529133e+00,1.302025e+00,-1.377394e+00,2.435309e+00
9.461673e+00,6.482126e+00,6.705017e+00,3.406335e-01,-1.034197e+00,3.091179e-01,1.131879e+00
1.220265e+01,5.143710e+00,9.012159e+00,-2.730942e-01,1.536180e-01,1.780440e-01,3.603868e-01
1.170543e+01,8.306258e+00,8.050480e+00,-4.266222e-01,5.266002e-01,-4.922146e-01,8.376094e-01
1.130815e+01,1.011868e+01,7.252957e+00,8.506271e-01,6.776388e-01,1.871519e+00,2.164565e+00
9.459544e+00,7.563610e+00,8.226411e+00,-8.797441e-01,1.310460e-01,-5.179133e-01,1.029251e+00
1.024438e+01,5.713439e+00,8.518974e+00,1.321413e-01,1.330089e+00,-3.418886e-01,1.379669e+00
8.741514e+00,8.426931e+00,6.667372e+00,1.224037e+00,-2.458400e-01,6.769100e-01,1.420180e+00
1.471215e+01,4.914397e+00,8.252090e+00,-9.107060e-01,-5.677443e-01,-4.194501e-01,1.152240e+00
1.051353e+01,8.081438e+00,7.354149e+00,1.629794e+00,1.406877e+00,-1.390576e+00,2.563051e+00
9.651824e+00,2.175349e+00,8.820617e+00,-3.076584e-01,-7.959519e-01,5.292792e-01,1.004156e+00
1.225417e+01,6.764605e+00,6.488086e+00,-1.098916e+00,1.251803e+00,1.731179e+00,2.402417e+00
1.434657e+01,6.216066e+00,6.612735e+00,9.783131e-01,7.446466e-01,-6.413174e-01,1.386681e+00
1.532674e+01,6.125663e+00,6.280120e+00,2.202157e-01,1.813068e-01,-4.334014e-01,5.188486e-01
1.628769e+01,4.893072e+00,9.185199e+00,-2.149040e+00,1.332299e+00,5.116986e-01,2.579773e+00
1.089739e+01,5.702438e+00,5.606531e+00,-2.954587e-01,-1.662760e-01,1.716736e+00,1.749893e+00
1.684758e+01,5.575423e+00,8.542928e+00,-4.335233e-01,3.652113e-01,-5.059521e-01,7.598087e-01
1.479824e+01,7.840614e+00,9.166846e+00,-1.419650e+00,3.824146e-02,5.994967e-01,1.541514e+00
1.669512e+01,7.852643e+00,8.776015e+00,1.627337e+00,9.797547e-03,-2.394220e-01,1.644884e+00
1.182781e+01,4.743598e+00,7.613021e+00,-4.793500e-01,2.460074e-01,2.774657e-01,6.060390e-01
1.667134e+01,6.196861e+00,6.879222e+00,-1.176505e+00,-8.660861e-01,7.645994e-01,1.648903e+00
2.040136e+01,7.086442e+00,5.091760e+00,5.574870e-01,6.110947e-01,-1.009530e+00,1.305135e+00
2.012563e+01,8.059741e+00,8.447287e+00,-3.507853e-01,2.621858e-01,1.188046e+00,1.266193e+00
1.864493e+01,6.393834e+00,1.129526e+01,-1.580657e-01,7.156463e-02,-4.690680e-01,5.001310e-01
1.917520e+01,9.192623e+00,7.859424e+00,2.921274e-01,-5.115238e-01,-9.284645e-03,5.891360e-01
2.192585e+01,6.727542e+00,1.186823e+01,3.893563e-01,-2.416106e-01,7.273379e-01,8.596479e-01
1.912689e+01,9.992687e+00,1.053321e+01,8.094689e-01,-8.384885e-01,-1.866835e-01,1.180319e+00
2.001297e+01,7.110882e+00,8.006690e+00,-2.046256e-01,-8.828015e-01,7.864045e-02,9.096122e-01
2.113544e+01,9.421042e+00,6.835414e+00,8.876584e-01,1.228152e+00,-3.210132e-01,1.548982e+00
2.315204e+01,7.413916e+00,9.108481e+00,-9.431956e-01,5.613796e-01,2.071364e+00,2.344208e+00
2.356778e+01,2.896189e+00,6.080219e+00,-2.104415e-01,-1.690086e+00,7.736641e-02,1.704894e+00
2.102248e+01,6.341939e+00,8.053143e+00,-8.261898e-01,1.208808e+00,-1.109941e+00,1.837329e+00
2.021712e+01,4.489478e+00,7.195775e+00,-8.062287e-02,-1.961364e-01,-4.937507e-01,5.373633e-01
2.242671e+01,4.975199e+00,7.823346e+00,3.419197e-01,5.698336e-01,2.834468e-01,7.224691e-01
2.201981e+01,4.024528e+00,8.201934e+00,8.883761e-01,-7.250425e-01,-5.815959e-02,1.148164e+00
2.249272e+01,3.527431e+00,6.693049e+00,-1.427907e+00,-9.918816e-02,2.812405e-02,1.431624e+00
6.764866e-01,1.033277e+01,3.310207e+00,-9.830906e-01,2.332398e-01,-1.617378e+00,1.907034e+00
2.237875e+01,9.714202e+00,1.010749e+01,-6.872016e-01,5.055800e-01,-8.007356e-01,1.170058e+00
2.350091e+01,8.768746e+00,8.784411e+00,-8.481530e-01,5.526304e-01,-7.956202e-01,1.287546e+00
2.936017e+00,7.994251e+00,4.897842e+00,3.818630e-01,2.935942e-01,-1.607663e+00,1.678272e+00
2.941861e+00,7.997136e+00,7.869041e+00,-3.218885e-01,-2.723223e-01,3.523759e-01,5.494911e-01
2.236212e+01,7.589806e+00,6.024848e+00,-1.320453e+00,6.052905e-01,1.406510e+00,2.021940e+00
2.359273e+01,1.023240e+01,9.569955e+00,-1.768672e+00,1.014895e+00,-2.621065e-01,2.055946e+00
1.058374e+00,7.773529e+00,9.006628e+00,2.567321e-01,-1.290495e-01,1.406670e+00,1.435718e+00
3.044201e+00,8.909846e+00,6.134801e+00,1.104568e+00,-9.739711e-01,6.316649e-01,1.602402e+00
3.419823e+00,8.681216e+00,8.946219e+00,-2.416744e-01,2.142685e-01,-1.250084e-01,3.463302e-01
5.105733e+00,5.887092e+00,7.701100e+00,-9.065721e-01,-3.923713e-01,-1.155254e+00,1.520013e+00
1.077829e+00,9.057248e+00,1.093488e+01,-6.734337e-01,6.710821e-01,-7.558343e-01,1.214557e+00
3.213318e+00,7.531703e+00,8.763613e+00,-8.501621e-01,-9.955313e-01,-3.136487e-01,1.346192e+00
5.838164e+00,1.095599e+01,7.209435e+00,1.827733e-01,-7.206886e-01,9.354648e-01,1.194945e+00
9.243272e+00,6.121012e+00,8.741535e+00,-7.975892e-02,-7.542877e-01,-1.165719e+00,1.390759e+00
5.715343e+00,1.017268e+01,1.045779e+01,1.083661e-01,-1.637431e+00,7.850301e-01,1.819119e+00
5.613684e+00,6.614946e+00,6.915139e+00,5.086507e-01,-9.525760e-01,6.953609e-01,1.284388e+00
4.815790e+00,1.078870e+01,1.077582e+01,5.907029e-01,-3.051889e-01,3.662260e-01,7.590729e-01
9.467457e+00,1.184003e+01,8.029984e+00,9.992316e-01,1.124238e-01,-1.388128e-01,1.015072e+00
5.860754e+00,8.755443e+00,7.985705e+00,-1.611883e+00,5.474560e-01,7.624233e-01,1.865252e+00
1.063357e+01,9.350824e+00,7.041964e+00,4.449481e-01,1.845217e+00,-1.473492e+00,2.402912e+00
6.945058e+00,1.164442e+01,8.823028e+00,8.456850e-01,3.049305e-01,5.209210e-01,1.039002e+00
9.671732e+00,1.087641e+01,1.008572e+01,1.492017e+00,2.725000e-01,-1.079571e+00,1.861678e+00
1.139966e+01,1.073038e+01,9.962694e+00,-4.167924e-01,1.921391e-01,-3.041819e-01,5.505996e-01
1.073481e+01,1.142913e+01,9.784382e+00,-1.646747e+00,-9.945852e-01,-1.124758e+00,2.228465e+00
1.182381e+01,9.446890e+00,9.087861e+00,-6.838404e-02,-3.185780e-01,-1.242874e-01,3.487344e-01
1.223449e+01,7.056829e+00,8.488914e+00,-1.023670e+00,-1.276109e-01,-1.141184e+00,1.538339e+00
9.638644e+00,1.065030e+01,8.060198e+00,2.178414e+00,4.930385e-01,-9.713672e-01,2.435596e+00
1.430475e+01,6.527014e+00,1.046151e+01,-4.018047e-02,5.075869e-01,3.173498e-01,5.999748e-01
1.758700e+01,6.864791e+00,6.614286e+00,8.724999e-01,-6.375058e-01,-4.478714e-01,1.169726e+00
1.270567e+01,6.938695e+00,7.563375e+00,3.379153e-01,-9.338222e-01,9.553344e-01,1.377997e+00
1.435086e+01,8.501371e+00,6.745749e+00,-3.023457e-01,1.239215e+00,9.471134e-02,1.279076e+00
1.344877e+01,7.809198e+00,6.895874e+00,7.133139e-01,-6.495656e-01,-8.661013e-01,1.296489e+00
1.612926e+01,7.077962e+00,7.012613e+00,-1.349880e+00,-6.750275e-02,2.095979e-01,1.367722e+00
1.935482e+01,6.026311e+00,9.420333e+00,2.307779e+00,1.884526e+00,-2.786793e-01,2.992481e+00
1.541245e+01,6.748007e+00,8.937649e+00,-5.747538e-01,-2.496827e-01,-2.809985e-01,6.867631e-01
1.563771e+01,9.154157e+00,6.097282e+00,1.788756e-01,4.599899e-01,-8.909261e-02,5.015224e-01
1.243391e+01,5.633239e+00,7.106366e+00,-8.888250e-01,-1.412259e+00,1.082510e+00,1.989048e+00
1.657157e+01,8.952509e+00,8.391197e+00,-9.479222e-01,-5.554214e-01,3.389979e-01,1.149769e+00
1.497300e+01,1.170238e+01,9.692881e+00,9.835916e-01,-1.327231e-01,1.664687e+00,1.938105e+00
1.787103e+01,8.832256e+00,7.009411e+00,1.575580e+00,1.618521e+00,1.248695e+00,2.580950e+00
1.946498e+01,1.156151e+01,1.138504e+01,-1.603881e-01,5.616453e-01,-4.952847e-01,7.658177e-01
1.722309e+01,7.411684e+00,7.484303e+00,1.292398e+00,5.756799e-01,2.230444e-01,1.432288e+00
1.543569e+01,7.894180e+00,1.101773e+01,-7.890698e-02,8.015501e-01,5.621662e-02,8.073841e-01
1.725687e+01,8.479212e+00,7.836749e+00,-1.215583e+00,-2.388413e-01,-6.353865e-01,1.392266e+00
1.944145e+01,7.032709e+00,5.765957e+00,9.079970e-02,-1.114659e+00,-1.866532e+00,2.175925e+00
1.878080e+01,9.330338e+00,6.862617e+00,9.202902e-02,3.643111e-01,-7.478448e-02,3.831249e-01
1.822299e+01,8.253851e+00,9.276553e+00,3.021778e-01,3.971515e-01,-1.203925e+00,1.303256e+00
1.989463e+01,8.077391e+00,7.283120e+00,3.458768e-01,6.751352e-01,-7.837265e-01,1.090718e+00
2.081041e+01,8.420913e+00,7.729292e+00,-3.797316e-02,-1.650870e-01,-1.560744e+00,1.569910e+00
2.245836e+01,5.574246e+00,8.737374e+00,-4.882677e-01,-5.480392e-01,1.930708e+00,2.065524e+00
1.908432e+01,1.013926e+01,9.536082e+00,1.851678e-01,-1.067478e+00,3.712652e-01,1.145266e+00
2.303001e+01,8.322751e+00,9.581781e+00,-6.639584e-01,-1.510372e-01,8.378771e-01,1.079672e+00
1.886227e+01,9.009410e+00,9.852364e+00,9.016370e-02,1.967526e+00,7.015531e-01,2.090805e+00
1.542516e+00,6.283961e+00,5.999386e+00,5.328888e-01,6.483755e-02,4.257032e-01,6.851260e-01
1.992644e+00,8.821787e+00,7.807661e+00,9.949469e-02,-8.088453e-01,-4.452576e-01,9.286465e-01
2.376767e+01,1.013426e+01,4.715403e+00,7.918223e-01,-1.181201e+00,-1.040728e+00,1.762195e+00
2.177665e+00,9.351769e+00,6.826208e+00,-2.153448e-01,-1.893483e+00,-5.065088e-01,1.971852e+00
2.164993e+01,9.708766e+00,8.709300e+00,-6.921074e-01,1.943164e-01,-4.384284e-02,7.202039e-01
2.488913e-01,9.222366e+00,6.613769e+00,4.250006e-01,4.907585e-01,-4.428590e-01,7.858712e-01
1.499346e+00,1.200492e+01,5.939143e+00,-1.084014e+00,-6.705712e-03,5.466925e-01,1.214086e+00
2.334910e+01,9.219683e+00,1.004725e+01,-6.841323e-01,-9.185430e-01,7.943007e-02,1.148071e+00
1.755076e+00,9.080289e+00,1.169851e+01,1.346297e+00,4.838774e-01,-3.236816e-01,1.466773e+00
3.656631e+00,9.466197e+00,5.622818e+00,4.716009e-01,-3.524617e-01,-6.533018e-01,8.794543e-01
2.364376e+00,1.211789e+01,6.561218e+00,-2.398336e-01,3.755458e-01,2.744201e-01,5.233175e-01
5.986213e+00,9.609848e+00,3.104032e+00,1.188150e+00,3.239417e-01,5.986856e-01,1.369330e+00
1.518675e+00,9.756964e+00,1.299162e+01,7.304211e-02,-8.121646e-01,-1.122866e+00,1.387723e+00
3.044068e+00,9.319545e+00,7.463350e+00,-8.826597e-01,1.201499e+00,1.190107e+00,1.907628e+00
7.938328e-01,1.126484e+01,8.187755e+00,-1.161775e+00,-4.458655e-01,2.166919e-01,1.263120e+00
2.812734e+00,9.968073e+00,1.034666e+01,1.220358e+00,1.408832e+00,7.688561e-01,2.016240e+00
4.899607e+00,1.234856e+01,8.648895e+00,-2.487974e-01,4.514867e-01,3.414878e-01,6.183481e-01
3.587480e+00,9.992216e+00,9.500815e+00,-1.618139e+00,1.040291e+00,1.290527e+00,2.316471e+00
6.018630e+00,1.052577e+01,8.159396e+00,1.619240e+00,7.959624e-01,-6.442701e-01,1.915876e+00
6.666204e+00,1.133009e+01,7.838157e+00,6.917194e-01,1.342107e+00,5.916527e-01,1.621660e+00
1.044536e+01,6.886242e+00,9.818902e+00,5.651211e-02,4.491811e-01,1.183782e+00,1.267398e+00
4.952010e+00,1.141528e+01,8.052649e+00,-8.979673e-01,-4.712021e-01,6.880095e-01,1.225452e+00
8.517026e+00,9.402622e+00,7.617588e+00,-4.339088e-01,-1.789550e+00,-2.855572e+00,3.397802e+00
1.332819e+01,1.182370e+01,9.023148e+00,-1.343407e-01,2.399717e+00,1.005174e+00,2.605200e+00
9.387017e+00,9.511747e+00,8.411929e+00,-5.395757e-01,3.073225e-01,2.358718e-01,6.642474e-01
7.080245e+00,1.187336e+01,7.024553e+00,-8.544398e-01,-9.314050e-01,-2.581727e+00,2.874526e+00
1.243159e+01,1.027276e+01,5.192079e+00,7.483030e-02,2.205383e-01,3.257427e-01,4.004310e-01
1.377064e+01,8.789932e+00,7.979194e+00,-3.109780e-01,5.907310e-01,2.732761e-01,7.213530e-01
1.160986e+01,9.671408e+00,1.010576e+01,5.871541e-01,-7.035569e-01,-1.977119e+00,2.179160e+00
1.163909e+01,1.196279e+01,9.856017e+00,-1.714249e+00,-2.569834e+00,-7.593448e-01,3.181085e+00
8.665073e+00,1.046740e+01,7.096630e+00,7.596524e-01,5.291410e-01,8.748707e-01,1.273758e+00
1.518938e+01,7.615305e+00,7.360604e+00,1.529084e-01,1.041821e+00,-4.186119e-01,1.133141e+00
1.333795e+01,6.474397e+00,6.690454e+00,8.415619e-01,6.152947e-01,7.675786e-01,1.294601e+00
1.296526e+01,9.733513e+00,6.133302e+00,-3.048351e-01,-8.243644e-01,3.317770e-01,9.394557e-01
1.786106e+01,1.065661e+01,6.787892e+00,1.547189e+00,-8.683769e-01,-4.117053e-01,1.821366e+00
1.501688e+01,1.316906e+01,7.696518e+00,-1.322059e+00,5.329663e-01,-1.361252e+00,1.971014e+00
1.560700e+01,9.194446e+00,8.008287e+00,1.246672e+00,9.915533e-01,-1.732778e+00,2.353697e+00
1.674725e+01,8.880154e+00,6.921230e+00,5.855811e-01,1.911116e-01,3.128947e-01,6.908921e-01
1.689971e+01,7.275769e+00,9.734095e+00,-1.128437e-01,4.441132e-01,-1.472918e+00,1.542549e+00
1.759332e+01,1.113958e+01,1.039741e+01,1.050020e-01,1.683870e+00,1.064682e+00,1.994991e+00
1.746328e+01,9.745515e+00,8.526413e+00,-3.202318e-01,-9.780884e-01,-1.075520e+00,1.488606e+00
1.826381e+01,8.862222e+00,7.961747e+00,-1.643365e+00,2.961730e-01,4.224998e-02,1.670375e+00
1.713193e+01,1.288392e+01,7.639724e+00,6.495944e-01,-5.870933e-01,-4.356301e-02,8.766693e-01
1.969848e+01,1.121157e+01,6.041986e+00,-3.651457e-02,-9.287462e-02,6.970836e-01,7.041907e-01
2.033917e+01,9.631244e+00,1.276620e+01,3.521631e-01,3.832953e-03,-5.294972e-01,6.359252e-01
1.778242e+01,1.190558e+01,8.127792e+00,-2.239681e+00,5.876255e-01,-3.326683e-01,2.339261e+00
1.725275e+01,1.083734e+01,8.981034e+00,3.422867e-01,1.675127e+00,1.146342e+00,2.058473e+00
1.938253e+01,1.048906e+01,4.593983e+00,3.573221e-01,1.289701e-01,-1.047208e+00,1.113982e+00
2.008630e+01,1.035115e+01,8.266337e+00,-1.170587e+00,1.528226e+00,-8.758851e-01,2.114928e+00
1.802126e+01,1.047070e+01,4.429844e+00,-9.007024e-01,-1.775209e+00,4.135547e-01,2.033140e+00
1.965559e+01,1.292974e+01,7.937828e+00,4.136848e-01,-1.283063e+00,-2.018008e+00,2.426879e+00
9.685849e-02,1.138116e+01,7.108628e+00,-1.190438e+00,4.736662e-01,1.463233e-01,1.289540e+00
1.968270e+01,9.162674e+00,4.994123e+00,5.079493e-01,4.905523e-01,-1.378730e-01,7.194880e-01
2.229734e+01,1.201595e+01,7.024763e+00,2.601429e-02,-4.040796e-01,2.204254e-01,4.610254e-01
9.778948e-01,7.825064e+00,7.556801e+00,9.086681e-02,-2.105035e-01,-6.203009e-01,6.613181e-01
2.310856e+01,7.885949e+00,5.329317e+00,-1.370229e+00,1.156045e+00,-1.045930e+00,2.075557e+00
2.357647e+01,1.093834e+01,1.161402e+01,2.604670e-01,-2.018579e-01,-2.308945e-01,4.023704e-01
1.879004e+01,1.055709e+01,6.398515e+00,2.116400e-01,2.026227e+00,-7.849941e-02,2.038762e+00
2.308269e+01,1.211790e+01,1.008148e+01,2.536154e+00,2.174278e+00,2.004625e-01,3.346603e+00
2.338210e+01,1.249180e+01,5.976410e+00,-8.641367e-01,6.304124e-01,-6.201125e-01,1.236403e+00
2.324230e+01,8.754737e+00,3.529304e+00,5.739854e-01,2.325460e-01,1.951259e-02,6.196109e-01
3.329138e+00,1.191895e+01,7.879579e+00,-7.163266e-02,-2.903505e-01,3.567517e-01,4.655174e-01
1.077731e+00,1.161903e+01,4.138410e+00,1.014089e+00,3.783938e-01,1.863593e+00,2.155118e+00
5.810007e+00,1.322249e+01,3.152096e+00,1.670100e+00,3.727882e-01,-1.730434e-02,1.711287e+00
4.111663e+00,1.007167e+01,4.038199e+00,-5.768866e-01,-1.115662e+00,5.591247e-02,1.257229e+00
5.652855e-01,1.091765e+01,1.070250e+01,1.487258e-02,-1.295046e+00,5.079429e-01,1.391176e+00
5.980233e+00,1.102765e+01,6.024889e+00,-5.679804e-01,-4.401178e-01,1.460335e-01,7.332334e-01
3.497307e+00,1.209129e+01,4.011322e+00,6.413179e-01,-8.342311e-01,-1.324834e+00,1.691867e+00
3.061799e+00,1.129347e+01,8.594928e+00,3.807424e-01,-5.020360e-01,-1.305090e+00,1.449229e+00
4.026605e+00,1.138645e+01,6.286676e+00,-5.629577e-01,9.864337e-01,-1.170445e-02,1.135830e+00
4.168100e+00,1.316437e+01,8.433716e+00,1.212839e+00,-1.366215e+00,-8.297605e-01,2.006496e+00
4.910009e+00,1.358870e+01,7.107304e+00,4.382993e-02,-7.079377e-01,-5.675115e-01,9.083866e-01
3.700023e+00,1.097834e+01,7.367957e+00,7.111558e-01,-7.110549e-01,-1.398869e+00,1.722840e+00
1.388538e+00,1.265467e+01,6.851394e+00,-1.139920e+00,-1.869267e+00,-1.681156e-01,2.195869e+00
5.177926e+00,1.269760e+01,6.711913e+00,9.517743e-01,6.315258e-01,1.558172e-02,1.142341e+00
7.265308e+00,1.465876e+01,7.339276e+00,-6.534553e-01,-2.788753e-01,1.843919e-01,7.340134e-01
9.304934e+00,7.149687e+00,9.108594e+00,-1.465724e+00,8.532955e-01,-5.285628e-01,1.776468e+00
6.623388e+00,1.360786e+01,8.161563e+00,1.812415e-01,3.172132e-01,5.516900e-01,6.616907e-01
9.756043e+00,8.371213e+00,8.825918e+00,-5.097450e-02,-1.098337e+00,1.860160e-02,1.099677e+00
8.332709e+00,1.064926e+01,8.130655e+00,-1.159806e-01,-1.479143e-01,-7.907795e-02,2.039202e-01
1.001476e+01,1.409267e+01,7.929084e+00,-6.452928e-01,-7.086522e-01,1.045289e+00,1.418174e+00
1.154392e+01,8.465565e+00,1.012746e+01,-4.213246e-01,3.371776e-01,-1.949310e-02,5.399844e-01
1.054925e+01,1.246895e+01,9.448461e+00,-3.040375e-01,-7.089669e-01,2.914606e-01,8.246346e-01
1.191826e+01,1.407677e+01,7.791942e+00,1.882974e-01,2.902897e-01,4.505989e-01,5.681227e-01
1.242128e+01,1.334735e+01,6.436785e+00,3.408705e-01,4.610535e-01,-8.871397e-01,1.056305e+00
1.014074e+01,9.404534e+00,9.065572e+00,9.664382e-01,1.074168e-01,-2.846908e-01,1.013208e+00
1.214438e+01,1.081172e+01,7.120143e+00,6.416797e-01,1.859960e+00,3.398800e-01,1.996678e+00
1.261146e+01,1.128647e+01,9.923752e+00,-9.009445e-01,5.900748e-01,-6.176187e-01,1.241508e+00
1.464191e+01,9.702351e+00,8.450363e+00,-2.410684e+00,-8.853454e-01,-1.364782e+00,2.908240e+00
1.249466e+01,1.279923e+01,8.471954e+00,-7.093415e-01,-1.088382e+00,-8.266295e-02,1.301758e+00
1.355376e+01,1.273863e+01,8.421600e+00,-8.438236e-01,-5.058789e-01,1.908732e-01,1.002190e+00
1.222127e+01,1.449779e+01,6.547834e+00,-4.595090e-01,1.451911e+00,1.518013e+00,2.150246e+00
1.479068e+01,9.435831e+00,9.885128e+00,7.269127e-01,5.033050e-01,-9.059765e-01,1.265903e+00
1.312220e+01,1.219961e+01,7.663226e+00,5.709426e-01,-1.651839e+00,6.432058e-01,1.862327e+00
1.861218e+01,1.317271e+01,7.793455e+00,8.304532e-01,2.678233e-01,-3.695302e-01,9.475940e-01
1.984284e+01,1.409450e+01,8.210885e+00,9.363825e-02,3.262279e-01,-6.263263e-01,7.123744e-01
1.562101e+01,1.226795e+01,1.128137e+01,-9.190684e-01,-9.116749e-01,9.523079e-01,1.607087e+00
1.274041e+01,1.099194e+01,7.925181e+00,-9.202284e-01,-1.784713e+00,-6.246099e-01,2.102893e+00
1.818726e+01,1.306519e+01,9.730491e+00,-6.038492e-01,-1.162252e-01,-9.990440e-02,6.229952e-01
1.610748e+01,1.684969e+01,6.983719e+00,5.418003e-01,3.582715e-01,-6.066205e-01,8.887600e-01
1.874381e+01,1.216918e+01,7.874950e+00,1.711727e+00,-3.474106e-01,7.929007e-01,1.918175e+00
1.660268e+01,9.522099e+00,9.283507e+00,1.757696e+00,-4.930585e-01,6.686086e-01,1.944129e+00
2.171607e+01,1.306199e+01,7.907796e+00,-1.376118e-01,-8.806762e-01,1.043043e+00,1.372030e+00
2.084239e+01,1.459606e+01,5.365502e+00,-6.967854e-01,-1.554881e+00,4.305414e-01,1.757422e+00
2.044642e+01,1.129596e+01,8.665664e+00,4.821771e-01,6.569507e-01,5.523026e-01,9.844375e-01
1.694483e+01,1.514981e+01,9.523196e+00,-9.659354e-01,-9.440443e-01,-1.470604e+00,1.996729e+00
2.126819e+01,1.063920e+01,8.497244e+00,-2.310558e-01,1.211337e+00,3.259614e-01,1.275529e+00
2.215016e+01,1.090863e+01,7.689344e+00,8.897251e-01,-2.472043e-01,5.204421e-01,1.059991e+00
2.304378e+01,9.995821e+00,8.260672e+00,-7.098139e-01,-1.590509e-01,-1.592088e+00,1.750394e+00
2.122581e+01,1.072445e+01,6.690696e+00,-4.444487e-01,1.220140e+00,1.575544e+00,2.041718e+00
2.364905e+01,9.317880e+00,5.440438e+00,-2.260929e+00,1.369421e+00,-5.927063e-01,2.708951e+00
2.144511e+01,1.161732e+01,5.973128e+00,5.089088e-01,-5.153712e-01,2.201487e-01,7.570080e-01
1.919213e+01,1.334236e+01,8.756074e+00,-1.631414e-02,3.176278e-01,8.693370e-01,9.256891e-01
2.115980e+01,1.276802e+01,1.073283e+01,1.019534e-01,8.172185e-01,-1.119291e+00,1.389623e+00
9.026154e-01,1.367464e+01,6.606369e+00,1.554312e+00,-1.439490e-01,1.686188e+00,2.297790e+00
4.144468e+00,1.308883e+01,4.383743e+00,-1.094412e+00,-1.556514e+00,-1.504303e+00,2.425572e+00
3.331184e+00,1.290940e+01,6.187788e+00,-8.369590e-01,7.669333e-01,3.213103e-01,1.179800e+00
2.915602e+00,1.344800e+01,7.914429e+00,1.386319e+00,-4.631895e-01,-1.341234e+00,1.983767e+00
2.310862e+01,8.290283e+00,7.725418e+00,-1.168170e+00,4.934537e-01,-1.980693e+00,2.351864e+00
2.774717e-01,1.674014e+01,3.928330e+00,-1.609737e-01,-6.492943e-01,-6.957819e-01,9.651984e-01
3.412529e+00,1.206862e+01,6.863259e+00,9.232180e-01,-1.564006e-01,-1.981005e-01,9.570979e-01
3.380771e+00,1.658954e+01,6.925069e+00,-9.014276e-02,-1.213165e-01,1.135491e+00,1.145506e+00
5.044062e+00,1.199080e+01,4.612339e+00,6.161073e-01,1.082860e-01,1.244194e-02,6.256747e-01
6.995886e+00,1.566918e+01,6.868448e+00,2.365631e-01,-7.402343e-01,2.561669e-01,8.182483e-01
1.324770e+00,9.098884e+00,9.973123e+00,1.184817e-01,1.383768e-01,-1.834023e-01,2.585004e-01
1.802697e-01,1.518543e+01,5.819165e+00,-1.689332e+00,-4.451774e-02,-2.097566e-01,1.702887e+00
3.348370e+00,9.683580e+00,8.534849e+00,-2.052068e+00,-1.461969e+00,1.568773e+00,2.968061e+00
4.955475e+00,1.166725e+01,6.949926e+00,4.767366e-01,-9.973131e-01,-7.950799e-01,1.361640e+00
4.364399e+00,1.461814e+01,5.609466e+00,-4.458649e-01,1.004344e-01,1.025520e+00,1.122753e+00
3.375050e+00,1.259062e+01,9.101834e+00,-8.490728e-01,7.359849e-01,-1.038340e+00,1.529951e+00
1.009043e+01,1.375709e+01,5.965525e+00,-4.824336e-01,-4.529300e-01,-1.458463e-01,6.776126e-01
6.757913e+00,1.273521e+01,6.635279e+00,2.260409e-01,2.293915e-01,-2.841847e-01,4.295066e-01
9.368913e+00,1.567976e+01,7.132323e+00,-3.598921e-01,6.305225e-01,-4.343561e-01,8.460179e-01
5.925844e+00,1.550425e+01,8.791230e+00,-2.209334e-02,4.680900e-01,-1.323716e+00,1.404215e+00
5.782428e+00,1.180727e+01,8.645644e+00,1.092526e+00,-8.930371e-01,-7.991395e-01,1.621651e+00
1.107289e+01,1.511074e+01,9.279474e+00,-1.635643e+00,7.487548e-01,2.287236e+00,2.909882e+00
9.811400e+00,1.509021e+01,8.339830e+00,-1.076334e+00,2.674806e+00,2.677881e-01,2.895651e+00
8.919072e+00,1.331404e+01,5.931274e+00,3.958078e-01,-3.584365e-01,-8.623522e-01,1.014294e+00
1.244530e+01,1.554731e+01,6.166414e+00,5.925808e-01,4.403317e-01,1.270658e+00,1.469564e+00
9.936713e+00,1.128810e+01,9.015631e+00,4.518442e-01,-3.126762e-01,9.176971e-01,1.069625e+00
9.406138e+00,1.202888e+01,6.301407e+00,-1.161342e+00,-1.212799e-01,-4.399767e-01,1.247800e+00
1.323929e+01,1.361947e+01,8.918005e+00,8.180078e-01,1.324720e+00,9.626624e-01,1.830503e+00
1.391886e+01,1.349249e+01,7.113944e+00,-1.248282e+00,-1.018637e+00,1.396765e+00,2.132318e+00
1.796421e+01,1.366426e+01,5.905316e+00,5.187062e-01,1.561949e+00,-8.433274e-01,1.849309e+00
1.612642e+01,1.266472e+01,1.034453e+01,-6.545481e-02,-1.654186e+00,2.272478e-01,1.671005e+00
1.349549e+01,1.737294e+01,6.962863e+00,3.217424e-01,7.077410e-01,-2.164250e+00,2.299650e+00
1.485565e+01,1.054703e+01,1.025422e+01,-7.643244e-01,2.399149e-02,8.423211e-01,1.137661e+00
1.812858e+01,1.538787e+01,6.658336e+00,1.651422e-01,1.028656e+00,-2.767384e+00,2.956995e+00
1.341944e+01,1.513967e+01,6.468478e+00,1.304294e+00,3.095973e-01,-3.392366e-01,1.382793e+00
1.690972e+01,1.284420e+01,9.545918e+00,5.014317e-01,1.990495e+00,-1.513616e-01,2.058256e+00
1.813039e+01,1.446643e+01,7.393018e+00,5.429450e-01,-2.842763e-01,-8.431670e-01,1.042369e+00
1.843324e+01,1.697015e+01,7.759709e+00,1.677288e+00,-1.346772e+00,-1.249690e+00,2.487733e+00
1.463154e+01,1.482260e+01,9.581479e+00,1.433149e+00,-1.088208e+00,-3.611435e-01,1.835357e+00
1.362589e+01,1.862139e+01,6.858301e+00,9.524421e-01,-9.466225e-01,1.261802e+00,1.842657e+00
1.604624e+01,1.116511e+01,7.914074e+00,-3.181586e-01,-1.480318e+00,4.185726e-01,1.570913e+00
1.642909e+01,1.695441e+01,8.119590e+00,6.869813e-02,3.672322e-01,-1.363929e+00,1.414171e+00
2.103403e+01,9.686499e+00,9.838791e+00,-1.839470e+00,5.926048e-01,2.958927e-02,1.932798e+00
1.790625e+01,1.551076e+01,9.432671e+00,-1.235497e+00,-7.194206e-01,7.831190e-02,1.431835e+00
2.210960e+01,1.361561e+01,8.744907e+00,1.408075e+00,-4.054299e-01,-3.159151e-01,1.498950e+00
2.062944e+01,1.231993e+01,7.328415e+00,-2.245388e+00,2.172030e+00,4.151658e-01,3.151483e+00
2.384346e+01,1.381246e+01,9.939000e+00,1.158229e+00,2.499134e-01,4.539332e-01,1.268860e+00
2.107939e+01,1.574844e+01,9.288570e+00,4.729830e-01,6.973914e-01,-1.352819e+00,1.593797e+00
1.912519e+01,1.104832e+01,9.927637e+00,-9.561746e-01,-1.124082e+00,3.501250e-01,1.516713e+00
1.741106e+00,1.254307e+01,9.924983e+00,-6.465927e-01,-5.688530e-01,-8.887300e-01,1.237545e+00
2.330808e+01,1.082344e+01,6.658000e+00,1.386228e+00,-4.029701e-01,-3.958731e-01,1.496906e+00
2.019741e+01,1.373571e+01,2.814842e+00,-4.942342e-01,8.629734e-01,9.599094e-01,1.382178e+00
2.238481e+01,1.233580e+01,9.106088e+00,8.859492e-01,-4.819223e-01,-6.350426e-01,1.191820e+00
1.483303e+00,1.159693e+01,6.968714e+00,8.125117e-01,-9.967190e-02,2.688855e-01,8.616317e-01
2.332662e+01,1.328267e+01,8.432360e+00,1.239313e+00,-4.314902e-01,1.284170e+00,1.836076e+00
1.727859e+00,1.317662e+01,7.666709e+00,-2.271737e-01,6.650749e-01,6.769745e-01,9.758211e-01
2.147765e+00,1.326926e+01,6.556840e+00,-8.617180e-01,9.409205e-02,1.029587e+00,1.345905e+00
3.288665e+00,1.419329e+01,5.953491e+00,-6.564624e-01,1.689090e-01,-1.636591e+00,1.771412e+00
4.776739e-01,1.411450e+01,8.282719e+00,6.957959e-01,-2.114496e+00,2.634049e-02,2.226189e+00
1.433452e+00,1.805089e+01,6.656936e+00,-2.729845e-02,-9.489044e-01,-9.269679e-01,1.326814e+00
2.321267e+00,1.963625e+01,6.397086e+00,-6.357017e-01,-3.308058e-01,6.539410e-01,9.701484e-01
3.992698e-01,1.724674e+01,7.517221e+00,-1.611274e-01,4.885876e-01,1.154824e+00,1.264238e+00
4.421712e+00,1.810457e+01,5.211550e+00,2.244680e+00,1.142086e+00,2.691443e-01,2.532862e+00
7.521590e-01,1.630337e+01,5.672701e+00,1.118848e+00,1.171583e+00,2.764456e-01,1.643426e+00
2.314970e+00,1.868257e+01,7.480636e+00,6.904446e-01,4.078202e-01,6.885425e-01,1.056940e+00
3.103470e+00,1.796327e+01,5.886800e+00,-1.263090e+00,-5.986828e-01,2.495261e+00,2.860095e+00
5.423410e+00,1.427289e+01,8.151923e+00,-1.616381e-01,-1.513474e-01,-4.851337e-01,5.332800e-01
2.793218e+00,1.756248e+01,6.781904e+00,1.693617e+00,6.095230e-01,-8.542392e-03,1.799981e+00
5.382277e+00,1.451647e+01,6.029427e+00,9.584210e-01,-1.346964e+00,1.660572e-01,1.661462e+00
5.511256e+00,1.688959e+01,7.506554e+00,6.604799e-01,-1.806062e+00,-1.807049e+00,2.638848e+00
6.960342e+00,1.594320e+01,9.158927e+00,-1.528320e+00,1.972883e+00,-2.330556e+00,3.414603e+00
3.894015e+00,1.618385e+01,9.371912e+00,-5.809422e-01,-4.236801e-01,-7.412282e-01,1.032675e+00
1.015280e+01,1.604081e+01,5.568729e+00,-1.081978e+00,-2.066443e-02,1.548893e+00,1.889490e+00
9.404120e+00,1.468892e+01,6.672089e+00,-2.029409e+00,-1.678279e-01,1.566364e+00,2.569078e+00
7.813818e+00,1.787128e+01,1.159960e+01,-1.436450e+00,1.230728e+00,5.830717e-01,1.979407e+00
8.577624e+00,1.721101e+01,6.663545e+00,2.315005e-02,-1.020539e+00,-9.989927e-01,1.428294e+00
1.554767e+01,1.630395e+01,6.040197e+00,-5.214954e-01,8.559336e-01,8.862115e-01,1.337890e+00
1.092887e+01,1.697027e+01,9.403647e+00,1.067917e+00,1.578567e+00,-1.569718e+00,2.469076e+00
1.080364e+01,1.360670e+01,1.150703e+01,-6.150873e-01,1.129569e+00,3.341283e-01,1.328872e+00
8.272168e+00,1.715434e+01,1.022946e+01,7.760971e-01,1.243489e+00,-2.712598e-01,1.490695e+00
1.547659e+01,1.373305e+01,6.207949e+00,4.158577e-01,1.167446e-01,-9.588607e-01,1.051656e+00
1.337137e+01,1.623481e+01,6.390878e+00,-7.421852e-01,-8.530719e-01,-6.663429e-01,1.312472e+00
1.307731e+01,1.350920e+01,7.841444e+00,6.065687e-01,-7.447126e-01,-1.805526e+00,2.045103e+00
1.155801e+01,1.858489e+01,6.021976e+00,-8.250063e-01,7.401272e-01,-3.070468e-01,1.150088e+00
1.075277e+01,1.226592e+01,8.313320e+00,-6.976552e-01,6.998437e-01,4.591904e-01,1.089660e+00
1.617903e+01,1.700559e+01,5.364317e+00,-6.509200e-01,2.531081e-01,5.014632e-01,8.597824e-01
1.698801e+01,1.651057e+01,6.493409e+00,1.199885e-01,3.179854e-01,2.664176e+00,2.685767e+00
1.400382e+01,1.496381e+01,8.893441e+00,1.886546e+00,-1.129310e+00,-1.323081e+00,2.566114e+00
1.486377e+01,1.805251e+01,5.358572e+00,4.596682e-01,-5.470333e-01,-1.877705e+00,2.009058e+00
1.852390e+01,1.671074e+01,6.493880e+00,-6.171701e-01,2.262267e-01,6.535173e-01,9.269101e-01
1.325498e+01,1.522957e+01,1.114553e+01,6.356366e-02,-3.772189e-01,-5.362185e-01,6.586840e-01
1.528347e+01,1.507978e+01,8.464800e+00,1.834010e-02,7.122537e-02,-1.143449e+00,1.145812e+00
1.610034e+01,1.768212e+01,4.510673e+00,9.791673e-01,1.233882e+00,2.288427e+00,2.778152e+00
2.002698e+01,1.529724e+01,5.148925e+00,5.858100e-02,-3.778183e-01,8.280975e-01,9.120986e-01
1.828975e+01,1.645073e+01,8.697360e+00,-5.465868e-01,5.124003e-02,1.646969e+00,1.736056e+00
1.794109e+01,1.451239e+01,1.002556e+01,2.620258e-01,-1.016492e+00,3.640847e-01,1.111068e+00
1.776404e+01,1.369974e+01,8.156545e+00,-8.698254e-01,-8.118966e-01,-5.574234e-01,1.313961e+00
2.074564e+01,1.737497e+01,9.297458e+00,1.052833e+00,-5.983409e-01,7.711401e-01,1.435662e+00
1.767828e+01,1.357811e+01,6.991601e+00,1.007342e+00,-5.528886e-01,6.323397e-01,1.311593e+00
1.837675e+01,1.567680e+01,3.218107e+00,-3.163596e-01,1.581958e+00,-6.437080e-01,1.736962e+00
2.014450e+01,1.763885e+01,6.655973e+00,1.201376e-01,-8.252480e-01,6.125461e-01,1.034737e+00
1.354945e-01,1.192811e+01,8.774622e+00,1.111939e+00,-3.121844e-01,1.309667e+00,1.746166e+00
2.228478e+01,1.250766e+01,5.147016e+00,-3.408989e-01,-2.739466e-01,3.051147e-01,5.332483e-01
2.378012e+01,1.278135e+01,9.473694e+00,7.699600e-01,-4.430493e-01,2.233695e-01,9.159830e-01
2.112983e+00,1.240618e+01,1.660742e+00,-7.312896e-01,3.047563e-01,-7.171068e-01,1.068599e+00
2.342938e+01,1.607568e+01,5.505143e+00,7.705117e-01,-7.690258e-01,-5.733356e-01,1.230367e+00
2.314271e+01,1.710341e+01,5.733874e+00,-1.848793e-01,2.184954e-01,-6.824675e-01,7.400557e-01
6.233466e-01,1.292182e+01,8.788728e+00,2.407773e-01,-8.680864e-02,-1.409845e+00,1.432890e+00
2.263663e+01,1.305641e+01,6.731424e+00,3.056364e-01,1.252506e-01,4.365791e-01,5.474510e-01
2.251151e+01,1.358720e+01,4.537848e+00,7.870993e-01,6.415361e-01,-5.876794e-01,1.173227e+00
1.614100e+00,1.437292e+01,7.433179e+00,1.014158e+00,1.197774e+00,-1.939572e-01,1.581391e+00
2.384106e+01,1.647167e+01,8.389803e+00,-3.200793e-01,2.862333e-01,3.058802e-01,5.272030e-01
6.473739e-01,1.447576e+01,3.337475e+00,8.160703e-01,1.381551e+00,5.629361e-02,1.605560e+00
3.768977e-01,1.704056e+01,2.732245e+00,4.271489e-01,-3.983058e-01,-6.444487e-01,8.697229e-01
1.815206e+00,1.828276e+01,9.773146e+00,3.347698e-01,-1.132394e+00,1.748407e-01,1.193715e+00
2.242280e+01,1.527254e+01,4.999983e+00,-1.720532e+00,-1.758357e+00,-1.874166e+00,3.092660e+00
2.375119e+01,1.792774e+01,5.623956e+00,-2.202444e+00,7.883484e-01,1.097879e+00,2.584103e+00
5.280982e+00,2.018722e+01,7.925814e+00,-1.569634e+00,8.226653e-01,1.352212e-01,1.777305e+00
1.805542e+00,1.687436e+01,3.352870e+00,-2.448480e-01,-6.735307e-01,9.955069e-01,1.226633e+00
2.448018e+00,1.790812e+01,8.977926e+00,-1.432739e+00,6.336078e-01,2.782847e-01,1.591113e+00
6.410825e+00,1.622371e+01,1.012888e+01,6.945612e-01,7.312213e-01,-9.449757e-01,1.382056e+00
6.393030e+00,2.062238e+01,7.026868e+00,-1.319409e+00,-1.415400e+00,-1.513132e+00,2.456372e+00
8.967102e+00,1.512912e+01,9.384246e+00,-3.180606e-01,-7.712189e-01,1.972846e+00,2.141977e+00
4.330657e+00,1.818244e+01,6.489874e+00,2.019371e+00,-2.949064e-01,-9.824411e-01,2.264955e+00
7.463004e+00,1.773852e+01,1.061939e+01,-4.479070e-01,-5.813605e-01,-9.661668e-01,1.213293e+00
8.019904e+00,1.884867e+01,6.105773e+00,-1.569678e+00,-2.031835e+00,-1.592000e-02,2.567585e+00
4.292320e+00,1.622467e+01,7.601073e+00,-5.663879e-01,-4.581398e-01,-1.892402e+00,2.027775e+00
6.931472e+00,1.829672e+01,7.312472e+00,4.437971e-01,-8.245964e-01,1.252748e+00,1.564063e+00
1.139054e+01,1.381184e+01,3.331083e+00,1.222119e-01,1.037789e-01,-2.153688e-01,2.684950e-01
1.191376e+01,1.715536e+01,8.388161e+00,-1.075650e+00,-4.990927e-01,2.416005e-01,1.210160e+00
9.871386e+00,1.813103e+01,9.419016e+00,-6.717823e-01,-5.691627e-01,-3.854059e-01,9.611323e-01
8.339260e+00,1.594472e+01,6.846008e+00,-1.107188e+00,2.036231e-01,7.575348e-01,1.356903e+00
9.042622e+00,1.772288e+01,9.796178e+00,-5.051801e-01,6.253557e-01,7.526791e-01,1.101273e+00
1.305247e+01,1.952720e+01,3.213526e+00,1.267591e-01,7.621166e-01,-1.408138e+00,1.606158e+00
9.734234e+00,1.982258e+01,6.890642e+00,7.629128e-01,3.833450e-02,5.818015e-01,9.602075e-01
5.350307e+00,1.652409e+01,1.042727e+01,-6.270142e-01,-1.053544e+00,1.268238e+00,1.763953e+00
1.207407e+01,1.476348e+01,5.341859e+00,7.912085e-01,1.157991e-01,-5.089889e-01,9.478871e-01
1.161529e+01,1.645632e+01,6.487399e+00,5.718954e-01,-6.391298e-01,3.006082e-01,9.087995e-01
1.023737e+01,1.867686e+01,6.390235e+00,1.364951e+00,-6.994470e-01,-7.290559e-02,1.535459e+00
9.823860e+00,1.934908e+01,7.986191e+00,-1.130483e+00,-7.623440e-01,9.701517e-01,1.673426e+00
1.184071e+01,2.006071e+01,7.807447e+00,1.101807e+00,-1.126107e+00,3.645739e-01,1.617099e+00
1.262574e+01,1.809156e+01,3.727388e+00,1.907761e+00,-4.023325e-01,-1.580766e+00,2.510029e+00
1.351637e+01,1.810237e+01,7.819892e+00,5.644949e-02,-9.872150e-01,6.926470e-03,9.888518e-01
1.261936e+01,1.584321e+01,9.252801e+00,1.394031e+00,5.935017e-01,-3.730718e-02,1.515572e+00
1.793136e+01,1.622841e+01,7.177064e+00,1.493381e+00,-1.022424e+00,-9.706733e-01,2.053715e+00
1.400773e+01,1.810495e+01,2.300355e+00,-1.708659e+00,7.271318e-01,-3.884560e-01,1.897138e+00
1.491814e+01,1.794757e+01,1.070975e+01,8.000701e-01,1.750988e+00,-1.156922e+00,2.246005e+00
1.654395e+01,1.628516e+01,4.461673e+00,2.079669e-01,-1.587415e-01,-1.030439e+00,1.063134e+00
1.461880e+01,1.883177e+01,6.800003e+00,-1.422071e+00,-1.140462e+00,3.833200e-01,1.862760e+00
1.600901e+01,1.984722e+01,8.672931e+00,1.171360e+00,3.418797e-01,-8.987675e-01,1.515503e+00
1.336639e+01,1.919155e+01,7.739910e+00,3.458467e-01,3.427077e-01,-2.410133e-01,5.432733e-01
1.396322e+01,2.037043e+01,7.005738e+00,-3.634539e-01,1.344475e+00,1.607611e-01,1.401983e+00
1.729689e+01,1.866135e+01,3.622324e+00,8.371740e-01,1.802287e+00,-6.547913e-01,2.092331e+00
1.854300e+01,1.539362e+01,8.523253e+00,-3.631601e-02,-2.468837e-01,-5.533733e-02,2.556025e-01
2.017791e+01,1.616900e+01,9.174742e+00,9.146115e-01,-5.067942e-01,3.812224e-01,1.112962e+00
1.766530e+01,2.128250e+01,1.063700e+01,2.381451e-01,3.355270e+00,-5.924740e-01,3.415491e+00
2.308741e+01,1.455742e+01,8.811125e+00,-9.847777e-02,5.758663e-01,-7.827965e-01,9.767754e-01
2.199689e+01,1.693340e+01,6.968543e+00,8.673206e-01,-3.549400e-01,-3.433617e-01,9.980605e-01
1.898072e+01,1.785289e+01,7.883880e+00,1.275605e+00,1.650674e-01,7.186153e-02,1.288247e+00
1.977758e+01,2.048280e+01,6.689524e+00,-3.585513e-01,1.331136e-01,6.553055e-04,3.824640e-01
2.165369e+01,1.403488e+01,7.376113e+00,5.272569e-01,-1.147982e+00,-1.522909e-01,1.272421e+00
2.120909e+01,1.800625e+01,6.924803e+00,-4.243416e-01,-1.760212e-01,-5.912289e-02,4.631898e-01
2.245361e+01,1.595079e+01,6.047175e+00,2.174335e+00,-1.475085e+00,-9.215340e-01,2.784391e+00
1.965710e+01,1.644088e+01,6.376243e+00,5.800303e-01,2.522907e-01,7.696261e-01,9.961978e-01
2.269666e+01,1.396786e+01,7.805569e+00,-4.026566e-01,-1.147212e+00,2.122325e+00,2.445913e+00
1.124663e+00,1.615772e+01,2.562099e+00,7.833515e-02,1.373844e+00,1.060890e-01,1.380159e+00
2.373507e+01,1.523459e+01,6.740098e+00,-1.310446e+00,1.906742e+00,-1.774144e+00,2.915565e+00
2.214581e+01,1.758623e+01,5.986702e+00,-9.454128e-02,1.600268e+00,-1.462056e+00,2.169655e+00
1.654377e+00,1.705932e+01,6.156374e+00,-1.691623e+00,-1.263218e+00,-6.152926e-01,2.199067e+00
2.368522e+01,1.523745e+01,3.800911e+00,5.572081e-01,1.742000e+00,1.696333e-01,1.836796e+00
4.370198e+00,1.608571e+01,3.963517e+00,-9.487170e-01,5.656726e-01,4.128821e-01,1.179204e+00
2.775020e+00,2.008919e+01,7.903220e+00,-2.689259e-01,7.233760e-01,6.879951e-01,1.033891e+00
4.811733e+00,1.710421e+01,3.655721e+00,3.731634e-01,8.836123e-02,8.739444e-01,9.543781e-01
4.824325e-01,1.721236e+01,6.342380e+00,9.727752e-01,3.785952e-01,-4.472248e-01,1.135621e+00
6.912041e+00,1.948323e+01,7.109704e+00,-3.766905e-01,1.347539e+00,1.067056e+00,1.759649e+00
3.277697e+00,1.763921e+01,4.903160e+00,-2.446414e-01,5.665265e-01,-7.343431e-01,9.591983e-01
4.353917e+00,2.121414e+01,7.726928e+00,-5.304742e-01,2.775738e-01,6.286254e-01,8.681129e-01
5.183048e+00,2.144299e+01,6.383534e+00,1.569592e-01,4.872833e-01,9.878455e-01,1.112618e+00
7.108154e+00,2.135984e+01,3.059748e+00,-1.000239e+00,1.783916e-01,1.504717e-01,1.027105e+00
4.010806e+00,2.294065e+01,5.076421e+00,-1.242034e-01,-2.409531e-03,9.299848e-01,9.382452e-01
6.945351e+00,1.882117e+01,6.174502e+00,1.325949e+00,1.424304e+00,6.317841e-01,2.045955e+00
8.327737e+00,2.087549e+01,8.372759e+00,-9.349412e-01,6.571123e-01,-2.175101e+00,2.457026e+00
3.677960e+00,2.197902e+01,4.219730e+00,5.049230e-02,-4.627471e-02,-2.112993e+00,2.114103e+00
5.994513e+00,2.150350e+01,9.766885e+00,-8.966431e-01,-5.515422e-01,1.637439e-01,1.065354e+00
7.582298e+00,2.025953e+01,9.350730e+00,5.232231e-01,-2.595873e-01,2.522067e-02,5.846230e-01
6.673082e+00,1.898686e+01,8.101310e+00,5.473102e-01,-4.448245e-01,-5.421786e-01,8.895926e-01
1.173102e+01,1.761435e+01,5.746509e+00,6.681980e-01,-3.180217e-01,-2.626325e-01,7.852402e-01
5.586854e+00,1.772610e+01,9.735463e+00,-1.294586e+00,-9.366166e-01,8.328991e-01,1.801923e+00
9.442389e+00,1.809971e+01,8.358908e+00,3.250017e-01,-4.616791e-01,1.139041e+00,1.271294e+00
1.033223e+01,2.144726e+01,7.443850e+00,-1.572283e+00,5.849100e-01,-8.762106e-01,1.892601e+00
1.274001e+01,1.967024e+01,7.009863e+00,1.058209e+00,1.641213e+00,-2.299126e-01,1.966277e+00
9.451267e+00,1.735762e+01,7.618272e+00,-6.156548e-01,-1.066122e+00,4.509574e-01,1.311110e+00
1.073357e+01,1.708218e+01,3.596189e+00,-8.673868e-01,-9.270113e-01,4.059012e-01,1.332841e+00
1.127955e+01,2.046445e+01,8.730382e+00,-1.651840e+00,-1.882474e-01,-5.341972e-01,1.746247e+00
1.040921e+01,2.067497e+01,5.118732e+00,-1.996973e+00,-1.358450e-01,-5.551687e-01,2.077154e+00
1.283547e+01,2.193062e+01,5.669228e+00,1.557777e+00,6.245898e-01,-3.141653e-01,1.707478e+00
1.127572e+01,1.890601e+01,3.060148e+00,-9.805818e-01,2.377267e-01,3.275058e-01,1.060809e+00
1.325314e+01,1.999865e+01,6.085706e+00,-1.450367e+00,-3.084100e-01,-9.553159e-02,1.485870e+00
1.125340e+01,1.797371e+01,7.926283e+00,3.013537e-01,5.975635e-01,1.125690e+00,1.309609e+00
1.168432e+01,1.819010e+01,4.849721e+00,4.742730e-01,1.471730e-01,-2.765878e-01,5.684150e-01
1.481570e+01,1.851350e+01,8.006548e+00,-4.951946e-01,3.736247e-01,-1.634712e-01,6.415106e-01
1.409123e+01,1.796671e+01,6.093484e+00,3.556072e-01,-1.494611e+00,9.224917e-01,1.792013e+00
1.374945e+01,2.078750e+01,8.247095e+00,3.463716e-01,4.468412e-01,-5.416477e-01,7.829576e-01
1.197780e+01,1.924103e+01,5.019554e+00,-4.351110e-01,1.782674e+00,-8.579461e-01,2.025665e+00
1.418881e+01,2.020628e+01,5.870213e+00,-1.415537e+00,-5.516711e-02,-1.396003e-01,1.423474e+00
1.334668e+01,2.364747e+01,7.406146e+00,1.239704e+00,-1.569181e+00,-9.709115e-04,1.999799e+00
1.238555e+01,1.848803e+01,8.145899e+00,-4.068194e-01,-4.580017e-01,-4.745682e-01,7.749081e-01
1.359421e+01,1.984378e+01,4.971443e+00,6.493911e-01,1.195838e+00,-7.138835e-01,1.536674e+00
1.750103e+01,1.685262e+01,8.211025e+00,1.629036e+00,4.051743e-01,-1.279895e+00,2.110937e+00
1.630774e+01,1.848074e+01,7.144415e+00,1.143781e+00,-1.560768e+00,7.952644e-01,2.092051e+00
1.703187e+01,1.626468e+01,1.129930e+01,7.114006e-01,7.187648e-01,2.891816e-01,1.051827e+00
1.727665e+01,1.863464e+01,9.666890e+00,-9.247822e-02,-5.083702e-02,1.844869e-01,2.125371e-01
2.019251e+01,1.760317e+01,7.766150e+00,-3.602623e-01,1.313669e+00,-1.793451e+00,2.252106e+00
2.055959e+01,1.622894e+01,5.325466e+00,-7.276007e-01,-5.827536e-01,-1.903349e-01,9.514367e-01
1.995053e+01,1.462471e+01,6.053447e+00,6.456980e-01,9.875563e-01,1.317956e+00,1.768955e+00
2.003689e+01,1.982785e+01,9.174713e+00,-6.468893e-01,2.649202e-01,-1.115166e-01,7.078732e-01
2.254002e+01,2.024422e+01,7.282235e+00,8.045062e-03,2.194203e+00,-3.653842e-01,2.224431e+00
2.006177e+01,1.660609e+01,7.370133e+00,1.137607e+00,1.604755e+00,8.620257e-01,2.147668e+00
2.106961e+01,1.709290e+01,7.376097e+00,2.552959e+00,3.799977e-01,9.835814e-01,2.762143e+00
2.299371e+01,1.820463e+01,7.708812e+00,1.522840e+00,-1.624549e+00,-9.315732e-01,2.413717e+00
2.171115e+01,1.854865e+01,5.740681e+00,1.754660e+00,8.164870e-01,-3.619741e-01,1.968885e+00
2.318625e+01,2.157189e+01,5.938327e+00,2.717216e-01,7.714503e-02,-5.419574e-01,6.111479e-01
2.302827e+00,1.654582e+01,6.854625e+00,-7.477585e-01,-6.483804e-02,4.594052e-01,8.800000e-01
2.147958e+01,1.967987e+01,5.547558e+00,-1.331171e+00,6.261081e-02,7.951964e-02,1.335013e+00
3.291056e+00,1.846502e+01,6.768839e+00,-7.886206e-01,5.298917e-01,1.256914e+00,1.575608e+00
1.022809e+00,1.723897e+01,1.009133e+01,-1.974516e-01,3.965558e-01,8.101795e-01,9.233821e-01
2.746915e+00,2.090956e+01,6.030763e+00,5.611424e-01,-9.086193e-01,-2.949355e-01,1.107906e+00
4.241864e-01,2.072697e+01,6.441818e+00,-1.584220e+00,3.895941e-02,2.425455e-01,1.603153e+00
1.218876e-01,1.900756e+01,5.134766e+00,-6.921947e-02,-8.673551e-01,7.314023e-01,1.136682e+00
2.187281e+00,2.197393e+01,6.517910e+00,-8.694469e-01,5.900582e-01,-6.929476e-01,1.258683e+00
3.696305e+00,2.087921e+01,4.363507e+00,-6.114168e-01,-2.923958e+00,-7.692321e-01,3.084652e+00
5.617398e+00,1.981011e+01,5.439872e+00,7.568690e-01,4.328141e-01,-7.134854e-01,1.126606e+00
3.236312e+00,1.955369e+01,4.387347e+00,1.545613e+00,-1.281357e+00,4.988829e-01,2.068739e+00
2.920090e+00,2.390468e+01,6.249252e+00,6.868431e-01,7.051859e-01,8.538565e-01,1.303116e+00
6.092864e+00,2.157910e+01,7.042145e+00,-2.695834e-01,-2.292030e-01,-1.517450e+00,1.558160e+00
4.982080e+00,2.386295e+01,6.920809e+00,1.414355e+00,-8.045698e-01,4.359109e-01,1.684563e+00
2.961326e+00,1.172292e+00,2.155991e+00,-1.481557e-01,-1.289858e+00,4.122904e-01,1.362229e+00
4.846612e+00,2.239985e+01,5.648041e+00,7.088155e-01,-1.258441e+00,-9.778527e-01,1.744216e+00
5.833488e+00,2.168043e+01,5.566964e+00,-9.650992e-01,6.186438e-01,3.740448e-01,1.205838e+00
2.074408e+00,2.376485e+01,4.956885e+00,1.406813e-01,-6.364812e-01,-1.070290e-02,6.519310e-01
7.598007e+00,2.229581e+01,7.287985e+00,-1.033395e+00,8.846154e-01,-1.672994e+00,2.156237e+00
7.307612e+00,2.248623e+01,8.608534e+00,3.084365e-01,-4.888920e-02,1.113571e+00,1.156530e+00
8.949895e+00,2.112596e+01,3.876717e+00,5.896053e-01,4.033414e-01,-8.234135e-01,1.090105e+00
5.810127e+00,1.994116e+01,9.914881e+00,-3.642990e-01,6.196640e-01,-1.534943e+00,1.694918e+00
5.939240e+00,2.075127e+01,6.009436e+00,4.434552e-01,2.462838e-01,-3.882506e-01,6.387854e-01
9.615154e+00,2.299620e+01,8.412168e+00,-1.641303e+00,-1.007741e+00,-2.487737e+00,3.146150e+00
8.868045e+00,2.252499e+01,8.950516e+00,-1.887178e-01,2.022878e-01,-9.024339e-01,9.438865e-01
8.131442e+00,4.198514e-02,9.982499e+00,1.175578e+00,-5.421947e-01,7.710780e-01,1.506825e+00
1.176751e+01,2.129716e+01,5.007954e+00,1.026533e+00,1.310432e+00,5.287615e-01,1.746594e+00
1.247992e+01,2.072648e+01,5.908906e+00,1.747804e-02,-2.289005e+00,-1.179098e+00,2.574902e+00
7.756263e+00,2.044559e+01,7.481060e+00,-1.968513e+00,-5.195000e-01,-1.166869e+00,2.346594e+00
1.138359e+01,2.674818e-01,7.009097e+00,-1.366437e+00,4.232826e-01,-1.554404e+00,2.112460e+00
1.013517e+01,2.088906e+01,6.180158e+00,7.550098e-01,3.494890e-01,4.614485e-01,9.513764e-01
1.309251e+01,7.218642e-01,5.722503e+00,4.909064e-01,1.108290e+00,6.331144e-02,1.213797e+00
1.532158e+01,2.984278e-01,1.061208e+01,-7.641480e-02,4.286454e-01,-1.233450e+00,1.308043e+00
1.274837e+01,2.222728e+01,8.454715e+00,-1.028798e+00,-1.751484e+00,-1.381429e+00,2.456515e+00
1.488750e+01,2.033278e+01,8.510650e+00,5.028160e-01,2.066322e-01,7.544374e-01,9.298906e-01
1.336906e+01,2.079510e+01,5.288941e+00,-4.198445e-01,-1.674240e+00,1.261379e+00,2.137855e+00
1.309296e+01,1.779522e+01,5.714243e+00,-4.225013e-02,2.499524e-01,-4.577961e-01,5.232959e-01
1.075013e+01,2.004614e+01,9.598535e+00,-2.286808e-01,8.845583e-01,-2.995410e-01,9.614900e-01
1.451472e+01,2.211199e+01,6.441548e+00,-1.066986e+00,1.362527e+00,6.423309e-01,1.845949e+00
1.593133e+01,2.151985e+01,9.341835e+00,-1.692384e+00,-1.382727e+00,3.524295e-01,2.213663e+00
1.384639e+01,1.848737e+01,5.249752e+00,-1.165840e+00,3.616254e-01,-1.502160e-01,1.229846e+00
1.503454e+01,2.175689e+01,8.784816e+00,-3.950226e-01,1.269464e+00,1.828103e-01,1.342014e+00
1.730390e+01,1.949515e+01,5.989009e+00,-6.717205e-01,1.171710e-01,1.013552e+00,1.221566e+00
1.729408e+01,2.233392e+01,1.023310e+01,-1.534946e-02,-4.123213e-01,3.288180e-01,5.276038e-01
1.921071e+01,1.810202e+01,1.008196e+01,2.643223e-01,8.533915e-02,1.224861e+00,1.255959e+00
1.679537e+01,2.216206e+01,1.114516e+01,3.032851e-01,3.626914e-01,8.820302e-01,1.000752e+00
1.579011e+01,2.089346e+01,8.526811e+00,-3.415792e-01,-1.364609e-01,-9.632954e-01,1.031133e+00
1.544920e+01,2.015375e+01,7.608364e+00,5.284557e-01,-5.103884e-01,-7.887277e-01,1.077893e+00
1.773739e+01,2.218313e+01,7.169206e+00,-7.798275e-02,5.648539e-01,-6.290171e-02,5.736705e-01
1.675300e+01,2.130047e+01,1.018668e+01,-4.976239e-01,4.251751e-01,3.546121e-01,7.444147e-01
2.189565e+01,1.731122e+01,9.276891e+00,-1.613193e+00,1.356726e+00,4.823257e-02,2.108417e+00
2.021010e+01,2.005023e+01,4.760271e+00,-3.762504e-01,-8.995249e-02,7.311622e-01,8.271965e-01
2.033288e+01,1.960613e+01,6.330960e+00,-1.200667e+00,4.688008e-01,-9.224943e-01,1.585046e+00
1.511437e+00,1.814574e+01,7.721421e+00,1.061955e+00,-5.679378e-01,-1.718329e+00,2.098323e+00
2.197627e+01,1.812146e+01,1.032334e+01,1.416414e+00,1.189202e+00,-1.311380e+00,2.267189e+00
9.893210e-02,2.111822e+01,8.056252e+00,2.842832e-02,-3.902610e-01,-1.237110e+00,1.297518e+00
2.314222e+01,1.721785e+01,4.185699e+00,2.354378e-01,-2.190705e+00,-2.858842e-01,2.221789e+00
2.171618e+01,2.103522e+01,7.432385e+00,-1.825355e+00,-4.001343e-01,-1.168398e+00,2.203901e+00
1.000585e+00,2.182931e+01,6.178714e+00,-1.160167e+00,-5.475173e-01,1.519684e+00,1.988769e+00
2.293063e+01,4.696800e-01,7.299469e+00,-1.700301e-01,1.249519e+00,2.128872e-01,1.278878e+00
2.268670e+01,2.127275e+01,7.874942e+00,5.566604e-01,1.993714e+00,-4.014553e-01,2.108538e+00
7.451055e-01,2.386462e+01,9.678196e+00,-2.230663e+00,8.440116e-01,3.075128e-02,2.385196e+00
3.605694e+00,2.042569e+01,5.968251e+00,-3.575769e-01,5.929265e-01,-1.442560e+00,1.600126e+00
1.030754e+00,2.053717e+01,3.920592e+00,1.285174e+00,-8.270759e-02,-8.208528e-01,1.527191e+00
2.336841e+00,1.957196e+01,3.094806e+00,-9.633198e-03,-1.230174e-01,6.864625e-01,6.974646e-01
1.783938e-01,2.160506e+01,5.412177e+00,9.746687e-01,-5.910326e-01,-2.867426e-01,1.175381e+00
1.607468e+00,1.939409e+01,7.904522e+00,-4.709525e-01,-2.221402e+00,8.002781e-02,2.272185e+00
6.944343e+00,1.560485e-01,5.095943e+00,-7.562376e-01,1.746930e+00,-7.328647e-01,2.039792e+00
4.497388e+00,7.532243e-01,6.609023e+00,-5.659978e-01,-9.794378e-01,3.016018e-01,1.170733e+00
2.983749e+00,2.163586e+01,5.055238e+00,2.202003e-01,2.938906e-02,-5.860606e-01,6.267527e-01
5.466054e+00,2.347246e+01,3.458747e+00,1.590110e+00,9.746965e-01,3.757354e-01,1.902541e+00
6.617926e+00,3.610478e+00,7.592551e+00,-1.149935e+00,-4.202661e-01,1.020401e+00,1.593798e+00
6.573560e+00,2.171100e+01,8.946119e+00,-1.034841e+00,-2.685960e-01,-2.979262e-01,1.109865e+00
7.505994e+00,2.265052e+01,6.291632e+00,-2.689524e-01,-7.824161e-01,-1.421655e+00,1.644875e+00
6.751864e+00,2.350815e+01,6.458178e+00,-5.208159e-01,1.096774e+00,-3.331342e-01,1.259024e+00
6.090797e+00,2.266598e+01,7.053463e+00,-1.014139e+00,1.128729e+00,-7.499346e-01,1.692605e+00
8.538341e+00,2.113489e+00,6.314509e+00,-1.126150e-01,1.936741e+00,-1.309388e+00,2.340544e+00
7.764391e+00,2.342400e+01,8.180637e+00,-3.617615e-01,1.531275e+00,-6.360326e-01,1.697118e+00
9.426015e+00,2.290603e+01,5.570333e+00,1.400408e+00,2.265693e+00,-4.527154e-01,2.701751e+00
1.223526e+01,1.141250e+00,7.233390e+00,-4.848733e-01,-2.310465e-01,1.377953e+00,1.478932e+00
7.839120e+00,2.152705e+01,6.242201e+00,1.392592e+00,-9.004663e-01,-2.936375e-01,1.684154e+00
9.107462e+00,2.393835e+01,5.315115e+00,-1.866294e-01,1.000479e+00,1.619767e+00,1.912965e+00
9.606446e+00,2.354497e+01,3.433692e+00,-3.354858e-01,-6.072625e-01,-2.225908e-01,7.286049e-01
1.369257e+01,2.288402e+01,7.888426e+00,-9.950012e-01,-6.520485e-01,1.740032e+00,2.107820e+00
1.258007e+01,2.360736e+01,8.316302e+00,4.906770e-01,-1.308806e+00,9.085818e-01,1.667110e+00
1.562613e+01,5.594637e-01,9.480192e+00,1.999665e-01,1.900427e-01,-5.805932e-01,6.427996e-01
1.135151e+01,6.789439e-01,4.197401e+00,-2.839911e-01,4.162205e-01,1.438371e+00,1.524074e+00
1.462233e+01,2.359997e+01,7.890404e+00,-3.170257e-01,2.298747e-01,-4.042505e-02,3.936774e-01
8.448234e+00,2.226668e+01,6.587800e+00,-9.323415e-03,7.991042e-01,3.284949e-01,8.640390e-01
1.406805e+01,2.350024e+01,8.883531e+00,1.163635e+00,1.419696e+00,6.758130e-01,1.956095e+00
1.407012e+01,2.145099e+01,7.106467e+00,-3.082980e-02,-8.399838e-01,-1.073711e+00,1.363590e+00
1.555771e+01,3.452008e-02,7.182767e+00,-1.247240e-01,8.839443e-01,-1.296210e+00,1.573872e+00
1.496329e+01,2.349944e+01,9.563227e+00,-7.528302e-01,2.183841e+00,-1.386897e-01,2.314120e+00
1.612693e+01,2.353576e+01,9.884738e+00,-9.184714e-01,5.184418e-01,-1.391123e+00,1.745737e+00
1.480028e+01,2.132584e+01,1.014597e+01,-7.073807e-01,-4.456303e-02,1.037015e+00,1.256095e+00
1.104154e+01,2.349370e+01,7.688255e+00,-7.357482e-01,-1.619506e+00,-7.271848e-01,1.921698e+00
1.673702e+01,1.980792e+01,9.544782e+00,1.614749e+00,-3.608797e-01,1.650076e+00,2.336750e+00
1.623462e+01,2.218627e+01,1.012520e+01,1.649003e+00,-1.184504e+00,-1.019770e+00,2.272045e+00
1.431654e+01,2.351158e+01,4.625916e+00,1.107309e+00,1.400318e+00,-1.042026e-02,1.785254e+00
1.655086e+01,2.379793e+01,7.913416e+00,-1.841627e+00,5.075412e-01,-6.377863e-01,2.013942e+00
1.598631e+01,2.266226e+01,9.232495e+00,-1.448153e+00,-1.090028e-01,-3.276917e-01,1.488761e+00
1.685994e+01,2.101771e+01,9.013226e+00,-1.667462e-01,7.249785e-02,-3.970085e-02,1.861085e-01
1.594917e+01,2.081702e+01,6.569537e+00,-1.151687e+00,-1.605147e+00,-5.830546e-01,2.059814e+00
1.990823e+01,2.139432e+01,4.151158e+00,-1.612894e+00,5.512416e-01,-1.787419e+00,2.469850e+00
1.973203e+01,1.850185e+01,6.978364e+00,8.861279e-02,1.000928e+00,3.021897e-01,1.049299e+00
1.697614e+01,2.118918e+01,6.935978e+00,-5.110373e-01,8.451254e-01,1.904466e-01,1.005816e+00
1.928310e+01,2.086464e+01,8.725916e+00,9.058271e-01,1.643668e-01,-1.676456e-01,9.357586e-01
1.967664e+01,2.157993e+01,7.903533e+00,6.112749e-01,-1.374377e+00,5.434041e-01,1.599330e+00
2.105049e+01,2.142319e+01,3.984324e+00,-2.486010e-01,6.127371e-01,1.557583e+00,1.692133e+00
1.861601e+01,2.135995e+01,7.710945e+00,-7.966154e-01,-1.053171e+00,9.225836e-01,1.610877e+00
2.085357e+00,2.300533e+01,6.744649e+00,-1.079895e+00,1.462229e-01,-1.132770e+00,1.571853e+00
1.834232e-01,1.803102e+01,4.424635e+00,-8.470747e-01,-1.003552e+00,-2.863139e-01,1.344108e+00
2.068319e+01,2.113787e+01,4.864912e+00,-3.372431e-01,-1.530845e-02,2.999847e-01,4.516172e-01
1.215577e-01,1.828751e+01,7.786517e+00,4.747376e-01,-1.300581e+00,-1.197693e+00,1.830671e+00
5.273615e-01,2.174426e+01,7.236178e+00,1.133687e+00,2.256558e+00,-4.578269e-02,2.525747e+00
6.742630e-02,5.208888e-01,7.203253e+00,3.447491e-01,-4.464682e-01,1.136237e+00,1.268550e+00
4.953648e+00,2.248177e+01,6.744972e+00,2.356359e-01,3.983888e-01,-3.081865e-01,5.560727e-01
2.480290e+00,1.130817e+00,8.785102e+00,7.030389e-01,1.069720e+00,-1.043499e-01,1.284310e+00
9.621033e-01,5.746005e-01,7.961117e+00,-9.555972e-01,-1.129561e+00,1.118499e+00,1.854754e+00
6.448056e+00,2.449270e+00,4.501339e+00,7.602513e-01,7.732792e-01,-6.917661e-01,1.286267e+00
4.648740e+00,2.851914e+00,9.824796e+00,-7.216395e-04,-3.265726e-01,-3.335563e-01,4.668083e-01
1.923240e+00,3.479465e-01,8.112506e+00,-3.385979e-01,4.953459e-01,-1.267865e+00,1.402675e+00
3.548108e+00,2.328448e+01,8.552889e+00,-2.943745e-01,-8.862205e-01,3.729201e-01,1.005541e+00
5.084281e+00,2.354677e+01,5.861884e+00,3.807935e-01,-2.539416e+00,-1.250434e-01,2.570850e+00
4.173446e+00,2.327748e+01,7.139110e+00,-7.047627e-01,5.619459e-01,-1.058806e+00,1.390519e+00
8.403058e-01,2.165026e+01,8.687386e+00,1.709404e+00,-6.225797e-01,1.596580e+00,2.420482e+00
2.602646e+00,1.873447e+00,6.137740e+00,4.386771e-01,6.193411e-01,-1.601414e-01,7.756715e-01
5.907056e+00,2.368891e+01,8.558753e+00,3.759394e-01,5.227403e-01,1.324407e+00,1.472631e+00
4.620596e+00,1.653713e+00,6.052313e+00,7.262451e-01,-5.637562e-01,1.732261e-01,9.355534e-01
5.138635e+00,2.326789e+01,9.644543e+00,5.032860e-01,9.558181e-01,-2.530463e+00,2.751386e+00
6.775317e+00,2.320753e+01,7.754517e+00,-1.386121e+00,1.688107e-01,1.524214e-01,1.404657e+00
8.423228e+00,3.199860e+00,6.464531e+00,-1.479768e-02,-6.651154e-01,-8.988478e-01,1.118269e+00
2.998294e+00,1.326623e-01,9.067106e+00,-2.728810e-01,1.658161e+00,-9.767353e-02,1.683301e+00
1.311103e+00,2.289959e+01,9.829719e+00,-5.374758e-01,-1.244399e+00,3.619158e-01,1.402994e+00
8.668272e+00,2.392504e+01,8.111670e+00,-5.559532e-01,-5.285363e-03,-7.644983e-01,9.452881e-01
1.538694e+01,2.886095e+00,1.238357e+01,2.292839e+00,-1.026365e+00,1.001319e+00,2.704289e+00
1.181335e+01,2.290922e+01,7.163893e+00,1.206208e+00,-3.772897e-01,-2.508583e-01,1.288494e+00
1.239840e+01,1.051784e+00,8.497750e+00,-7.860617e-01,1.216497e+00,2.826686e-01,1.475690e+00
9.229700e+00,4.231855e-01,6.504441e+00,7.736747e-01,2.940648e-01,-6.880769e-01,1.076335e+00
1.283246e+01,4.794752e+00,6.634364e+00,1.148273e+00,4.165297e-01,2.941384e-02,1.221840e+00
1.488836e+01,1.662542e+00,5.656867e+00,6.669920e-01,-6.418024e-01,-1.166728e+00,1.489310e+00
1.145328e+01,2.373625e+01,8.728905e+00,-1.113682e+00,1.813000e+00,1.782462e+00,2.775685e+00
1.373037e+01,4.790626e-01,8.419041e+00,4.705065e-01,-1.695164e+00,-7.126291e-01,1.898104e+00
1.586019e+01,1.755796e+00,8.958908e+00,1.335866e+00,-2.484748e-01,-1.231599e+00,1.833879e+00
1.522804e+01,7.952035e-01,1.160087e+01,-5.413315e-01,-4.045577e-02,-9.664188e-01,1.108441e+00
1.419574e+01,3.219841e-01,7.119831e+00,3.637200e-01,8.242008e-01,3.978255e-01,9.848169e-01
1.570307e+01,8.898087e-01,6.255850e+00,3.828793e-01,-5.610452e-01,9.315332e-01,1.152876e+00
1.758751e+01,1.641797e+00,7.217331e+00,-4.187502e-01,5.204005e-01,-9.341421e-01,1.148386e+00
1.280019e+01,1.757721e+00,6.600439e+00,-1.449790e+00,1.135436e+00,1.533227e+00,2.396225e+00
1.445889e+01,2.206276e+01,1.088391e+01,-1.596870e+00,1.284173e+00,2.998656e-01,2.070994e+00
1.778613e+01,2.266055e+01,8.200529e+00,8.407588e-01,-2.767021e-01,-5.820709e-01,1.059361e+00
1.630721e+01,1.132378e+00,7.865677e+00,-9.684312e-01,1.442528e-01,1.259135e+00,1.595020e+00
1.576605e+01,2.175884e+01,7.428184e+00,-1.001512e+00,-8.338186e-01,-4.764388e-01,1.387542e+00
1.371845e+01,2.632818e+00,9.850104e+00,-2.116694e+00,-1.813622e-02,-1.335513e+00,2.502862e+00
1.745941e+01,2.690768e-01,1.098116e+01,-9.606283e-01,5.696241e-01,-1.446866e+00,1.827758e+00
1.696749e+01,2.194948e+01,8.012376e+00,1.323512e+00,2.428802e-01,4.476545e-02,1.346358e+00
1.813430e+01,2.052168e+01,8.826979e+00,1.041795e-01,4.780028e-01,6.404736e-01,8.059444e-01
1.898450e+01,1.286964e+00,1.034065e+01,-7.476932e-02,-8.719291e-02,2.552650e+00,2.555233e+00
1.850252e+01,2.244943e+01,1.081598e+01,9.330720e-02,-8.864849e-01,6.916985e-01,1.128277e+00
1.856645e+01,2.283834e+01,7.075046e+00,4.613886e-01,5.532830e-01,8.127761e-02,7.249880e-01
2.184371e+01,7.723269e-01,9.768657e+00,-2.590145e-01,-2.505726e+00,7.569202e-01,2.630339e+00
2.013678e+01,2.151038e+01,8.973404e+00,4.845198e-03,1.635292e+00,-1.320762e+00,2.102050e+00
1.982665e+01,2.273993e+01,7.075215e+00,1.308168e+00,1.371444e+00,-1.349621e+00,2.326723e+00
2.191028e+01,1.036873e-01,8.560413e+00,4.106385e-02,9.024642e-01,-1.088052e+00,1.414209e+00
1.715590e+01,1.993504e+01,8.484083e+00,-3.977167e-01,-1.670882e-01,1.808552e+00,1.859290e+00
2.086016e+01,2.330906e+01,8.873970e+00,-2.253040e+00,1.414288e+00,7.729923e-01,2.770184e+00
2.165428e+01,2.113333e+01,9.856660e+00,-7.023492e-01,7.837631e-01,1.080346e-01,1.057946e+00
2.174551e+01,2.306253e+01,6.632757e+00,-9.897986e-01,8.789693e-01,-1.332788e+00,1.878460e+00
2.257211e+01,1.137011e+00,8.854349e+00,-1.281473e-02,4.884660e-01,1.231646e+00,1.325034e+00
2.184562e+01,2.174449e+01,8.270279e+00,1.625181e-01,-9.863075e-01,5.351241e-01,1.133831e+00
3.718641e-01,2.385311e+01,1.069772e+01,-4.558197e-01,6.004969e-01,-5.320158e-01,9.227183e-01
1.390867e+00,2.500394e+00,7.533666e+00,-1.174100e+00,-1.226148e+00,-4.125916e-01,1.747050e+00
2.853176e+00,2.270647e+01,5.934520e+00,-7.825132e-02,5.198589e-01,1.222755e+00,1.330979e+00
9.259261e-01,2.242293e+01,7.952173e+00,-2.335643e-01,-3.003100e-01,-2.558407e-01,4.584679e-01
1.889523e+00,2.273828e+01,5.280211e+00,-2.453246e-01,1.261992e-01,3.700652e-01,4.615828e-01
3.658918e+00,2.804118e+00,8.230694e+00,-1.477258e+00,-1.104075e+00,3.370094e-01,1.874793e+00
2.021632e+00,1.103398e+00,9.762130e+00,-3.639541e-01,1.265672e+00,3.023747e-02,1.317309e+00
3.494246e+00,8.925714e-01,5.915044e+00,-1.517692e+00,-2.124718e-01,-4.713136e-01,1.603330e+00
2.909770e+00,4.101981e+00,7.884768e+00,-3.533741e-01,1.537108e-01,-8.106126e-01,8.975484e-01
4.566340e+00,3.993684e+00,6.900458e+00,-8.847406e-02,-9.023628e-01,3.618887e-01,9.762426e-01
5.669449e+00,2.033060e+00,6.119359e+00,-6.568757e-01,-1.010672e+00,1.429283e+00,1.869704e+00
4.314459e+00,4.101126e+00,9.405680e+00,-1.264647e+00,1.411046e+00,9.155028e-01,2.104407e+00
7.224448e+00,2.219923e+00,9.241376e+00,-1.124117e+00,-2.209979e-01,-4.824574e-01,1.243078e+00
8.905319e+00,1.346399e+00,7.251568e+00,-9.904363e-01,6.837393e-01,1.563992e+00,1.973457e+00
5.323724e+00,2.316483e+01,7.767220e+00,-7.057985e-01,-6.506160e-01,-5.324537e-01,1.097707e+00
6.344406e+00,3.690472e+00,6.368472e+00,7.686785e-01,-1.747265e+00,-5.546629e-01,1.987826e+00
6.751931e+00,3.773429e+00,1.139198e+01,-8.576577e-01,-1.053375e+00,1.517329e+00,2.036532e+00
7.469900e+00,4.050423e+00,9.323426e+00,3.126837e-01,3.328690e-02,1.362519e+00,1.398334e+00
1.213569e+01,5.393735e-01,9.584874e+00,1.306725e+00,2.567112e-01,-1.010120e+00,1.671458e+00
4.983638e+00,2.060953e+01,6.906524e+00,2.954155e-01,-1.772046e+00,1.785586e-01,1.805353e+00
1.296452e+01,3.145533e+00,8.323765e+00,7.672951e-01,-2.734887e-01,-4.142051e-01,9.138401e-01
1.066793e+01,4.159906e+00,1.359029e+01,-9.929466e-02,2.278675e-01,5.434094e-01,5.975590e-01
9.402930e+00,1.632210e+00,1.092376e+01,-7.085415e-01,-1.542507e-01,-1.450716e+00,1.621851e+00
8.403442e+00,1.917415e+00,1.101799e+01,-4.503177e-01,-3.857544e-01,-1.397228e-01,6.091920e-01
1.131620e+01,2.261423e+00,1.005081e+01,-6.690833e-01,-4.682817e-01,-3.069134e-01,8.724425e-01
1.008791e+01,2.389839e+00,9.869160e+00,9.643625e-01,-7.350019e-01,5.438283e-01,1.328899e+00
1.259496e+01,3.860225e+00,1.131039e+01,-1.736901e-01,-5.487592e-01,-6.757137e-01,8.876339e-01
1.046700e+01,4.744424e+00,9.591989e+00,4.469332e-02,-8.233667e-01,-4.435503e-01,9.363050e-01
1.392490e+01,1.395144e+00,7.201933e+00,-1.511109e+00,3.043066e-01,1.064767e+00,1.873441e+00
1.333444e+01,1.584695e+00,8.505290e+00,-8.140587e-01,-2.993288e-01,-2.709181e-01,9.086726e-01
1.413345e+01,2.390526e+01,9.963867e+00,4.398170e-01,-1.161582e-01,-5.099719e-01,6.833762e-01
1.173324e+01,1.778622e+00,9.210815e+00,2.088019e+00,6.049917e-01,-1.740149e+00,2.784593e+00
1.631807e+01,2.207905e+00,7.921097e+00,8.160829e-03,-4.193634e-01,-8.439061e-01,9.423958e-01
1.366247e+01,2.389489e+00,7.956555e+00,-1.425452e+00,-2.278919e-01,7.608993e-01,1.631814e+00
1.534179e+01,2.410629e+00,1.015087e+01,-4.249228e-01,1.228244e+00,-4.501294e-01,1.375413e+00
1.001379e+01,1.576563e+00,1.362850e+01,-5.329015e-01,5.281386e-02,-9.335057e-01,1.076200e+00
1.662247e+01,2.212162e+00,6.883532e+00,-1.971896e-02,-8.870173e-01,-1.391468e+00,1.650265e+00
1.536132e+01,1.510648e+00,1.076133e+01,-5.272109e-01,-7.225332e-01,9.312216e-01,1.291193e+00
1.400035e+01,2.837332e+00,8.772056e+00,1.588704e+00,-8.290072e-01,1.736816e-01,1.800388e+00
1.979800e+01,4.275592e+00,8.324040e+00,2.461765e-01,-2.608096e-01,4.308351e-01,5.605742e-01
1.761988e+01,4.595779e-01,9.255904e+00,1.401946e+00,9.694369e-01,-7.169759e-01,1.849139e+00
1.932167e+01,2.237566e+01,1.020340e+01,4.057834e-01,-1.851683e+00,-1.259252e+00,2.275765e+00
1.841303e+01,3.080901e-01,8.381256e+00,5.703199e-01,8.698542e-01,-1.512881e+00,1.835952e+00
1.608227e+01,4.431173e+00,6.868161e+00,1.141696e+00,2.960055e-01,4.409177e-01,1.259165e+00
1.680046e+01,2.285251e+01,8.489975e+00,1.128167e-01,4.735501e-01,-1.112923e+00,1.214732e+00
2.056262e+01,2.012119e+01,7.258021e+00,-1.449560e-01,7.579219e-01,4.480611e-02,7.729589e-01
1.908597e+01,5.876681e+00,6.762762e+00,1.069659e+00,8.273523e-01,3.516509e-01,1.397262e+00
1.955898e+01,2.509015e+00,6.948113e+00,-1.105598e-02,-8.895126e-01,1.085293e+00,1.403288e+00
2.365102e+01,2.543458e+00,8.419566e+00,-1.058617e+00,-7.889531e-01,1.218209e+00,1.796427e+00
3.404808e-01,1.309909e+00,1.015028e+01,-3.483622e-01,-4.375959e-01,-1.451601e+00,1.555632e+00
1.736891e+01,1.810059e-01,5.650396e+00,5.758634e-01,3.624176e-01,4.410834e-01,8.108760e-01
2.118496e+01,3.399284e+00,5.282845e+00,-1.160867e+00,-1.281451e+00,6.523252e-01,1.848042e+00
2.314346e+01,2.383271e+01,8.200805e+00,-2.041915e-01,5.897726e-01,1.416546e+00,1.547944e+00
2.081950e+01,6.037290e-01,9.610699e+00,-2.040059e+00,1.407688e+00,-2.274804e+00,3.364247e+00
8.464982e-02,2.350695e+01,8.933417e+00,-1.352485e+00,7.439633e-01,-8.420059e-01,1.758315e+00
1.959675e+01,5.462923e-01,8.144690e+00,-3.261288e-01,1.382713e-01,-2.543076e-01,4.360634e-01
1.484523e+00,1.426920e+00,7.638241e+00,2.668372e-01,5.170510e-01,-7.956199e-01,9.856748e-01
1.628299e+00,2.860278e+00,8.864388e+00,-7.971064e-01,-9.322291e-01,-1.431855e+00,1.885375e+00
2.378884e+01,5.592768e-01,1.161932e+01,5.122750e-01,5.965997e-01,-7.455670e-01,1.083618e+00
6.019245e-01,9.517416e-01,9.237343e+00,-7.447238e-01,4.747604e-01,3.965254e-01,9.681133e-01
3.348898e+00,2.287452e+01,9.728066e+00,-4.674539e-01,-2.858853e-01,7.672095e-01,9.427905e-01
1.424191e+00,3.998118e+00,9.071069e+00,1.498969e+00,4.386515e-01,6.697362e-01,1.699374e+00
8.074075e-01,4.864610e+00,1.058744e+01,-1.891289e-01,6.054364e-01,-1.279627e+00,1.428204e+00
2.638499e+00,3.244249e+00,8.719515e+00,3.270881e-01,-1.297404e+00,-3.239093e-01,1.376649e+00
2.180981e+00,4.063997e-01,7.165625e+00,-5.123561e-01,1.038971e+00,1.358910e+00,1.785667e+00
3.504986e+00,6.765737e+00,4.394280e+00,-2.290638e-01,1.707881e+00,2.063229e+00,2.688167e+00
2.574980e+00,4.621863e+00,1.118944e+01,-5.190320e-02,1.000651e-01,1.037586e+00,1.043692e+00
2.207892e+00,7.338812e+00,9.402393e+00,-1.059738e+00,9.575750e-01,-8.185497e-01,1.646214e+00
5.349040e+00,4.598984e+00,6.373160e+00,-2.209893e-01,8.157503e-01,-8.131006e-01,1.172782e+00
6.928664e+00,3.326285e+00,8.885468e+00,8.290519e-01,-6.257279e-01,5.498320e-01,1.175235e+00
4.971013e+00,5.207318e+00,8.526560e+00,1.244310e-01,-8.752064e-01,-8.869913e-01,1.252287e+00
5.331156e+00,4.213718e+00,1.006331e+01,3.558586e-01,-1.267097e+00,-4.810848e-01,1.401290e+00
1.088683e+01,4.757750e+00,6.052372e+00,-4.141133e-01,6.462064e-01,9.132273e-01,1.192919e+00
7.878924e+00,3.677466e+00,8.264841e+00,-9.653921e-01,-5.030859e-01,-1.367203e-01,1.097164e+00
8.481908e+00,6.957366e+00,1.067823e+01,-9.297251e-01,3.460937e-01,-8.587065e-01,1.312077e+00
3.001471e+00,6.410540e-01,8.061033e+00,-5.994642e-01,-3.757231e-01,-5.557120e-01,8.996338e-01
9.501540e+00,2.684841e+00,6.251658e+00,-4.736534e-01,-3.790029e-01,-1.212260e+00,1.355568e+00
9.390182e+00,4.892379e+00,1.015838e+01,3.587735e-01,-5.149032e-01,7.322376e-01,9.643731e-01
1.116057e+01,5.307489e+00,9.141586e+00,7.980715e-01,1.335767e+00,1.548707e+00,2.195378e+00
8.934846e+00,1.504761e+00,1.403498e+01,2.988523e-01,1.490600e+00,8.343124e-01,1.734150e+00
1.310177e+01,2.303832e+00,1.071576e+01,-1.714665e-01,-2.154925e-01,1.352263e+00,1.380019e+00
1.199237e+01,4.054208e+00,9.167646e+00,-5.546977e-01,7.579541e-01,-3.760760e-02,9.399991e-01
1.246399e+01,5.353359e+00,1.044798e+01,-1.086666e+00,-5.647411e-01,8.798835e-02,1.227810e+00
3.590020e+00,1.381114e+00,1.206139e+01,4.240553e-01,1.662385e+00,-1.457967e-01,1.721802e+00
1.290941e+01,4.918685e+00,7.660809e+00,-5.465932e-01,9.860569e-01,-1.653876e+00,2.001594e+00
1.251644e+01,4.297662e+00,1.009170e+01,-1.129073e+00,1.269827e-01,1.864991e-01,1.151396e+00
1.176505e+01,5.952552e+00,1.174113e+01,9.284721e-02,-1.979091e-01,-6.353252e-01,6.718830e-01
1.267855e+01,6.225086e+00,8.913141e+00,-5.587723e-01,-6.069629e-02,2.023662e+00,2.100266e+00
1.525223e+01,5.405634e-01,8.039435e+00,5.872028e-01,-1.665496e+00,2.389419e+00,2.971196e+00
1.556217e+01,4.415976e+00,8.033831e+00,-9.978892e-01,4.484571e-01,-8.604308e-01,1.391847e+00
1.645519e+01,2.428291e+00,1.068387e+01,2.046540e+00,-8.190619e-01,5.373327e-01,2.268902e+00
1.430213e+01,7.812874e+00,1.065088e+01,-9.951907e-01,1.974932e-01,1.967152e+00,2.213390e+00
1.574410e+01,5.365552e+00,1.286407e+01,-1.560841e-01,1.259190e-01,-1.601047e+00,1.613558e+00
1.700132e+01,2.237189e+00,9.815549e+00,4.539633e-01,1.793533e+00,-3.933676e-02,1.850511e+00
1.723737e+01,5.144734e+00,9.904428e+00,-3.438943e-02,1.153003e+00,2.808228e-01,1.187207e+00
1.583606e+01,3.771501e+00,8.732967e+00,1.550100e+00,-1.016060e+00,2.171172e+00,2.854676e+00
1.859155e+01,2.562889e+00,6.356091e+00,1.535423e-01,-9.410306e-01,4.615472e-01,1.059311e+00
2.012338e+01,5.255850e+00,7.977570e+00,2.149845e-01,2.283011e-01,-2.790236e+00,2.807803e+00
2.011678e+01,3.582914e+00,1.088903e+01,3.592055e-01,-6.166176e-01,6.926610e-01,9.944975e-01
1.833157e+01,4.297482e+00,8.539842e+00,1.338936e+00,-1.368175e+00,7.803071e-01,2.067252e+00
2.031565e+01,2.370395e+01,6.593722e+00,1.040257e+00,-1.203240e+00,-6.269350e-01,1.709669e+00
1.938172e+01,4.376114e+00,1.057716e+01,1.134901e+00,-9.147422e-01,4.046296e-02,1.458215e+00
2.142713e+01,7.930027e+00,6.623386e+00,-6.035884e-01,4.592627e-03,-6.695486e-01,9.014630e-01
2.188571e+01,4.764687e+00,1.047026e+01,6.339107e-01,7.562501e-01,7.404214e-01,1.233686e+00
2.063438e+01,1.332768e+00,5.759783e+00,9.469624e-01,-6.400109e-01,-1.289932e+00,1.723449e+00
1.970398e+01,3.285651e+00,8.805722e+00,-2.556288e-02,-4.654820e-01,1.970320e+00,2.024719e+00
2.033220e+01,3.446621e+00,7.907841e+00,8.038492e-01,1.388894e+00,7.777984e-02,1.606627e+00
2.285580e+01,4.513805e+00,9.420885e+00,-1.536591e+00,8.102933e-01,-1.743676e+00,2.461320e+00
2.028314e+01,1.259650e+00,8.464589e+00,-8.826257e-01,3.617294e-01,6.037565e-01,1.128892e+00
4.214644e+00,1.833200e+00,8.395610e+00,-7.729008e-01,1.863716e+00,-3.961158e-01,2.056142e+00
2.277784e+01,2.761875e+00,1.155588e+01,7.468018e-01,1.625360e+00,1.510361e+00,2.341089e+00
1.154040e+00,6.889599e-01,6.736562e+00,1.268292e+00,-7.425403e-01,-7.600041e-01,1.654550e+00
3.035775e+00,3.692537e+00,9.568780e+00,3.204528e-01,4.122812e-01,5.611846e-02,5.251809e-01
2.377370e+01,4.016376e+00,1.007645e+01,2.248456e-01,1.729809e-01,5.292574e-01,6.004925e-01
1.056321e+00,3.997397e+00,1.016649e+01,-3.785884e-01,-6.811704e-01,1.105900e-01,7.871165e-01
2.257685e+01,7.371082e+00,8.052098e+00,1.442559e+00,-9.243071e-02,-1.031023e+00,1.775536e+00
3.500520e+00,4.530878e+00,7.070489e+00,-2.050325e+00,1.555477e+00,-3.932153e-01,2.603451e+00
2.207159e+01,6.887773e+00,8.916907e+00,3.898853e-02,8.063279e-01,-1.050012e+00,1.324466e+00
2.363977e+00,4.392519e+00,8.954357e+00,-3.453700e-01,-4.478214e-01,5.440059e-02,5.681407e-01
3.128368e+00,5.323384e+00,1.042864e+01,-1.199298e+00,-3.788995e-01,2.059066e+00,2.412806e+00
3.670186e+00,2.819692e+00,9.366764e+00,-8.422545e-01,-1.117193e+00,1.035439e+00,1.740588e+00
5.462463e+00,5.494674e+00,9.473506e+00,3.932338e-01,-1.463231e+00,-7.890073e-02,1.517203e+00
5.302817e+00,4.804881e+00,7.482655e+00,-4.064864e-01,7.984500e-01,2.447813e-01,9.288011e-01
6.291624e+00,4.360746e+00,1.053064e+01,2.407960e-01,2.146712e-01,4.143664e-02,3.252437e-01
7.063208e+00,6.748852e+00,1.055655e+01,1.534683e+00,-3.332925e-01,1.513493e+00,2.181053e+00
6.334184e+00,4.644638e+00,6.921574e+00,8.644335e-02,-2.177968e+00,6.086346e-02,2.180532e+00
7.823119e+00,3.039406e+00,1.064830e+01,1.039740e+00,-1.815350e+00,4.921579e-01,2.149133e+00
6.448491e+00,6.348903e+00,9.017917e+00,-5.573437e-01,1.191650e+00,9.442914e-01,1.619366e+00
9.361893e+00,3.734939e+00,6.640103e+00,-1.184985e+00,-8.142121e-02,3.464921e-01,1.237286e+00
1.079250e+01,8.113206e+00,8.438131e+00,-6.697204e-01,-9.865159e-01,9.660057e-01,1.534570e+00
9.307450e+00,5.004014e+00,1.159946e+01,1.088650e+00,2.709838e-01,9.375550e-01,1.462053e+00
8.579383e+00,7.083850e+00,7.382352e+00,7.896408e-01,5.095632e-01,-2.144973e+00,2.341814e+00
6.771168e+00,4.363022e+00,8.440724e+00,8.552032e-01,3.795912e-01,-1.485685e-01,9.473831e-01
8.276612e+00,5.508440e+00,5.946574e+00,1.214013e+00,1.287534e+00,1.704863e+00,2.457260e+00
9.850603e+00,4.631104e+00,1.280789e+01,-3.222645e-01,-3.079747e-01,-1.037895e+00,1.129570e+00
5.885490e+00,3.385564e+00,8.428342e+00,-1.743387e-01,-1.172216e+00,-1.153357e-01,1.190708e+00
7.410290e+00,5.269969e+00,9.283559e+00,-5.969131e-01,-1.374847e+00,-5.491222e-01,1.596260e+00
1.261544e+01,8.413574e+00,1.040301e+01,-2.332046e-01,1.581652e+00,1.642972e+00,2.292458e+00
9.364166e+00,6.754325e+00,1.022998e+01,1.611131e+00,-2.799665e-01,5.922157e-02,1.636347e+00
1.197920e+01,5.939358e+00,8.081589e+00,-2.062220e-01,1.320036e+00,-3.236653e-01,1.374693e+00
1.043321e+01,3.692650e+00,1.257675e+01,5.700937e-01,-7.559280e-02,8.422637e-01,1.019867e+00
1.145121e+01,5.535489e+00,6.703036e+00,6.367013e-01,3.037506e-01,-1.054671e-01,7.132855e-01
1.338215e+01,6.202727e+00,9.949466e+00,-1.592462e+00,1.231336e-01,-1.114252e+00,1.947474e+00
1.145237e+01,7.904591e+00,1.322817e+01,1.270630e-01,1.416137e+00,2.301533e-01,1.440333e+00
1.401540e+01,5.381801e+00,7.486385e+00,-7.892781e-02,-1.172676e+00,-5.790064e-01,1.310209e+00
1.597431e+01,7.525941e+00,9.553623e+00,-6.103846e-01,-6.249355e-01,3.004372e-01,9.237836e-01
1.545412e+01,4.901335e+00,1.008907e+01,-5.841497e-01,-1.714430e+00,-1.078631e+00,2.108067e+00
1.403944e+01,3.035704e+00,1.146264e+01,1.655516e-01,1.349777e+00,-3.896594e-01,1.414616e+00
1.319443e+01,5.187526e+00,9.634651e+00,4.795891e-01,4.251973e-01,-2.167875e-01,6.766057e-01
1.634863e+01,6.188830e+00,1.121911e+01,-5.740095e-01,-4.508868e-01,5.249421e-01,8.990829e-01
1.797917e+01,5.842800e+00,1.066029e+01,-8.142601e-02,2.261924e+00,1.132295e+00,2.530814e+00
1.904578e+01,5.606206e+00,1.044125e+01,2.885252e-01,4.246872e-01,-8.047475e-01,9.545808e-01
1.563226e+01,5.426649e+00,7.889215e+00,9.129688e-01,5.442172e-01,-9.893523e-01,1.452068e+00
1.807735e+01,7.818381e+00,8.076137e+00,-9.133937e-01,7.140965e-01,1.669885e-01,1.171370e+00
1.930889e+01,3.183818e+00,7.839552e+00,-1.126054e+00,-1.724234e-01,1.088397e+00,1.575543e+00
1.937180e+01,7.788411e+00,3.391551e+00,-4.374851e-01,-4.978035e-01,2.650245e-01,7.137503e-01
1.989228e+01,6.185836e+00,7.548591e+00,-1.010367e+00,-1.983435e+00,-2.923158e-02,2.226142e+00
2.122072e+01,5.987725e+00,9.153317e+00,1.796280e+00,6.263572e-01,-1.228409e+00,2.264494e+00
2.307495e+01,3.802856e+00,1.103025e+01,-1.250957e+00,5.886884e-01,9.020832e-01,1.650818e+00
1.517511e+01,5.343819e+00,1.135827e+01,-1.347843e-01,3.696003e-01,-1.656801e-02,3.937585e-01
2.066207e+01,6.877470e+00,7.109504e+00,-5.140353e-01,1.782947e-01,5.511451e-01,7.744561e-01
2.116063e+01,6.018845e+00,6.865973e+00,5.367247e-01,-1.676242e+00,4.943910e-02,1.760768e+00
2.119121e+01,8.003769e+00,1.082173e+01,1.938140e+00,6.667176e-01,-3.700231e-01,2.082743e+00
2.344172e+01,3.045070e+00,9.982605e+00,-1.846924e-01,1.290917e-01,5.608140e-01,6.043909e-01
2.312967e+01,3.498344e+00,8.890023e+00,-6.355743e-01,-1.145030e+00,2.595651e-01,1.335074e+00
2.132017e+01,1.518024e+00,7.415273e+00,-1.303053e+00,1.274711e-01,2.404073e+00,2.737474e+00
3.032675e+00,1.893160e+00,7.986942e+00,1.195406e+00,2.663501e-01,-5.015222e-01,1.323428e+00
2.170797e+01,2.911661e+00,9.723680e+00,-7.968779e-01,7.500983e-01,1.227921e+00,1.644826e+00
2.306046e+01,6.520411e+00,8.612005e+00,2.910635e-01,8.810429e-01,9.523537e-01,1.329636e+00
5.396688e-01,6.875608e+00,1.081034e+01,6.201275e-01,-4.349597e-01,-3.417417e-01,8.309846e-01
2.242522e+00,4.842139e+00,7.923776e+00,3.062820e-01,1.841215e+00,-1.274222e+00,2.259983e+00
2.392786e+01,6.343333e+00,7.927324e+00,-9.581340e-01,-3.741156e-02,-3.200531e-01,1.010868e+00
1.166977e-01,4.389714e+00,7.676353e+00,-6.539709e-01,1.653547e-01,-3.586552e-01,7.639723e-01
2.290109e+01,6.022239e+00,6.079871e+00,8.077673e-01,-5.670540e-01,-1.543919e-01,9.989370e-01
1.003553e-01,8.096948e+00,8.200046e+00,8.673704e-01,-1.370169e+00,-1.743665e+00,2.381189e+00
2.290208e+01,6.209113e+00,1.248070e+01,-1.390279e-01,-1.524382e+00,6.527212e-01,1.664066e+00
2.325665e+01,5.558371e+00,7.925796e+00,-1.083992e+00,2.386404e-01,-1.034350e+00,1.517191e+00
6.800337e+00,7.560259e+00,9.454410e+00,-7.620919e-01,-7.435067e-02,1.117498e+00,1.354664e+00
5.992830e+00,5.347074e+00,1.068825e+01,4.401837e-01,8.175329e-01,-1.224641e+00,1.536837e+00
4.326299e+00,6.000042e+00,1.093346e+01,1.130224e+00,-1.722882e+00,-1.825334e+00,2.752739e+00
4.840369e+00,6.779543e+00,8.917473e+00,-1.932315e-01,-1.223874e+00,-1.103869e+00,1.659437e+00
7.430591e+00,1.005868e+01,9.254256e+00,-5.830095e-01,1.236036e+00,1.473016e-02,1.366713e+00
7.920464e+00,4.891842e+00,7.966905e+00,1.957189e-01,4.832969e-01,-1.736811e-01,5.495880e-01
5.747098e+00,7.525778e+00,1.148939e+01,1.130841e+00,-1.938683e+00,-6.400030e-01,2.333859e+00
1.044978e+01,8.320679e+00,1.266852e+01,2.581878e-01,-4.421098e-01,-8.238724e-01,9.699937e-01
9.592590e+00,7.807431e+00,1.001333e+01,1.700134e-01,1.893401e-01,-9.460049e-01,9.796323e-01
6.395268e+00,8.065870e+00,1.030179e+01,5.699461e-01,1.753426e+00,-1.518677e+00,2.388665e+00
1.084648e+01,7.793476e+00,1.058963e+01,3.939284e-01,3.492482e-01,1.860188e+00,1.933250e+00
9.885745e+00,6.039924e+00,9.558002e+00,5.764914e-01,-1.263578e+00,4.786338e-01,1.469034e+00
1.249882e+01,7.973431e+00,9.322143e+00,5.940353e-01,4.412733e-01,-2.002978e-01,7.666285e-01
1.054573e+01,6.792709e+00,1.094482e+01,1.273750e+00,-1.228360e+00,5.150383e-01,1.842978e+00
1.042205e+01,8.858205e+00,1.021344e+01,-1.663331e+00,-2.085168e+00,-4.895419e-01,2.711872e+00
1.311757e+01,5.963230e+00,7.778533e+00,-1.507803e+00,-2.657314e+00,-3.948423e-01,3.080696e+00
9.350016e+00,8.367291e+00,7.545673e+00,-3.202612e-02,1.033145e+00,1.133225e-02,1.033704e+00
9.700360e+00,7.303397e+00,1.109077e+01,-2.206306e+00,-1.790033e-01,8.286269e-01,2.363567e+00
1.511745e+01,7.227220e+00,1.010240e+01,1.540121e+00,7.166671e-01,1.771550e+00,2.454379e+00
1.486612e+01,8.806456e+00,1.133915e+01,-1.109217e+00,-2.948885e-01,-6.896210e-01,1.338992e+00
1.731737e+01,4.690924e+00,8.722720e+00,-1.345832e+00,1.810319e-02,8.094771e-01,1.570619e+00
1.432398e+01,5.340870e+00,9.247118e+00,-1.184765e+00,-3.260273e-01,-5.684477e-01,1.353919e+00
1.126414e+01,7.047586e+00,6.298050e+00,-9.430142e-02,1.497812e+00,7.938175e-01,1.697786e+00
1.684052e+01,8.143835e+00,1.144244e+01,-8.239039e-01,1.923759e+00,3.693231e-01,2.125103e+00
1.548920e+01,7.578789e+00,1.232765e+01,5.981020e-01,1.646602e+00,-6.330588e-01,1.862737e+00
1.641228e+01,9.853871e+00,1.271452e+01,4.745576e-02,5.011840e-01,-4.769053e-01,6.934523e-01
1.430265e+01,6.541663e+00,9.435993e+00,7.432074e-01,4.008053e-01,-3.756951e-01,9.242018e-01
1.503385e+01,5.977891e+00,1.216155e+01,1.634315e+00,-8.414400e-01,4.094179e-01,1.883250e+00
1.806378e+01,9.375762e+00,1.082042e+01,-9.322610e-01,1.231688e-01,2.600879e-01,9.756674e-01
1.781797e+01,7.660234e+00,5.671955e+00,6.341101e-01,1.271866e-01,1.150263e+00,1.319613e+00
2.190964e+01,8.574545e+00,7.603383e+00,-4.498226e-01,3.869882e-01,-4.833503e-01,7.653285e-01
1.732943e+01,9.105884e+00,1.289442e+01,2.699158e-01,-1.498950e-02,-6.370507e-01,6.920352e-01
2.111119e+01,5.566507e+00,1.138826e+01,-1.110509e+00,1.374070e-03,-5.697401e-01,1.248133e+00
1.738820e+01,7.367116e+00,1.209789e+01,-2.898729e-01,-1.823048e+00,3.871496e-01,1.886111e+00
2.060657e+01,6.287476e+00,1.005808e+01,-2.158985e-01,-2.743262e+00,-9.219603e-02,2.753289e+00
1.998990e+01,8.630085e+00,9.341760e+00,4.998635e-01,-2.670860e-01,1.502405e-01,5.863196e-01
1.842295e+01,1.007765e+01,7.637104e+00,-2.932536e-01,1.037908e+00,-1.226893e+00,1.633560e+00
1.932933e+01,8.721441e+00,6.321698e+00,-1.045536e+00,-4.761826e-02,-1.849252e+00,2.124888e+00
1.846600e+01,8.081850e+00,1.055128e+01,-5.170358e-01,-5.533973e-01,3.610911e-01,8.390240e-01
2.368868e+01,5.771516e+00,9.699756e+00,-1.335948e-01,1.276954e+00,-7.353172e-02,1.286028e+00
1.706817e+00,6.147680e+00,1.203095e+01,5.658560e-01,-1.460008e+00,-1.368351e+00,2.079471e+00
2.437608e-01,8.637165e+00,9.718477e+00,-1.911686e-01,-5.808249e-01,-1.330394e+00,1.464190e+00
1.981189e+01,9.615919e+00,6.184373e+00,1.080861e+00,-7.822047e-01,-1.400558e+00,1.934339e+00
1.918363e+01,8.484902e+00,8.563295e+00,3.992196e-01,-6.239960e-02,-3.932176e-01,5.638174e-01
9.743775e-01,3.411361e+00,7.281057e+00,1.504745e+00,8.921234e-01,-8.751024e-01,1.956002e+00
2.196745e+01,7.285944e+00,1.075039e+01,5.872064e-01,7.446398e-01,8.603021e-01,1.280398e+00
2.044235e+01,5.349127e+00,9.282388e+00,1.006530e-01,2.104165e+00,1.020564e+00,2.340767e+00
2.385953e+01,8.262856e+00,1.237627e+01,1.189009e+00,-5.016790e-02,-7.923213e-01,1.429697e+00
2.245208e+01,1.113056e+01,1.222870e+01,-1.056320e+00,1.192597e+00,5.161908e-01,1.674680e+00
1.860210e-01,7.051803e+00,8.678205e+00,3.425188e-01,1.216662e-01,-1.394448e+00,1.441044e+00
3.097568e+00,7.799061e+00,6.023456e+00,-1.810712e-01,-1.913753e-01,-9.929240e-01,1.027283e+00
1.046445e+00,8.732393e+00,8.585855e+00,1.683631e-01,4.401871e-01,-2.252658e-01,5.223557e-01
2.286177e+01,6.379960e+00,9.607418e+00,-3.020107e-01,-3.857531e-02,4.835678e-01,5.714336e-01
2.173308e+00,9.989344e+00,1.149908e+01,5.577183e-01,7.640580e-01,-3.714491e-01,1.016272e+00
6.522724e-01,1.006781e+01,9.892053e+00,-1.981059e-01,1.154149e+00,1.946761e-01,1.187099e+00
2.470883e+00,6.855317e+00,8.471117e+00,-2.806580e-01,-1.455761e+00,-6.966818e-01,1.638101e+00
4.089199e+00,7.585153e+00,9.283498e+00,-1.735622e+00,-9.609188e-01,3.627318e-01,2.016760e+00
6.691849e+00,5.802277e+00,9.922862e+00,7.475258e-01,-9.856878e-01,9.880595e-01,1.583236e+00
6.412341e-01,1.056575e+01,8.946798e+00,-9.330664e-02,4.283047e-01,5.828465e-01,7.292881e-01
5.203632e+00,8.045077e+00,1.058591e+01,6.908444e-01,-9.549098e-01,-1.067593e+00,1.590243e+00
5.972347e+00,7.335276e+00,8.766568e+00,4.803712e-01,-3.014627e-01,5.855521e-01,8.151733e-01
7.406589e+00,6.579947e+00,9.472782e+00,-8.686049e-01,-6.290485e-01,3.384561e-01,1.124602e+00
8.788268e+00,5.518985e+00,1.370298e+01,-1.093342e-01,-1.318764e+00,-9.339735e-01,1.619691e+00
1.156106e+01,8.110518e+00,6.670570e+00,2.083619e+00,-4.004220e-01,7.236742e-01,2.241765e+00
8.743289e+00,8.854356e+00,1.201960e+01,-1.156607e-01,1.435248e+00,1.048761e+00,1.781351e+00
8.978439e+00,1.133576e+01,1.083145e+01,3.876253e-01,-1.640127e-01,2.348945e+00,2.386356e+00
4.891456e+00,9.816501e+00,6.654295e+00,-1.074828e+00,6.423407e-01,8.362636e-01,1.505721e+00
1.100392e+01,6.569205e+00,8.102495e+00,-9.666389e-02,-2.905003e-01,-8.019423e-01,8.583973e-01
1.179883e+01,9.046383e+00,1.104803e+01,3.554052e-01,9.891770e-02,5.431442e-01,6.565845e-01
1.278540e+01,7.863921e+00,8.195487e+00,6.150927e-01,-1.148682e+00,4.860850e-01,1.390715e+00
7.841535e+00,1.099377e+01,9.028422e+00,-3.232539e-01,-6.423888e-01,2.324929e-01,7.557840e-01
1.315642e+01,1.005362e+01,7.630446e+00,-5.889947e-02,6.331005e-01,5.159175e-01,8.188139e-01
1.100688e+01,6.213072e+00,4.449668e+00,9.238958e-01,-1.252396e-01,-1.555254e+00,1.813307e+00
1.054191e+01,1.029558e+01,9.446309e+00,-5.179477e-01,-1.658959e+00,-7.183792e-02,1.739418e+00
1.095407e+01,8.836855e+00,9.266089e+00,-3.532556e-01,1.137719e+00,3.417264e-01,1.239343e+00
1.831481e+01,5.706803e+00,8.668256e+00,-6.916631e-01,1.010267e+00,2.934384e-01,1.259024e+00
1.346939e+01,8.579395e+00,6.097814e+00,-1.726842e+00,8.514708e-01,2.183401e-01,1.937694e+00
1.441656e+01,7.675284e+00,1.286786e+01,-4.566935e-01,-2.933948e-01,9.588731e-01,1.101856e+00
1.285620e+01,9.451037e+00,1.046159e+01,1.587886e+00,2.630532e+00,1.435197e-01,3.075984e+00
1.636233e+01,1.090977e+01,1.059174e+01,-1.048945e+00,-1.726740e-02,-5.243932e-01,1.172848e+00
1.943419e+01,1.085162e+01,1.227428e+01,1.918254e-01,3.662046e-01,-8.389339e-01,9.352609e-01
1.820567e+01,1.002815e+01,9.920795e+00,-2.104780e-01,-1.511485e+00,-6.976135e-02,1.527663e+00
1.358253e+01,8.187296e+00,8.913339e+00,3.664916e-02,-2.929626e-01,-2.612695e-01,3.942487e-01
1.550018e+01,1.010568e+01,7.812995e+00,4.673554e-01,8.232619e-01,5.649711e-01,1.102440e+00
1.808815e+01,7.070410e+00,1.043115e+01,-1.324353e+00,1.393126e+00,-9.191817e-01,2.130635e+00
1.881979e+01,7.639433e+00,6.323194e+00,-8.469506e-02,-1.661631e+00,1.857706e+00,2.493845e+00
1.458577e+01,9.509376e+00,7.409256e+00,5.701367e-02,-1.188240e+00,-1.322038e+00,1.778469e+00
1.609802e+01,8.031299e+00,7.470568e+00,4.814045e-02,-2.256693e-01,-2.284472e-01,3.247034e-01
2.288547e+01,6.972226e+00,1.136352e+01,-1.487102e+00,1.093596e+00,-8.102368e-01,2.015914e+00
1.696381e+01,6.365769e+00,1.039172e+01,-6.284075e-01,-5.305310e-02,-1.653887e-01,6.519694e-01
1.687263e+01,9.050612e+00,1.044573e+01,8.613380e-01,-6.362352e-02,-5.517689e-01,1.024890e+00
1.988505e+01,8.121445e+00,5.523518e+00,2.823213e-01,-2.954105e-01,-7.035284e-01,8.135877e-01
2.108801e+01,7.129790e+00,8.725441e+00,5.016536e-01,-1.065165e+00,-6.738113e-01,1.356560e+00
2.287601e+01,8.509873e+00,1.215492e+01,-4.613883e-01,-2.702080e-01,1.269102e-01,5.495432e-01
2.104102e+01,6.642536e+00,1.093022e+01,5.642525e-01,6.344292e-01,1.172679e+00,1.447777e+00
2.068444e+01,8.591294e+00,1.006541e+01,-1.231922e+00,-6.521413e-01,1.588553e-01,1.402910e+00
2.219714e+01,7.916607e+00,9.110210e+00,-1.639281e+00,-2.244119e-01,3.530146e-01,1.691810e+00
2.140827e+01,1.106339e+01,1.113018e+01,2.702138e-02,3.327321e-01,-1.436213e-01,3.634115e-01
1.790850e+01,9.540988e+00,6.244720e+00,-6.596382e-01,1.135745e+00,5.122151e-01,1.409753e+00
2.012789e+01,9.084674e+00,7.219540e+00,7.890236e-01,-2.054698e+00,2.103716e+00,3.044661e+00
2.118317e+01,1.136097e+01,1.011565e+01,8.787239e-02,5.279557e-01,2.424663e-01,5.875787e-01
2.129736e+01,7.854520e+00,9.530256e+00,1.223640e+00,1.078526e+00,1.182655e+00,2.014742e+00
2.122995e+01,8.588997e+00,8.694630e+00,-1.971729e+00,1.839235e-01,-1.729009e+00,2.628881e+00
3.385294e+00,8.652239e+00,1.092197e+01,1.148170e+00,-8.427013e-01,2.052317e-01,1.438944e+00
1.248583e+00,1.125368e+01,5.291278e+00,1.117158e+00,-4.665751e-01,1.369733e+00,1.828087e+00
1.997716e+00,7.544159e+00,7.715646e+00,6.880368e-01,8.231088e-02,5.067842e-01,8.584870e-01
1.124569e+00,1.009283e+01,1.173138e+01,7.605254e-01,-1.714010e+00,-1.728991e+00,2.550615e+00
8.117992e+00,5.898491e+00,8.855249e+00,7.727900e-01,-4.542078e-01,-9.808417e-01,1.328744e+00
1.973756e+00,9.876799e+00,7.726682e+00,-1.304191e+00,1.449537e+00,1.092334e+00,2.235009e+00
3.306676e+00,6.252778e+00,1.097227e+01,-1.612180e-01,1.360931e-01,4.833814e-01,5.274183e-01
2.351471e+01,1.257263e+01,1.207819e+01,-1.215074e+00,5.273969e-01,2.853339e-01,1.354979e+00
1.670325e+00,8.888412e+00,1.356017e+01,1.059949e+00,-1.438033e+00,-2.154470e+00,2.798781e+00
6.673492e+00,8.204390e+00,1.180049e+01,1.305960e-01,5.369930e-01,-1.052257e+00,1.188554e+00
4.973462e+00,1.147475e+01,9.249291e+00,-9.351152e-01,8.773957e-01,-2.662901e-01,1.309647e+00
2.907051e+00,1.035414e+01,7.227524e+00,7.855922e-01,-3.632341e-02,4.281956e-01,8.954474e-01
3.705990e+00,7.535026e+00,1.016306e+01,6.580035e-01,-1.722154e-01,-2.678724e+00,2.763727e+00
4.107326e+00,1.471512e+01,1.054153e+01,-4.864835e-02,7.560369e-01,-1.996494e-01,7.834657e-01
7.123929e+00,9.788772e+00,1.025206e+01,-1.320337e+00,2.156612e+00,-3.163535e-01,2.548401e+00
7.812381e+00,7.419947e+00,9.930522e+00,-6.688753e-01,7.316964e-01,-2.848180e-01,1.031453e+00
1.126657e+01,7.259629e+00,8.831218e+00,-3.536767e-01,-7.079080e-01,-3.288374e+00,3.382251e+00
6.590467e+00,9.525153e+00,8.463867e+00,9.541665e-01,2.335852e+00,4.078089e-01,2.555963e+00
5.330776e+00,9.011827e+00,9.520089e+00,3.694046e-01,1.032782e+00,4.502398e-01,1.185670e+00
6.372073e+00,1.325825e+01,9.731238e+00,-1.156959e+00,-2.680466e+00,1.326961e+00,3.206911e+00
1.132039e+01,1.134658e+01,8.934125e+00,-6.568762e-01,-1.424705e+00,2.798837e-01,1.593614e+00
8.524448e+00,1.023317e+01,9.146937e+00,3.788567e-01,-3.740539e-01,5.870248e-01,7.924940e-01
1.043579e+01,7.806841e+00,9.365478e+00,-2.803629e-01,1.080786e+00,5.134468e-01,1.228955e+00
1.052708e+01,1.035421e+01,1.055146e+01,-3.671511e-01,-4.591253e-01,-2.787874e-01,6.506292e-01
1.401212e+01,6.413178e+00,7.741705e+00,9.506330e-01,-1.255283e+00,-1.644059e+00,2.276482e+00
1.147654e+01,7.419141e+00,7.541599e+00,-2.064329e-01,3.835329e-01,2.305624e-01,4.928195e-01
9.917808e+00,9.580039e+00,1.079786e+01,-3.586289e-01,5.004386e-01,6.123867e-01,8.683726e-01
1.468403e+01,8.495342e+00,8.198070e+00,3.434697e-01,2.725521e-01,3.907559e-01,5.873212e-01
1.635141e+01,8.074695e+00,1.048559e+01,1.945541e+00,8.805199e-01,2.291961e-02,2.135643e+00
1.827110e+01,1.055505e+01,9.037352e+00,-2.173361e-01,1.154953e+00,4.502083e-01,1.258506e+00
1.552779e+01,7.154042e+00,6.007458e+00,-2.583721e-01,-6.770500e-01,2.594849e-01,7.697306e-01
1.235346e+01,1.170858e+01,9.048219e+00,-9.740806e-01,-9.358148e-01,5.761345e-03,1.350783e+00
1.535718e+01,5.571930e+00,9.235876e+00,-2.013068e+00,-4.826982e-01,-3.569266e-01,2.100675e+00
1.372552e+01,1.202870e+01,1.069690e+01,9.175587e-01,8.924184e-01,-7.083836e-01,1.462919e+00
1.446893e+01,8.741156e+00,9.289875e+00,1.828163e-03,1.017567e-01,-6.604967e-01,6.682916e-01
1.450317e+01,1.227592e+01,8.494388e+00,-6.270438e-01,-1.420227e-01,4.280938e-02,6.443501e-01
1.650490e+01,1.171430e+01,1.140643e+01,2.889028e-01,1.194685e+00,-4.912450e-01,1.323654e+00
2.086747e+01,1.371775e+01,8.840829e+00,-8.020589e-01,-2.504880e-01,-5.951190e-02,8.423684e-01
1.752195e+01,8.024851e+00,9.909948e+00,1.723867e-01,5.789273e-01,3.953942e-01,7.219491e-01
1.653719e+01,1.327621e+01,1.239347e+01,3.327819e-01,1.926821e-01,1.383686e+00,1.436126e+00
2.343737e+01,7.530821e+00,1.087390e+01,1.361385e+00,4.015674e-01,7.787827e-01,1.618990e+00
1.690872e+01,1.024740e+01,9.946932e+00,-7.414332e-01,-1.592105e+00,2.420639e-01,1.772883e+00
2.340874e+01,7.396199e+00,1.232209e+01,1.057721e+00,8.770370e-01,4.366895e-01,1.441758e+00
1.651993e+01,1.053568e+01,1.180257e+01,-6.196876e-01,-7.207487e-01,-1.860167e+00,2.088950e+00
1.913111e+01,9.370381e+00,1.142887e+01,-1.548640e+00,1.233718e+00,-8.909594e-02,1.981990e+00
2.188840e+01,1.187413e+01,8.141396e+00,-1.174940e+00,-4.367930e-01,6.885661e-01,1.430173e+00
2.040803e+01,1.099675e+01,1.286311e+01,3.084425e-02,-3.553768e-01,4.233893e-02,3.592167e-01
1.753152e+01,1.137638e+01,1.155885e+01,6.386114e-01,-1.731702e-01,-7.098736e-01,9.704293e-01
2.334591e+01,1.117496e+01,9.137232e+00,-1.559037e+00,7.694601e-01,8.492196e-01,1.934900e+00
2.390993e+01,9.139048e+00,7.812880e+00,7.440231e-01,-1.714246e+00,-1.678565e+00,2.511930e+00
2.165750e+01,1.034234e+01,1.046987e+01,6.163685e-01,-1.839079e+00,-1.223120e-01,1.943472e+00
1.694805e-02,1.192233e+01,1.121889e+01,-2.038592e-01,-1.726264e+00,7.817259e-01,1.905949e+00
2.132950e+01,1.016140e+01,7.539810e+00,-6.842526e-01,-8.476789e-01,1.548926e+00,1.893656e+00
2.273856e+01,1.208876e+01,1.285894e+01,-5.971816e-01,-1.991153e+00,2.219979e+00,3.041319e+00
5.246609e-01,9.244879e+00,1.187043e+01,1.298422e+00,1.079174e+00,6.905918e-01,1.824126e+00
2.053629e+01,1.362420e+01,1.003372e+01,6.839312e-01,2.411582e-02,1.136666e-01,6.937317e-01
2.278734e+01,9.618924e+00,9.282380e+00,1.042860e-03,-1.200090e+00,1.198295e+00,1.695915e+00
6.596368e-01,9.925163e+00,8.077445e+00,1.671135e-01,3.400416e-01,1.417771e-01,4.045442e-01
2.356734e+01,1.112520e+01,1.048684e+01,9.536363e-01,9.784428e-01,1.457876e-01,1.374055e+00
1.498074e+00,1.059064e+01,8.111248e+00,-1.426697e+00,9.369840e-01,-1.266474e+00,2.125408e+00
3.240559e+00,1.173865e+01,5.727474e+00,-1.489679e+00,-7.125727e-01,2.280483e-02,1.651492e+00
2.407078e+00,1.483386e+01,6.878495e+00,4.146778e-01,2.243124e-01,-6.668443e-01,8.166732e-01
2.139739e+00,8.163718e+00,8.652938e+00,8.600007e-02,8.384441e-01,-2.431540e-01,8.772163e-01
1.293660e+00,1.201805e+01,9.141026e+00,-4.902005e-01,1.266374e-01,2.134160e+00,2.193393e+00
1.611333e-02,1.536505e+01,1.159517e+01,-1.187187e-02,1.342553e+00,-2.169425e-01,1.360019e+00
3.816676e+00,1.020082e+01,6.685382e+00,1.532739e-01,-1.538328e+00,2.951332e-01,1.573865e+00
8.964095e-01,1.242160e+01,1.177609e+01,1.148826e+00,1.022051e+00,9.819555e-02,1.540790e+00
3.090272e+00,1.571235e+01,6.466520e+00,1.798408e+00,-9.240421e-01,1.236091e+00,2.369820e+00
1.789957e+00,1.023755e+01,9.708453e+00,-1.728267e-01,-1.029972e+00,-9.513360e-01,1.412711e+00
8.126925e+00,1.579151e+01,9.019760e+00,2.211599e-01,3.656854e-03,-1.288154e+00,1.307006e+00
4.389301e+00,9.295660e+00,8.811855e+00,-1.281531e+00,-1.153850e+00,8.760981e-02,1.726664e+00
4.270307e+00,1.424028e+01,6.606833e+00,-5.855575e-02,-1.046091e+00,-7.822314e-01,1.307524e+00
5.566007e+00,1.315827e+01,8.299723e+00,6.226870e-01,2.797508e-01,4.848437e-01,8.373010e-01
5.704201e+00,1.068278e+01,9.307961e+00,-2.797431e+00,-5.342136e-01,3.223970e+00,4.301743e+00
3.892575e+00,1.069229e+01,8.524576e+00,-3.490785e-01,-1.388988e-02,9.326132e-01,9.958997e-01
3.830530e+00,1.058533e+01,1.285038e+01,2.857011e-01,8.294444e-01,-3.879360e-01,9.592171e-01
1.035918e+01,1.248730e+01,1.076354e+01,-1.320662e+00,1.507901e+00,2.203232e-01,2.016545e+00
1.241713e+01,1.030908e+01,9.815165e+00,-2.594031e-01,-4.723847e-02,2.761477e-01,3.818102e-01
7.373963e+00,1.171218e+01,9.750785e+00,-9.477901e-01,-5.164958e-01,1.149485e+00,1.576829e+00
4.317510e+00,1.436306e+01,8.674265e+00,3.847350e-01,-9.444729e-01,-1.308762e-01,1.028192e+00
1.281365e+01,1.381671e+01,9.860813e+00,2.124644e-01,6.446257e-02,2.247213e-01,3.159054e-01
1.377718e+01,1.483724e+01,7.706469e+00,3.935965e-01,9.634864e-01,1.902305e-01,1.058023e+00
9.017919e+00,9.153309e+00,1.111111e+01,1.041973e+00,-1.659084e+00,7.928778e-01,2.113510e+00
8.070511e+00,1.212587e+01,8.974882e+00,-1.056076e+00,2.831325e-02,1.683910e+00,1.987876e+00
9.117403e+00,1.023144e+01,1.098329e+01,-5.341881e-01,2.741280e-01,9.419466e-03,6.004930e-01
1.604790e+01,1.187367e+01,9.561759e+00,1.075315e+00,8.320912e-02,6.667005e-01,1.267957e+00
1.399162e+01,1.031986e+01,9.784569e+00,6.493027e-01,-1.401870e-01,4.382176e-01,7.957896e-01
1.035863e+01,1.350380e+01,9.144577e+00,9.834423e-01,2.910641e-01,-1.780541e+00,2.054800e+00
1.284603e+01,1.008501e+01,1.139202e+01,-2.105461e+00,1.222942e+00,1.498973e+00,2.859278e+00
1.565580e+01,7.423578e+00,8.275005e+00,1.352021e+00,-1.261635e+00,1.978067e+00,2.707847e+00
1.679141e+01,1.336263e+01,8.617544e+00,1.719797e+00,2.591940e-01,-9.982675e-01,2.005348e+00
1.545168e+01,9.451434e+00,1.062923e+01,5.840741e-01,-6.255363e-01,1.060955e+00,1.363108e+00
1.556833e+01,1.149858e+01,1.046287e+01,-5.742548e-01,1.528035e+00,5.738523e-01,1.730308e+00
2.150410e+01,1.471583e+01,1.320255e+01,2.579250e-01,1.268294e+00,-1.212258e+00,1.773320e+00
1.801332e+01,1.285314e+01,8.681962e+00,1.340477e+00,-9.746136e-01,-5.227652e-01,1.737824e+00
1.512154e+01,1.071302e+01,9.311961e+00,-1.158027e+00,2.023248e+00,2.707667e-01,2.346886e+00
1.886859e+01,1.512793e+01,7.600960e+00,1.951202e+00,8.896894e-01,7.068033e-01,2.257943e+00
1.919395e+01,1.413652e+01,1.004716e+01,-7.617073e-01,-1.269444e+00,1.370158e+00,2.017181e+00
1.766668e+01,1.081344e+01,7.997886e+00,8.599937e-01,1.568201e+00,-1.096836e+00,2.098069e+00
1.845708e+01,1.627652e+01,9.842527e+00,3.824750e-01,1.893689e+00,-7.053015e-02,1.933214e+00
1.619349e+01,1.084978e+01,9.252731e+00,4.033598e-01,5.707780e-01,-1.426754e+00,1.588746e+00
2.129710e+01,1.063500e+01,1.212089e+01,-4.481308e-01,-2.850001e-01,-1.074645e-01,5.418440e-01
2.035050e+01,1.105333e+01,1.179609e+01,-4.425288e-01,-5.996044e-02,2.574558e-01,5.154712e-01
1.941161e+01,1.045521e+01,1.133369e+01,-1.209833e+00,1.156628e+00,-1.502819e-01,1.680497e+00
2.260521e+01,1.108660e+01,1.327165e+01,4.270606e-01,4.237713e-01,-6.179283e-01,8.624374e-01
2.100906e+01,1.464420e+01,1.224261e+01,7.377182e-02,-1.819223e-01,1.517592e-01,2.481307e-01
2.120274e+01,1.189899e+01,1.574398e+01,-1.302800e+00,1.288846e+00,-1.605929e-01,1.839621e+00
2.150915e+01,1.175671e+01,9.148999e+00,7.500093e-01,-9.332210e-01,-1.183077e-01,1.203084e+00
2.206180e+01,8.985243e+00,9.344126e+00,-1.493040e+00,-1.524266e+00,-1.217876e+00,2.456782e+00
2.245392e+01,1.284491e+01,1.191797e+01,-5.438895e-01,-1.233400e+00,-1.275184e+00,1.855582e+00
2.256414e+01,1.073430e+01,1.110636e+01,9.619988e-01,-8.094550e-02,8.103119e-01,1.260396e+00
2.077403e+01,1.192160e+01,1.136402e+01,4.661501e-01,-8.303524e-01,-9.897644e-01,1.373468e+00
2.343355e+01,1.300517e+01,1.332211e+01,-8.963981e-01,6.930716e-01,-1.653220e+00,2.004249e+00
5.026485e+00,1.598655e+01,6.695296e+00,-6.216578e-01,-8.606783e-01,-6.625240e-01,1.251465e+00
1.276660e+00,1.661129e+01,6.956402e+00,-1.931661e+00,1.093074e+00,-9.651236e-01,2.420245e+00
1.074268e+00,1.924741e+01,9.556296e+00,-4.156342e-01,-3.151953e-01,3.731176e-01,6.413397e-01
3.690880e+00,1.187773e+01,9.914068e+00,2.085999e-01,5.517453e-01,7.691075e-01,9.692591e-01
4.395239e+00,1.236803e+01,7.674061e+00,6.159111e-01,-1.156308e+00,-4.171740e-01,1.374928e+00
9.140602e-01,1.062711e+01,7.268571e+00,1.723687e-01,-8.880644e-01,-4.383248e-02,9.056990e-01
1.053312e+00,1.473043e+01,6.276630e+00,9.118507e-01,-6.825692e-01,-5.344831e-01,1.258191e+00
4.879063e+00,1.550108e+01,5.663135e+00,3.492668e-01,1.126327e+00,2.986441e-01,1.216466e+00
6.443162e+00,1.756164e+01,1.260072e+01,6.733030e-01,2.080601e-01,2.246310e+00,2.354259e+00
5.716332e+00,1.708610e+01,6.346850e+00,-7.388395e-01,1.298398e+00,4.121783e-01,1.549714e+00
2.370675e+00,1.054499e+01,8.739687e+00,1.347285e+00,1.791999e+00,-2.448105e-01,2.255298e+00
7.613652e+00,1.793153e+01,9.301470e+00,1.326555e+00,1.460096e+00,8.409590e-03,1.972739e+00
5.906533e+00,1.643860e+01,8.411339e+00,-1.056960e+00,-9.142733e-01,-3.620652e-01,1.443659e+00
4.629147e+00,1.471974e+01,7.372546e+00,2.020725e-01,1.204321e+00,1.661588e+00,2.062061e+00
5.977556e+00,1.503809e+01,9.748510e+00,-2.814237e-02,1.507446e+00,1.287963e-01,1.513200e+00
9.769532e+00,1.282351e+01,7.885264e+00,1.056903e+00,-7.144509e-01,-1.277400e+00,1.805335e+00
7.906086e+00,1.901827e+01,7.417242e+00,-7.099951e-02,1.383549e-01,3.059671e-02,1.584903e-01
4.038951e+00,1.179522e+01,8.804006e+00,-4.860370e-01,-1.207454e+00,1.508506e+00,1.992428e+00
2.092754e+00,9.150575e+00,1.067450e+01,-1.066966e+00,9.302741e-02,7.359668e-01,1.299507e+00
9.951297e+00,1.322194e+01,1.013961e+01,3.672242e-02,-4.682437e-01,1.241274e+00,1.327163e+00
1.175983e+01,1.526082e+01,7.621831e+00,-6.315283e-01,1.382998e+00,-1.098432e-01,1.524329e+00
1.277509e+01,8.965024e+00,8.511183e+00,-4.241045e-01,1.494655e-01,1.803736e+00,1.858942e+00
6.855661e+00,1.464037e+01,8.314962e+00,4.797998e-01,-9.767879e-01,5.268530e-01,1.209089e+00
1.197014e+01,1.525204e+01,1.000529e+01,6.822220e-01,2.060870e-01,-8.863370e-01,1.137318e+00
1.384692e+01,1.529345e+01,1.019600e+01,3.565290e-01,1.652250e-01,8.733821e-01,9.577101e-01
1.212578e+01,1.611001e+01,8.309071e+00,8.250438e-01,-7.237387e-01,-1.048731e+00,1.518002e+00
1.210555e+01,1.388680e+01,8.749869e+00,-4.376516e-01,-9.695041e-01,9.564895e-01,1.430507e+00
1.417660e+01,1.251915e+01,9.471448e+00,-1.866408e-01,2.052198e+00,3.867586e-01,2.096649e+00
1.485959e+01,1.838958e+01,9.324056e+00,-6.065275e-01,7.763663e-01,1.955002e-01,1.004411e+00
1.436687e+01,1.341667e+01,8.475611e+00,7.558841e-01,-1.459582e-01,2.809106e-01,8.194970e-01
1.135131e+01,1.438820e+01,1.075738e+01,1.026692e+00,5.550202e-01,4.407450e-01,1.247558e+00
1.368132e+01,1.260908e+01,1.265009e+01,-1.432271e-01,4.722617e-01,4.103223e-01,6.418018e-01
1.506945e+01,1.276422e+01,9.195542e+00,-1.424296e-02,1.514048e-01,-3.687752e-01,3.989003e-01
1.547061e+01,1.288370e+01,6.810968e+00,1.978374e+00,-2.239163e-01,-2.381438e-01,2.005197e+00
1.616920e+01,1.318401e+01,1.144247e+01,1.608706e+00,-3.363209e-01,-2.178462e+00,2.728872e+00
1.615966e+01,1.319064e+01,7.736984e+00,1.570606e-01,1.397285e+00,4.075983e-01,1.463970e+00
1.721180e+01,1.276850e+01,1.048704e+01,3.258383e-01,9.013843e-01,7.710704e-01,1.230128e+00
1.563285e+01,1.440016e+01,9.967498e+00,-1.303286e+00,-1.209657e+00,4.386391e-01,1.831455e+00
1.624379e+01,1.568314e+01,8.433615e+00,1.790450e+00,-9.478441e-01,6.253201e-01,2.120175e+00
1.573910e+01,1.398502e+01,7.231736e+00,-6.693714e-01,-6.165992e-01,-4.284779e-01,1.005906e+00
1.938338e+01,1.690933e+01,1.135122e+01,1.744945e-01,-1.434667e+00,-9.897886e-01,1.751685e+00
2.018470e+01,1.288114e+01,8.877324e+00,-6.890450e-01,-4.642686e-01,-1.887577e+00,2.062347e+00
1.926085e+01,1.574856e+01,9.614202e+00,-8.417279e-01,-9.409130e-01,-1.187740e+00,1.733363e+00
2.070300e+01,1.441281e+01,7.961741e+00,4.980389e-01,1.314026e+00,2.851164e-01,1.433875e+00
2.030373e+01,1.008191e+01,6.896203e+00,1.025346e+00,-3.900805e-01,-4.522869e-01,1.186617e+00
1.933213e+01,1.102927e+01,8.881523e+00,-6.881212e-02,-4.103074e-01,9.263139e-02,4.262251e-01
1.996767e+01,1.508943e+01,1.023271e+01,1.548668e+00,5.466860e-01,2.270720e+00,2.802393e+00
1.982714e+01,1.246734e+01,6.222017e+00,-1.787610e+00,-8.542874e-01,6.500010e-01,2.085152e+00
3.038046e-02,1.010216e+01,7.242260e+00,5.784986e-01,4.611702e-01,-1.017834e+00,1.258302e+00
1.991710e+01,1.400489e+01,9.269922e+00,-7.427815e-01,-1.377588e+00,-7.833939e-01,1.750194e+00
1.193289e-01,1.497640e+01,9.188196e+00,-5.129668e-01,-2.014730e-01,7.928535e-01,9.655790e-01
3.226301e-01,1.334696e+01,1.142131e+01,-7.717183e-01,-2.856232e-01,-9.468762e-01,1.254474e+00
2.158122e+01,1.046542e+01,9.478036e+00,1.623654e-01,-8.978218e-01,3.710321e-01,9.849423e-01
4.187823e+00,1.620485e+01,5.995657e+00,-7.114926e-01,1.133110e+00,-3.186789e-01,1.375396e+00
2.330690e+01,1.009085e+01,1.068767e+01,-7.358727e-01,-8.907784e-01,5.514474e-01,1.280269e+00
2.356264e+01,1.407931e+01,7.234745e+00,1.714424e-01,-4.434160e-01,-1.576753e-01,5.008710e-01
8.781817e-01,1.897572e+01,7.023180e+00,-2.041321e-01,-1.373357e+00,2.686106e-02,1.388705e+00
1.486623e+00,1.670929e+01,5.078229e+00,-6.558715e-02,1.939288e+00,1.243700e+00,2.304762e+00
2.392959e+00,1.237896e+01,8.234056e+00,4.864269e-02,-2.329403e+00,-1.559763e+00,2.803809e+00
1.945231e+00,1.716674e+01,7.769680e+00,9.105182e-01,-5.854495e-01,4.600478e-01,1.176197e+00
3.677693e+00,1.789086e+01,1.039004e+01,9.637372e-02,3.740231e-01,8.127330e-02,3.946980e-01
2.582754e+00,1.636669e+01,8.195778e+00,-1.064136e+00,-3.601289e-01,8.285700e-02,1.126474e+00
2.643654e+00,2.068203e+01,8.959690e+00,-5.459081e-01,1.486709e+00,-2.337689e+00,2.823670e+00
4.609630e+00,1.733231e+01,7.939681e+00,-3.722030e-03,-2.714051e-01,-7.516108e-01,7.991203e-01
1.939786e+00,1.412364e+01,6.063438e+00,1.174472e+00,1.200795e+00,2.606890e-01,1.699780e+00
1.962029e+00,1.254783e+01,1.158208e+01,3.248113e-01,-1.223173e+00,-8.795867e-01,1.541210e+00
3.505544e+00,1.545950e+01,1.237793e+01,-8.334162e-01,1.514347e+00,2.156293e-01,1.741932e+00
5.326536e+00,1.729325e+01,8.801631e+00,-1.180781e+00,1.250888e+00,7.315216e-01,1.869248e+00
4.316771e+00,1.627776e+01,1.052454e+01,6.096287e-01,-1.575552e-01,-6.943615e-02,6.334763e-01
8.705525e+00,1.739507e+01,8.589429e+00,5.914289e-01,1.958793e+00,-2.900728e-01,2.066592e+00
4.577463e+00,1.588709e+01,1.414151e+01,-1.517314e+00,-1.244973e+00,1.158742e-01,1.966120e+00
7.543438e+00,1.501491e+01,1.016144e+01,-1.351838e+00,-1.298957e+00,1.715739e+00,2.541361e+00
5.633763e+00,1.774170e+01,1.392045e+01,-8.666318e-01,1.146913e+00,2.830577e-01,1.465122e+00
5.780445e+00,1.710701e+01,1.183658e+01,-1.306435e-01,-6.347566e-01,-3.806176e-01,7.515673e-01
6.624851e+00,1.564774e+01,1.176506e+01,-2.063785e-01,-5.062134e-01,7.625135e-01,9.382275e-01
9.272820e+00,1.593830e+01,8.753438e+00,-9.004886e-01,1.002157e+00,5.792023e-02,1.348537e+00
1.082921e+01,1.791447e+01,1.037908e+01,-1.462870e+00,2.759292e-02,9.790332e-01,1.760470e+00
6.608149e+00,1.717723e+01,8.109922e+00,1.088890e+00,6.138468e-01,3.047297e-01,1.286604e+00
8.141179e+00,1.429665e+01,9.229548e+00,8.573086e-01,4.018914e-01,-5.514467e-01,1.095714e+00
1.098036e+01,1.435048e+01,8.501133e+00,1.479709e-02,-5.327560e-01,3.801376e-01,6.546392e-01
1.196351e+01,1.630149e+01,1.025392e+01,-6.332391e-01,-3.164037e-01,-7.059242e-01,9.997159e-01
9.070583e+00,1.637011e+01,1.059115e+01,-2.588172e-01,-1.101555e-01,-3.089814e-01,4.178398e-01
1.115434e+01,1.438310e+01,5.945519e+00,2.723069e-01,1.723236e+00,-1.103628e-01,1.748106e+00
1.240608e+01,1.424955e+01,1.095954e+01,-2.309432e+00,4.505179e-01,-1.416102e+00,2.746232e+00
1.081003e+01,1.661107e+01,8.242940e+00,9.211151e-01,-9.259699e-01,2.179239e-02,1.306273e+00
1.731764e+01,1.354540e+01,1.140518e+01,8.038011e-01,5.902409e-01,-3.738801e-01,1.065020e+00
1.408495e+01,1.752260e+01,9.286687e+00,4.180421e-01,-5.797752e-01,5.186599e-01,8.831232e-01
1.488494e+01,1.542498e+01,7.428438e+00,-4.176499e-01,9.024638e-01,1.109771e+00,1.490122e+00
1.288374e+01,1.646344e+01,7.426551e+00,-7.963187e-01,-8.152632e-01,-8.946982e-01,1.448883e+00
1.741371e+01,1.569217e+01,6.023123e+00,1.452572e+00,4.182416e-01,-6.028857e-01,1.627379e+00
1.612558e+01,1.359338e+01,5.364095e+00,4.049463e-01,-1.656789e+00,1.575599e-01,1.712821e+00
1.705851e+01,1.746211e+01,9.711132e+00,1.088608e+00,-5.413720e-01,1.786866e+00,2.161259e+00
1.848918e+01,1.709928e+01,1.195118e+01,-7.379330e-01,7.345152e-01,-2.779628e-01,1.077646e+00
1.775640e+01,1.539995e+01,7.682512e+00,1.991534e+00,-7.854919e-01,3.047305e-02,2.141059e+00
1.237262e+01,1.759916e+01,6.640231e+00,-5.099011e-01,-2.094180e-01,-1.662194e-01,5.757464e-01
1.684815e+01,1.595840e+01,7.342680e+00,-3.503185e-01,-9.384815e-01,-7.955336e-01,1.279197e+00
1.462376e+01,1.469508e+01,6.554613e+00,-1.112887e+00,-1.149168e+00,-9.071200e-01,1.839014e+00
1.881921e+01,1.416602e+01,8.102316e+00,3.154371e-01,-1.612062e-02,-8.284377e-01,8.866056e-01
1.555920e+01,1.771367e+01,9.753721e+00,9.950865e-01,2.359417e-01,-9.826618e-02,1.027386e+00
2.134148e+01,1.310590e+01,6.937274e+00,-1.099472e+00,-1.891891e-01,-6.947062e-01,1.314248e+00
1.287709e+00,1.224830e+01,7.825576e+00,2.256861e+00,1.537848e+00,-1.141047e-01,2.733390e+00
2.218803e+01,1.352489e+01,1.085438e+01,1.702154e+00,4.665575e-01,2.933792e-01,1.789155e+00
1.947740e+01,1.664507e+01,9.911666e+00,1.791393e-01,2.395464e-01,-4.535362e-01,5.432941e-01
1.964789e+01,1.070658e+01,7.398610e+00,-5.161626e-01,-5.127896e-01,-2.927657e-01,7.842760e-01
1.866589e+00,1.139179e+01,8.571054e+00,-2.057423e-01,-1.316920e-01,-3.258275e-01,4.072299e-01
1.791993e+00,1.717820e+01,1.086032e+01,4.913752e-01,-3.551345e-01,-5.468593e-02,6.087369e-01
2.239905e+01,1.775768e+01,1.144814e+01,-3.410043e-02,-8.790187e-01,2.035725e+00,2.217659e+00
2.229504e+01,9.682831e+00,7.295154e+00,-4.512962e-01,-7.303837e-01,2.630302e-01,8.979496e-01
1.481108e+00,1.735850e+01,8.715010e+00,1.190977e+00,-3.778492e-01,-7.732353e-01,1.469384e+00
1.032560e+00,1.397179e+01,5.507868e+00,1.360795e+00,-2.218589e-03,9.119510e-01,1.638116e+00
2.351864e+01,1.600340e+01,7.441022e+00,2.152662e+00,-2.220090e-01,3.011780e-01,2.184937e+00
2.219734e+01,1.760694e+01,7.788702e+00,-5.557768e-01,1.247928e+00,9.789355e-01,1.680633e+00
5.265970e-01,1.588073e+01,7.704798e+00,-8.369301e-01,-2.926927e+00,-3.772118e-01,3.067514e+00
1.780748e+00,1.453965e+01,1.045190e+01,1.393932e+00,-3.089408e-01,1.062642e+00,1.779803e+00
1.873558e-01,1.621941e+01,1.208271e+01,5.281195e-01,-2.671602e-01,-1.503562e+00,1.615854e+00
3.121268e+00,1.951236e+01,7.061222e+00,-5.390532e-01,-2.047154e-01,2.708259e-01,6.370506e-01
5.948931e+00,1.886174e+01,7.091997e+00,1.321049e-01,-5.098005e-01,-1.144048e+00,1.259442e+00
2.838131e+00,1.778316e+01,7.952995e+00,-9.108209e-01,1.112117e+00,5.855065e-01,1.552166e+00
2.387332e+01,2.003848e+01,7.258198e+00,-9.425516e-02,6.388192e-01,-1.300581e+00,1.452062e+00
4.200446e+00,1.541624e+01,8.344340e+00,1.219175e+00,-8.906091e-01,5.918829e-01,1.621696e+00
7.301338e+00,1.463212e+01,1.114034e+01,-7.092035e-01,-3.957452e-01,-8.023961e-01,1.141676e+00
6.375268e+00,1.700229e+01,9.122258e+00,-7.972416e-03,-2.594011e-01,-9.093421e-01,9.456509e-01
3.932996e+00,1.929146e+01,6.291123e+00,-3.217972e-01,-1.891878e+00,-1.584564e+00,2.488694e+00
3.539323e+00,1.628087e+01,1.309406e+01,1.097784e+00,-7.896221e-02,-8.594091e-01,1.396405e+00
4.844007e+00,2.223305e+01,4.580084e+00,7.244348e-01,7.734811e-01,-8.742630e-01,1.373832e+00
7.186398e+00,1.809350e+01,8.401086e+00,8.381664e-02,1.998344e-01,-2.462911e-01,3.280523e-01
5.110193e+00,1.834768e+01,8.837101e+00,-9.544499e-01,6.732459e-01,8.120437e-01,1.422550e+00
9.530901e+00,1.458357e+01,5.184502e+00,-6.172597e-01,1.589344e-01,7.385793e-01,9.755866e-01
7.874236e+00,1.970983e+01,6.610731e+00,-9.952636e-01,1.993862e+00,-1.592569e+00,2.739035e+00
9.285324e+00,1.812968e+01,1.162752e+01,7.170788e-01,-1.602203e-01,-2.110812e-01,7.644788e-01
7.857624e+00,1.688513e+01,1.119473e+01,1.440415e+00,6.510935e-01,2.417826e-01,1.599118e+00
7.142570e+00,1.874048e+01,1.113486e+01,8.767528e-01,-9.123905e-02,-1.849635e+00,2.048944e+00
8.621945e+00,1.883797e+01,1.102281e+01,-6.378111e-01,6.360539e-01,7.700972e-01,1.185081e+00
9.903212e+00,1.760059e+01,1.072871e+01,-2.159532e+00,-1.362302e+00,-1.307863e+00,2.868789e+00
4.550730e+00,2.066708e+01,1.007066e+01,-8.425851e-02,1.845959e-01,2.504599e-01,3.223434e-01
1.189627e+01,1.974936e+01,6.266958e+00,-8.750139e-01,8.297606e-01,-5.222212e-01,1.314103e+00
1.150547e+01,1.882557e+01,8.652118e+00,-9.680030e-02,-9.548674e-01,-1.354082e-01,9.692664e-01
9.986562e+00,1.628109e+01,7.735981e+00,1.514195e-01,1.121254e+00,-6.800994e-01,1.320104e+00
4.996296e+00,1.966152e+01,1.045884e+01,-6.215823e-01,1.468491e+00,1.073476e-01,1.598235e+00
1.021782e+01,1.584402e+01,6.692746e+00,7.819385e-01,6.389307e-02,-6.773467e-01,1.036489e+00
1.028822e+01,1.818761e+01,7.458449e+00,7.595661e-01,-7.997350e-01,-4.748856e-01,1.200847e+00
1.306148e+01,1.827955e+01,1.010865e+01,5.042273e-01,-8.961014e-01,-1.179220e+00,1.564545e+00
1.178648e+01,1.747209e+01,1.049455e+01,-1.778681e-01,7.253145e-01,1.315807e+00,1.512966e+00
1.266551e+01,1.468498e+01,7.930719e+00,6.364891e-01,1.173303e+00,1.570801e+00,2.061352e+00
1.318415e+01,1.934827e+01,8.905728e+00,-1.028496e+00,-9.263045e-01,-6.218971e-01,1.517432e+00
1.744101e+01,1.572478e+01,8.579242e+00,-3.414669e-01,-2.187797e-01,-2.395276e-01,4.709965e-01
1.274937e+01,1.547904e+01,7.200597e+00,1.256804e+00,1.708037e-01,2.828998e-01,1.299524e+00
1.384986e+01,1.612386e+01,7.433847e+00,-1.567244e+00,-9.241848e-03,5.126992e-01,1.648999e+00
1.549423e+01,1.760602e+01,8.739866e+00,-8.534711e-01,-5.078338e-01,1.004272e+00,1.412399e+00
1.572324e+01,1.647632e+01,1.000409e+01,-8.965630e-01,-3.193727e-01,-9.117932e-01,1.318025e+00
1.560277e+01,1.628750e+01,7.805758e+00,1.859928e+00,-9.760898e-02,6.517272e-01,1.973223e+00
1.816004e+01,1.797796e+01,9.777997e+00,3.751702e-01,-6.761977e-01,9.831379e-02,7.795265e-01
1.648350e+01,1.681024e+01,9.207293e+00,5.906357e-01,-6.451980e-01,-5.484124e-01,1.032418e+00
1.759079e+01,1.457408e+01,8.905244e+00,7.897440e-01,-6.141267e-01,-1.298105e-01,1.008810e+00
1.556960e+01,1.931993e+01,1.109301e+01,6.824142e-01,4.459073e-01,8.577949e-02,8.196832e-01
2.073263e+01,1.852261e+01,7.631720e+00,1.244972e+00,-3.043686e-01,-1.023158e+00,1.639954e+00
2.109608e+01,1.537827e+01,8.272647e+00,5.440764e-01,-1.315544e+00,1.268972e+00,1.907083e+00
2.266881e+01,1.518803e+01,7.903521e+00,2.764874e-01,8.034514e-02,-7.294440e-02,2.970211e-01
1.985951e+01,1.758461e+01,8.745638e+00,2.383792e-01,4.359069e-01,-2.953677e-01,5.779978e-01
6.839809e-01,1.579812e+01,8.787803e+00,1.346538e+00,8.526992e-01,-4.716881e-01,1.662152e+00
2.176963e+01,2.012079e+01,6.425500e+00,-7.032484e-01,-3.013036e-01,-7.717461e-01,1.086708e+00
2.299937e+01,1.174062e+01,8.338570e+00,1.865651e+00,4.506570e-01,-6.287380e-01,2.019668e+00
2.144542e+01,1.503800e+01,7.384203e+00,1.987029e-01,-1.833122e+00,-1.342941e+00,2.281076e+00
2.249418e+01,1.704746e+01,1.021025e+01,4.464507e-01,1.078870e+00,1.046375e+00,1.567858e+00
2.282928e+01,1.837703e+01,5.964823e+00,1.382871e-01,1.341461e+00,-1.128618e+00,1.758528e+00
7.786438e-01,1.662537e+01,9.282029e+00,5.842706e-01,-6.210831e-01,4.659846e-01,9.717294e-01
8.097586e-01,1.407638e+01,1.042351e+01,-1.200309e+00,-3.192781e-01,-1.916219e-01,1.256742e+00
9.955776e-01,1.870591e+01,5.821585e+00,-2.802324e-01,-4.475665e-01,-2.087167e-01,5.678104e-01
3.884027e+00,1.761745e+01,7.278220e+00,-9.695330e-02,-4.841411e-01,-8.118854e-01,9.502370e-01
2.363696e+01,1.743116e+01,8.346150e+00,-6.290078e-02,-7.941094e-01,4.070686e-01,8.945788e-01
2.169941e+01,1.863828e+01,7.828641e+00,-1.448443e+00,7.878400e-01,-4.381413e-01,1.706062e+00
1.953789e+00,1.618604e+01,5.904520e+00,-1.188433e+00,2.050045e+00,1.495605e+00,2.802123e+00
4.948874e+00,2.031837e+01,4.780072e+00,5.209056e-01,1.831475e+00,-4.076884e-01,1.947268e+00
5.847450e+00,1.864815e+01,1.037217e+01,-3.174608e-01,-1.719470e+00,1.522609e-01,1.755148e+00
2.351864e+01,2.013196e+01,9.101334e+00,2.266074e-01,2.412523e+00,2.280906e-01,2.433854e+00
4.010795e+00,2.192071e+01,5.238006e+00,-1.071246e-01,1.465296e-01,-3.270229e-02,1.844344e-01
4.414879e+00,1.974706e+01,7.233541e+00,-1.506435e+00,9.088373e-02,-3.047329e-01,1.539633e+00
3.949148e+00,1.791425e+01,8.413616e+00,5.474285e-02,-9.915583e-01,-2.217890e+00,2.430066e+00
2.192244e+00,2.154493e+01,9.618929e+00,1.116318e+00,-1.412804e+00,-4.625585e-01,1.859070e+00
4.859481e+00,1.631094e+01,1.156575e+01,5.584243e-01,1.978362e-01,7.684066e-01,9.702709e-01
5.673170e+00,1.988341e+01,6.602987e+00,-1.266093e+00,-1.046944e+00,-1.484951e+00,2.214534e+00
5.364186e+00,1.646845e+01,1.243270e+01,2.181070e-01,-2.499801e-01,7.650594e-01,8.338925e-01
4.510963e+00,1.926707e+01,8.733740e+00,8.398781e-01,-1.657880e+00,1.801286e-01,1.867192e+00
6.904699e+00,2.034220e+01,8.537475e+00,-5.586600e-02,2.290764e+00,-1.402984e+00,2.686836e+00
1.074120e+01,2.008896e+01,5.902579e+00,9.218721e-01,-1.677080e+00,5.003841e-01,1.978087e+00
6.317397e+00,1.994022e+01,7.765167e+00,6.399429e-01,-4.424141e-01,3.015237e-01,8.343702e-01
5.986987e+00,1.814265e+01,7.927665e+00,-7.534811e-01,-2.867215e-01,1.638892e+00,1.826448e+00
6.939132e+00,2.098454e+01,9.723619e+00,-6.582865e-01,6.711173e-01,9.828610e-01,1.360057e+00
7.729392e+00,1.886990e+01,8.890388e+00,-1.148658e+00,-1.965886e+00,-2.705207e+00,3.535854e+00
8.729707e+00,2.082742e+01,1.122211e+01,-7.432968e-01,2.855769e-01,1.246944e+00,1.479498e+00
8.822156e+00,1.903255e+01,8.210229e+00,6.491825e-01,-8.446600e-01,9.076976e-01,1.399573e+00
8.270740e+00,1.820654e+01,1.022565e+01,-4.079975e-01,3.896617e-01,8.373948e-01,1.009717e+00
1.075995e+01,1.945736e+01,6.752043e+00,1.713704e-01,-2.943697e-01,1.226857e-01,3.620402e-01
1.044183e+01,2.125011e+01,9.544305e+00,-2.756114e-01,4.178940e-01,1.661387e+00,1.735166e+00
9.316086e+00,2.180516e+01,8.052199e+00,6.459663e-01,-8.037857e-01,-1.843034e-01,1.047526e+00
8.915291e+00,1.897919e+01,9.964156e+00,1.440365e-01,7.706147e-02,1.278949e-01,2.074658e-01
1.022614e+01,2.183019e+01,5.473781e+00,-6.939299e-01,-1.204882e+00,1.123210e+00,1.787423e+00
9.798160e+00,2.308135e+01,9.437093e+00,1.590244e+00,8.060792e-01,-9.458525e-01,2.018236e+00
1.324509e+01,1.802224e+01,8.824444e+00,1.435035e+00,-7.582994e-01,-2.281613e+00,2.800018e+00
1.137366e+01,2.114989e+01,7.609117e+00,1.004456e-01,-3.671705e-01,-3.463827e-03,3.806776e-01
1.390993e+01,1.864807e+01,9.542836e+00,-2.892106e-01,1.508046e+00,-7.721575e-01,1.718742e+00
1.359650e+01,2.117858e+01,6.165933e+00,-6.749372e-01,-1.792609e+00,-3.316245e-01,1.943956e+00
1.047848e+01,1.859422e+01,8.424690e+00,-1.034198e+00,-8.582962e-01,-3.315341e-01,1.384252e+00
1.577758e+01,1.982170e+01,1.005919e+01,-1.986499e+00,6.856974e-01,2.558380e-01,2.117029e+00
1.298713e+01,2.077074e+01,6.874704e+00,1.702237e+00,1.197850e+00,-1.655523e+00,2.659551e+00
1.848125e+01,1.600509e+01,1.204353e+01,3.071755e-01,3.101443e-01,4.837742e-01,6.516009e-01
1.637680e+01,1.798999e+01,8.926820e+00,6.114546e-01,3.404379e-01,5.519716e-01,8.913177e-01
1.659494e+01,1.711794e+01,1.267197e+01,7.846045e-01,-8.458817e-01,6.961798e-01,1.347511e+00
1.736881e+01,1.834031e+01,6.587324e+00,1.275812e+00,1.718057e-02,7.832907e-01,1.497176e+00
1.664745e+01,1.722523e+01,1.061943e+01,-1.241260e-01,1.583507e-01,2.994357e-01,3.607547e-01
1.828279e+01,1.856316e+01,1.071695e+01,6.415358e-02,1.345948e+00,-1.183968e+00,1.793731e+00
2.154665e+01,1.831374e+01,4.692525e+00,-6.861128e-01,4.597620e-02,-8.477078e-01,1.091546e+00
2.045002e+01,1.854849e+01,6.038115e+00,-2.948801e-01,9.966100e-01,6.724042e-01,1.237866e+00
1.777661e+01,1.837877e+01,4.484574e+00,7.544755e-01,-5.489522e-01,1.023688e+00,1.385106e+00
2.184949e+01,1.623108e+01,8.473204e+00,9.317970e-01,8.869301e-01,1.579701e+00,2.037240e+00
1.984853e+01,1.851257e+01,8.270029e+00,8.889392e-02,1.204130e+00,-5.699554e-01,1.335171e+00
2.012602e+01,1.739863e+01,1.056133e+01,1.271787e+00,1.005673e+00,-8.816056e-01,1.845549e+00
2.241151e+01,1.811211e+01,8.665145e+00,1.961486e-02,-2.495168e-01,4.431021e-01,5.089036e-01
2.010069e+01,1.876667e+01,1.065237e+01,1.567640e+00,1.335333e+00,-1.417996e+00,2.500264e+00
2.361730e+01,1.650658e+01,6.475032e+00,-1.072020e+00,-7.938323e-01,-6.566790e-01,1.486817e+00
2.080822e+01,1.877408e+01,8.922160e+00,3.960836e-02,-5.295714e-01,-5.551577e-01,7.682544e-01
1.699112e+00,1.609949e+01,8.997453e+00,1.484720e+00,1.345709e+00,-1.895043e-01,2.012768e+00
2.136057e+01,1.913894e+01,6.729027e+00,1.861345e+00,-1.574436e-02,-1.154927e-02,1.861448e+00
2.226030e+01,1.820135e+01,6.906506e+00,4.353839e-01,-1.021241e+00,7.652199e-01,1.348353e+00
2.174919e+01,1.855366e+01,9.446976e+00,-4.628483e-01,6.335825e-01,6.001438e-01,9.878401e-01
8.719189e-01,1.844270e+01,1.016556e+01,1.602899e+00,6.801049e-01,1.061356e+00,2.039192e+00
1.701388e+00,2.026783e+01,4.930953e+00,-5.367260e-01,-9.227392e-01,1.805055e-02,1.067637e+00
3.394138e+00,2.059917e+01,7.015422e+00,-2.044474e-01,1.453813e-01,-1.809674e+00,1.826979e+00
2.882445e+00,2.156624e+01,7.259074e+00,4.418320e-01,1.267833e+00,1.601365e+00,2.089733e+00
2.355449e+01,2.153488e+01,9.080515e+00,-6.438802e-02,-3.945785e-01,2.949787e-02,4.008842e-01
2.286712e+01,2.206493e+01,8.546885e+00,-1.039478e+00,-5.447669e-01,-1.382234e-01,1.181690e+00
2.842464e+00,1.972863e+01,8.816456e+00,2.028436e-01,6.254678e-01,-1.105557e+00,1.286317e+00
5.239271e+00,2.180814e+01,7.643632e+00,3.693092e-01,9.237968e-01,1.101611e+00,1.484364e+00
2.816685e+00,2.024818e+01,5.100016e+00,7.988495e-01,3.424711e-01,-2.208466e+00,2.373345e+00
5.117601e+00,1.899941e+01,6.485404e+00,-5.699125e-01,1.008410e+00,-1.741031e-01,1.171325e+00
5.474101e+00,2.228241e+01,8.520497e+00,-4.426732e-01,-8.092158e-01,3.127409e-01,9.739593e-01
3.294876e+00,2.174863e+01,6.288008e+00,1.206043e-01,-3.000243e-02,-1.015952e+00,1.023525e+00
8.331066e+00,2.094362e+01,9.570568e+00,-5.324061e-02,-8.419471e-02,-2.585569e+00,2.587488e+00
2.748513e+00,2.114787e+01,3.699834e+00,1.175591e+00,-1.810964e+00,-1.784535e+00,2.801102e+00
4.161089e+00,1.869359e+01,7.539965e+00,-1.199920e+00,-7.097327e-02,-1.555474e+00,1.965794e+00
3.910119e+00,1.997558e+01,1.052424e+01,1.281524e+00,1.739455e+00,2.161020e+00,3.055816e+00
7.274936e+00,2.121146e+01,8.104933e+00,8.290561e-01,-7.336229e-01,7.523133e-01,1.338474e+00
7.657187e+00,2.154564e+01,8.959280e+00,1.889589e-01,-5.481645e-01,1.300334e-01,5.942209e-01
8.716219e+00,2.291428e+01,8.017873e+00,6.820140e-02,-7.061117e-01,-5.358687e-01,8.890447e-01
9.815757e+00,1.097298e+00,5.477175e+00,2.705644e-01,5.078884e-01,-1.742284e+00,1.834859e+00
9.974257e+00,1.886197e+01,1.031223e+01,-1.124074e+00,-5.730008e-02,6.202738e-01,1.285132e+00
6.726951e+00,2.325358e+01,9.028611e+00,8.837320e-01,7.946069e-01,-1.688979e-01,1.200379e+00
6.608493e+00,1.913600e+01,9.256557e+00,-9.374788e-01,-3.104485e-01,-2.273574e-01,1.013379e+00
8.333484e+00,2.145266e+01,7.320636e+00,-4.447806e-01,-5.409638e-01,-4.999488e-01,8.604769e-01
8.119357e+00,1.990551e+01,8.358645e+00,7.483362e-01,-8.106146e-01,-1.048081e-01,1.108191e+00
9.523762e+00,1.910343e+01,9.037806e+00,1.875412e-01,-2.113656e-01,-2.722809e+00,2.737432e+00
9.189154e+00,2.036413e+01,8.350677e+00,1.647722e+00,2.301212e+00,-7.799344e-01,2.935790e+00
1.242696e+01,2.040454e+01,9.623530e+00,4.013765e-01,1.008598e+00,-4.155520e-01,1.162350e+00
1.380153e+01,1.729297e+01,1.032674e+01,-6.793504e-01,-7.132480e-01,-2.918388e-01,1.027331e+00
1.292429e+01,1.905849e+01,1.090158e+01,6.159376e-01,8.824590e-01,-6.171918e-01,1.240580e+00
1.086846e+01,2.052963e+01,6.852544e+00,-2.809038e-01,1.531997e+00,5.539982e-01,1.653129e+00
1.486012e+01,2.221833e+01,7.595998e+00,-1.150753e-01,1.506018e+00,-6.064922e-01,1.627626e+00
1.507276e+01,1.924713e+01,8.796573e+00,1.489258e-01,-7.911176e-01,-1.324271e+00,1.549755e+00
1.299887e+01,2.263147e+01,9.515394e+00,8.408831e-01,1.434923e+00,3.644009e-01,1.702609e+00
1.441580e+01,1.988807e+01,9.537502e+00,-5.953237e-01,-4.911116e-01,6.985820e-02,7.749071e-01
1.692546e+01,1.888562e+01,8.736805e+00,1.181020e-01,-1.789454e+00,7.618205e-01,1.948452e+00
1.679702e+01,2.041114e+01,1.066657e+01,4.809924e-01,8.035295e-02,3.038085e-01,5.745519e-01
1.442250e+01,1.733445e+01,8.168689e+00,1.118770e-01,-8.041304e-01,1.213320e+00,1.459893e+00
1.564093e+01,1.720860e+01,1.076812e+01,-6.024705e-01,-2.254486e-02,-1.500773e-01,6.212907e-01
1.795345e+01,2.148925e+01,6.461044e+00,1.450432e+00,1.418450e-02,3.411160e-01,1.490072e+00
1.930476e+01,2.184862e+01,6.876156e+00,3.397005e-01,-1.220776e+00,-5.663652e-01,1.387970e+00
1.381811e+01,2.246763e+01,8.828565e+00,5.627040e-01,6.996059e-01,-5.737674e-01,1.065501e+00
2.015310e+01,2.071487e+01,5.655333e+00,-1.417140e-02,1.028963e+00,-2.172797e-01,1.051749e+00
3.978037e-01,1.817148e+01,6.426162e+00,2.938148e-01,6.178019e-01,1.560755e-01,7.016879e-01
2.065445e+01,1.937191e+01,9.918340e+00,6.146900e-01,-1.717772e-01,-8.229706e-01,1.041457e+00
1.745387e+01,2.051951e+01,9.721549e+00,7.593049e-01,-9.558093e-02,-8.832620e-01,1.168688e+00
1.798894e+01,2.054038e+01,7.056834e+00,1.212218e+00,8.760577e-01,-1.335992e+00,2.005448e+00
2.143888e+01,2.264870e+01,9.736804e+00,8.237062e-02,-9.330492e-01,-3.508917e-02,9.373350e-01
1.671954e+01,1.889322e+01,1.164242e+01,-6.588415e-02,1.039551e+00,5.870573e-01,1.195677e+00
2.047028e+01,2.245627e+01,1.047454e+01,5.474624e-02,-6.478967e-01,-9.269114e-02,6.567793e-01
2.270511e+01,1.636622e+01,7.960051e+00,5.188390e-01,1.118423e+00,-8.249872e-01,1.483465e+00
2.265463e+01,1.918594e+01,7.394695e+00,2.629718e-01,-1.368386e+00,-6.873394e-01,1.553727e+00
2.351800e+01,1.914193e+01,8.024238e+00,-7.840823e-02,8.268702e-01,2.728396e-01,8.742446e-01
2.044156e+01,2.040869e+01,8.469286e+00,2.161505e-01,-1.296886e-01,-7.773364e-01,8.171854e-01
2.282334e+01,1.681986e+01,8.977298e+00,-5.953153e-01,-4.129156e-01,1.728598e-01,7.448356e-01
8.442583e-01,2.162608e+01,9.840414e+00,4.189851e-01,-4.843664e-01,2.113218e-01,6.744007e-01
3.580259e-01,1.936776e+01,8.729121e+00,-5.154819e-01,-7.323983e-01,9.852212e-01,1.331461e+00
2.232666e+01,1.167382e+00,1.070523e+01,1.003855e+00,-4.640345e-01,7.047160e-01,1.311365e+00
2.837978e+00,2.214199e+01,9.044544e+00,1.048149e-01,7.300738e-02,-6.470507e-01,6.595384e-01
2.955841e+00,2.255605e+01,6.975684e+00,-2.393772e-01,9.365277e-01,-1.586116e+00,1.857458e+00
1.453142e+00,2.042525e+01,7.803584e+00,1.223865e+00,-1.606730e-01,1.323619e-01,1.241443e+00
1.501990e+00,2.231956e+01,8.997167e+00,-2.945206e-01,3.179470e-01,6.152458e-01,7.525690e-01
3.904095e+00,2.386656e+01,6.254149e+00,-1.797441e-01,4.283393e-01,5.341511e-01,7.078840e-01
3.365072e+00,6.349718e-01,7.039822e+00,-1.932176e+00,-7.914973e-01,8.743181e-01,2.263670e+00
4.432549e+00,2.062826e+01,8.555256e+00,-4.326792e-01,1.249440e+00,2.332986e+00,2.681629e+00
2.374322e+00,2.310631e+01,9.367002e+00,-4.184495e-02,4.106090e-01,7.674339e-01,8.713815e-01
7.087617e+00,6.066924e-01,6.108245e+00,6.166676e-01,-1.319106e+00,-1.132254e+00,1.844537e+00
6.642612e+00,2.116128e+01,4.938165e+00,-6.468595e-02,-9.287437e-01,-3.688992e-01,1.001417e+00
7.177874e+00,2.263290e+01,1.104467e+01,9.036692e-01,2.196419e+00,-6.179716e-02,2.375856e+00
9.260626e+00,2.343411e+01,7.201033e+00,1.451133e+00,-9.841353e-01,-2.064243e+00,2.708396e+00
8.261418e+00,2.204517e+01,8.265279e+00,1.348097e+00,-1.163369e+00,6.040483e-01,1.880337e+00
9.353825e+00,2.281439e+00,7.332659e+00,7.938217e-01,2.224020e-01,-1.129046e+00,1.397984e+00
7.163142e+00,5.237409e-01,8.119458e+00,7.523495e-02,1.304679e-01,1.565086e+00,1.572316e+00
1.025126e+01,1.065154e+00,7.374760e+00,6.765335e-01,4.660300e-01,-1.201758e+00,1.455714e+00
9.790955e+00,2.368103e+01,6.080653e+00,5.919087e-01,1.575307e+00,-1.482253e-01,1.689354e+00
5.998599e+00,3.651501e-01,6.441768e+00,1.099234e+00,-1.019842e+00,-8.000262e-01,1.699540e+00
9.480218e+00,2.270286e+01,6.550081e+00,-1.317796e+00,2.765288e-01,-3.291638e-01,1.386147e+00
1.017259e+01,3.930277e-03,8.154867e+00,2.184659e+00,-1.724086e-01,-2.130563e-04,2.191451e+00
1.016451e+01,4.820224e+00,5.148645e+00,-2.148232e-02,7.123392e-01,-1.177083e+00,1.376013e+00
1.054427e+01,2.381497e+01,9.360277e+00,4.393980e-01,-6.699296e-01,-1.215488e+00,1.455777e+00
1.163766e+01,2.265793e+01,1.068740e+01,2.153612e+00,1.090776e+00,1.689912e-01,2.419999e+00
1.347350e+01,5.143459e+00,8.552007e+00,1.945363e-01,-5.168490e-01,1.399211e+00,1.504250e+00
1.345303e+01,2.030821e+01,9.251262e+00,1.505715e+00,-6.260492e-01,-9.037178e-01,1.864356e+00
1.179474e+01,1.985410e+01,1.049707e+01,3.998419e-01,9.470240e-01,-7.053525e-02,1.030390e+00
1.060128e+01,1.994573e+01,1.143292e+01,-5.481838e-01,8.691155e-01,-2.722104e-02,1.027915e+00
1.118395e+01,3.130168e+00,1.262981e+01,-7.059137e-01,-7.690650e-01,-1.177921e+00,1.573936e+00
1.426173e+01,2.093445e+01,9.199646e+00,4.860235e-01,-9.459557e-02,8.851382e-01,1.014217e+00
1.576055e+01,2.294676e+01,7.853193e+00,3.406186e-01,7.937576e-04,-8.633400e-03,3.407289e-01
1.691287e+01,1.794004e+01,7.860218e+00,4.577536e-01,-1.234174e+00,-4.775582e-01,1.400281e+00
1.778097e+01,2.325000e+01,1.046321e+01,8.743715e-01,-1.101506e+00,-3.046864e-01,1.438984e+00
1.489288e+01,2.282443e+01,8.659558e+00,2.204068e-01,-1.346912e+00,-7.578472e-01,1.561116e+00
1.565831e+01,2.073245e+01,1.059516e+01,7.857879e-01,1.188546e+00,-7.424206e-01,1.606640e+00
1.515666e+01,2.231702e+01,9.826027e+00,1.104534e+00,-9.118720e-01,-4.146925e-01,1.491132e+00
1.529306e+01,1.916473e+00,1.183314e+01,-4.923209e-01,-1.016855e+00,9.894577e-01,1.501799e+00
1.589913e+01,2.283865e+01,1.105503e+01,-1.573069e+00,-1.410425e-01,-3.075058e-01,1.609037e+00
1.797090e+01,2.180416e+01,8.715944e+00,4.385877e-01,6.649713e-01,-1.130222e+00,1.382732e+00
1.932099e+01,1.752923e+00,1.219479e+01,6.982619e-01,-3.016266e-02,-5.752765e-01,9.052196e-01
1.809448e+01,4.243978e-01,1.016737e+01,-4.349508e-02,1.129637e+00,-1.709806e-01,1.143331e+00
1.603102e+01,2.309894e+01,6.803244e+00,-3.826861e-01,-4.413900e-01,-1.120314e+00,1.263478e+00
1.886818e+01,1.715309e+01,9.245126e+00,-8.987847e-01,1.092605e+00,-8.077373e-01,1.629123e+00
1.983698e+01,1.986909e+01,1.028040e+01,-1.364202e+00,7.472740e-02,-1.961150e+00,2.390134e+00
1.656573e+01,2.051916e+01,7.652293e+00,1.544106e+00,-3.163968e-01,-6.969927e-01,1.723418e+00
2.056186e+01,2.051260e+01,9.734178e+00,5.072885e-01,1.873565e+00,-6.382253e-01,2.043262e+00
2.273368e+01,2.211556e+01,5.053631e+00,7.139027e-01,7.311395e-01,9.391111e-01,1.387859e+00
2.261496e+01,2.389863e+01,1.108318e+01,1.960883e-01,-3.982485e-01,-3.589538e-01,5.708768e-01
2.232306e+01,2.299491e+01,1.166790e+01,-1.396926e+00,1.714667e+00,-1.348813e-01,2.215779e+00
2.261255e+01,2.038253e+01,5.826250e+00,3.292621e-02,-6.061353e-01,4.858021e-01,7.774882e-01
2.295783e+01,2.385555e+01,1.011824e+01,-9.442274e-01,4.998234e-01,-8.709201e-02,1.071902e+00
2.329367e+01,1.948495e+01,6.201894e+00,-4.907793e-01,6.381868e-01,-2.243478e-01,8.357503e-01
2.146171e+01,1.207230e+00,8.755694e+00,1.529327e-01,-5.990316e-01,1.547853e+00,1.666756e+00
5.660384e-01,2.275606e+01,1.066113e+01,1.075723e-01,4.353810e-01,2.495638e+00,2.535614e+00
2.349749e+01,1.450927e+00,1.098229e+01,-3.192632e-01,-5.314823e-01,-9.416664e-01,1.127448e+00
1.991394e-01,2.335706e+01,1.196480e+01,-3.978948e-02,2.143478e+00,-7.569551e-01,2.273557e+00
2.082350e+01,3.275368e-01,8.664419e+00,-1.835031e+00,-2.203089e-01,1.181284e+00,2.193469e+00
3.311177e+00,2.095802e+01,7.979736e+00,-6.079512e-01,-1.300741e+00,1.200000e+00,1.871238e+00
2.219528e+01,6.307514e-01,1.179245e+01,-9.896727e-01,-3.712940e-01,4.751553e-01,1.158915e+00
2.310659e+01,2.019643e+01,8.174393e+00,-1.581039e+00,6.461038e-01,1.298822e-01,1.712893e+00
6.368702e-01,2.247177e+01,1.166857e+01,-1.348411e+00,8.922536e-01,-8.381645e-01,1.821221e+00
2.326913e+00,2.286916e+01,1.053858e+01,-6.574353e-01,1.482721e+00,-5.902785e-01,1.726010e+00
4.448165e+00,2.383354e+01,1.043315e+01,-2.283887e-01,6.755544e-01,-1.147680e+00,1.351186e+00
6.076962e+00,7.921995e-01,8.125244e+00,8.657081e-01,2.317150e+00,1.603991e-01,2.478782e+00
4.635690e+00,2.255416e+01,9.143669e+00,-4.160190e-01,1.967446e-02,-6.556167e-01,7.767189e-01
4.149564e+00,1.819061e+00,9.986696e+00,-2.404286e-01,-1.079029e-01,7.699717e-01,8.138214e-01
3.369006e+00,2.565970e+00,5.553278e+00,7.978585e-01,-6.701028e-02,-5.080793e-02,8.022780e-01
5.148263e+00,2.375409e+01,1.205149e+01,-1.091717e+00,-1.278542e+00,-8.432282e-01,1.880838e+00
6.809006e+00,2.196620e+01,1.311789e+01,1.029675e+00,9.273467e-01,-3.698796e-01,1.434230e+00
9.703109e+00,3.734675e-01,9.026247e+00,2.501935e-01,5.542140e-01,4.447740e-01,7.533749e-01
8.651247e+00,4.635924e+00,1.320997e+01,8.702625e-02,-2.491625e-01,-1.427000e+00,1.451201e+00
7.293792e+00,4.842483e-01,1.179906e+01,9.965857e-01,5.221420e-01,1.564953e+00,1.927406e+00
2.896974e+00,3.147109e+00,4.693894e+00,-2.188151e+00,8.479866e-01,-1.052933e+00,2.572111e+00
1.022149e+01,7.593888e-01,1.004833e+01,3.081949e-01,-2.015828e+00,6.466990e-01,2.139338e+00
1.282463e+01,2.529041e+00,9.188472e+00,2.566958e-01,7.289012e-01,8.047266e-01,1.115695e+00
1.079043e+01,2.303998e+01,1.012240e+01,-1.299808e+00,9.438095e-02,-3.466613e-01,1.348548e+00
7.626693e+00,1.986827e+00,1.013125e+01,-3.362404e-01,1.804774e+00,-1.112098e+00,2.146398e+00
1.306318e+01,6.598385e-02,9.190394e+00,-8.723178e-01,1.142732e+00,6.258827e-01,1.567961e+00
1.389641e+01,3.319621e+00,6.934185e+00,-1.160422e-01,-1.417946e+00,-1.792264e+00,2.288285e+00
1.016143e+01,2.367358e+01,1.047009e+01,-3.846089e-01,1.041046e-01,4.329342e-01,5.883824e-01
1.438320e+01,3.323829e+00,1.043226e+01,4.838625e-01,-7.622455e-01,1.367556e-01,9.131501e-01
1.213908e+01,2.324472e+01,9.469765e+00,1.711863e-01,-1.628729e+00,-2.891410e-01,1.663029e+00
1.436254e+01,9.085331e-01,1.287238e+01,5.794520e-01,2.932443e-03,1.077892e-01,5.893995e-01
8.129204e+00,2.056214e+01,5.766004e+00,6.658550e-01,-2.436946e+00,-7.586863e-01,2.637740e+00
1.369019e+01,1.624316e+00,1.031611e+01,9.007268e-02,2.288948e-01,-7.885608e-01,8.260351e-01
1.257803e+01,2.299859e+01,1.129021e+01,-1.275909e-01,6.983262e-02,8.587993e-01,8.710294e-01
1.747663e+01,2.364443e+01,8.604496e+00,-8.159646e-01,1.087821e-02,-3.062447e-01,8.716091e-01
1.498338e+01,2.279419e+01,1.153360e+01,2.291867e+00,1.689183e+00,1.855927e+00,3.398597e+00
1.111692e+01,6.487670e-01,1.116656e+01,-1.347859e+00,2.670559e-01,6.304906e-01,1.511807e+00
1.752233e+01,2.221481e+01,1.181119e+01,8.139999e-01,-7.129760e-01,1.262308e+00,1.662634e+00
1.428333e+01,1.319004e+00,1.182050e+01,-5.874288e-03,-2.121804e+00,-3.508643e-01,2.150626e+00
1.957066e+01,3.325653e+00,1.431345e+01,-3.375608e-01,7.436332e-01,-3.588621e-01,8.920312e-01
1.309593e+01,2.379489e+01,1.082839e+01,5.918268e-01,-2.465984e+00,-1.506980e+00,2.949971e+00
1.812679e+01,2.228082e+01,9.712664e+00,3.171230e-02,-1.371956e+00,1.131352e-01,1.376978e+00
1.635143e+01,3.267665e+00,1.219535e+01,-9.161942e-01,-1.864937e-01,-9.060511e-01,1.301968e+00
1.900508e+01,2.864271e+00,1.234934e+01,2.022615e-01,1.303898e+00,1.765122e+00,2.203796e+00
1.564039e+01,2.366489e+01,1.176051e+01,-1.926610e-01,1.776071e+00,1.323118e+00,2.223103e+00
1.882090e+01,2.105535e+01,1.192740e+01,9.827943e-01,1.205023e+00,7.815549e-01,1.740343e+00
1.900047e+01,4.617179e-01,9.676338e+00,-4.473117e-02,-6.729099e-01,-1.087264e+00,1.279434e+00
1.767476e+01,2.323589e+01,1.229451e+01,1.792441e-02,3.147779e-01,-4.049937e-01,5.132507e-01
1.829769e+01,1.176342e+00,1.240220e+01,-1.270277e-01,3.240399e-01,-5.512807e-01,6.519573e-01
1.922199e+01,1.565844e+00,6.803890e+00,-2.929647e-01,1.113751e-01,1.421429e-01,3.441472e-01
2.151983e+01,2.304619e+01,1.095149e+01,2.000057e-01,2.564451e-01,-9.887993e-01,1.040908e+00
1.843384e+01,2.096824e+01,9.648169e+00,1.241134e+00,-5.059851e-01,9.925955e-01,1.667837e+00
1.878516e+01,4.269585e+00,9.614668e+00,1.679159e+00,-7.714299e-01,-3.013986e-01,1.872303e+00
2.016555e+01,2.259928e+01,9.479785e+00,-1.418947e+00,9.129316e-01,1.388176e+00,2.184923e+00
2.132421e+01,3.497044e+00,1.052195e+01,-4.949410e-01,6.506108e-01,-9.695399e-02,8.232017e-01
2.313803e+01,2.241554e+01,1.183561e+01,9.586421e-01,3.841140e-01,-2.302531e-01,1.058090e+00
2.251959e+01,3.690474e+00,9.967420e+00,-2.127385e-01,3.592088e-01,-3.435978e-01,5.406922e-01
1.229866e+00,4.625208e-01,1.028701e+01,6.983804e-01,-2.460178e-01,5.983314e-01,9.519772e-01
4.014646e+00,2.193200e+01,7.104532e+00,1.159865e+00,-1.375832e+00,-2.988201e-01,1.824142e+00
2.106817e+01,8.368663e-01,1.108455e+01,2.615772e-01,1.015319e-01,-1.528353e-02,2.810070e-01
2.344925e+01,2.835281e+00,1.268274e+01,1.090802e+00,-3.168308e-01,8.609095e-01,1.425270e+00
5.297990e+00,1.695514e+00,7.929433e+00,3.860749e-01,-1.240715e+00,2.047957e+00,2.425398e+00
3.695361e+00,1.743999e+00,6.502785e+00,-1.576538e+00,-5.323195e-01,-1.339345e+00,2.136043e+00
8.052379e-01,2.041168e+01,8.569010e+00,5.103478e-01,2.015448e+00,-5.580824e-01,2.152659e+00
2.410363e+00,2.341566e+01,1.280779e+01,-1.792115e+00,3.455185e-01,-8.517588e-01,2.014088e+00
4.374037e+00,2.310966e+01,1.148346e+01,-2.658317e-01,-1.747381e-01,1.002887e+00,1.052132e+00
4.861277e+00,2.067838e+00,6.969777e+00,3.242864e-01,-1.208653e+00,8.825506e-01,1.531306e+00
3.051625e+00,1.139100e+00,1.403862e+01,-9.257003e-01,1.550473e+00,-6.534384e-01,1.920383e+00
3.327745e+00,3.743391e+00,1.196877e+01,-8.398181e-01,-4.540223e-01,-1.931639e-01,9.740344e-01
5.715759e+00,2.929804e+00,7.500774e+00,1.168266e+00,-1.986412e+00,-5.735573e-01,2.374794e+00
7.316779e+00,4.333856e+00,7.446165e+00,-1.836112e-01,-1.420058e-01,1.449664e+00,1.468129e+00
4.717114e+00,1.320431e+00,1.162631e+01,-7.163259e-01,2.540099e-01,1.234397e+00,1.449614e+00
3.958807e+00,8.070677e-01,9.674822e+00,-5.194931e-01,-1.375548e+00,1.392985e+00,2.025441e+00
7.202160e+00,2.483759e+00,8.065393e+00,-5.417766e-01,-1.555328e-01,4.805981e-01,7.407340e-01
1.371174e+01,1.027609e+00,9.345742e+00,-1.216379e-01,-8.312732e-01,1.096365e+00,1.381241e+00
1.114196e+01,3.856439e+00,1.160225e+01,1.366550e+00,-9.074298e-01,-4.302481e-01,1.695878e+00
8.510488e+00,1.829509e+00,9.599818e+00,-6.162760e-01,2.085180e+00,4.755723e-01,2.225745e+00
6.194787e+00,3.736614e+00,9.623340e+00,6.862386e-02,-1.324178e-01,-8.308605e-02,1.707249e-01
9.127828e+00,2.494287e+00,1.005813e+01,9.943039e-02,1.427877e-01,-1.173332e+00,1.186163e+00
1.121166e+01,2.238888e+01,9.385446e+00,-3.648898e-01,1.011331e-01,-5.395834e-01,6.591834e-01
1.101285e+01,1.899827e+00,1.364930e+01,1.162667e-01,-7.966864e-02,-4.332545e-01,4.556035e-01
1.228863e+01,3.322744e+00,1.247753e+01,5.872725e-01,4.400416e-01,-1.404554e+00,1.584708e+00
1.147711e+01,1.635968e+00,1.115679e+01,1.260084e+00,1.283351e+00,6.162175e-01,1.901191e+00
1.319572e+01,1.215171e+00,1.242275e+01,-4.228797e-01,-4.608310e-01,-1.085375e-01,6.348014e-01
8.517415e+00,2.318716e+00,1.324191e+01,3.501085e-01,1.657611e+00,-1.939435e+00,2.575201e+00
1.230864e+01,2.133325e+00,1.148772e+01,-1.404516e+00,-2.655895e-01,1.192132e+00,1.861285e+00
1.601635e+01,1.501362e+00,9.952490e+00,5.472933e-01,-3.635091e-01,2.615318e-01,7.071546e-01
1.321336e+01,2.324343e+01,1.211437e+01,4.634474e-01,3.394820e-01,-5.602864e-01,8.024664e-01
1.501651e+01,6.287504e+00,1.404946e+01,-1.798489e+00,-5.506972e-01,-5.962647e-01,1.973160e+00
1.531796e+01,3.138145e+00,1.133061e+01,5.039036e-01,-1.156860e-02,-2.363185e-01,5.566858e-01
1.221936e+01,4.343760e+00,1.234580e+01,1.505923e+00,8.363310e-01,-4.704476e-01,1.785658e+00
1.630822e+01,1.262385e+00,1.289481e+01,-1.919920e+00,-1.003886e+00,1.375182e+00,2.566127e+00
1.460136e+01,4.351864e+00,1.009738e+01,-1.084112e+00,1.281633e+00,1.968928e-02,1.678770e+00
1.358963e+01,4.182403e-01,1.171757e+01,4.624532e-01,7.576122e-01,-1.097501e+00,1.411506e+00
1.552361e+01,3.429778e+00,1.027517e+01,-9.289422e-01,-1.822874e+00,1.230539e+00,2.387473e+00
1.634923e+01,2.994573e-01,1.096981e+01,-6.080871e-01,-2.098780e-01,-1.071995e-01,6.521583e-01
1.678567e+01,4.117809e-01,9.979691e+00,-4.503524e-01,-1.733492e-01,8.642758e-01,9.898686e-01
1.860197e+01,3.069478e+00,9.328689e+00,5.237714e-01,1.340614e+00,4.249786e-01,1.500730e+00
1.914080e+01,5.799186e-01,1.148659e+01,7.191226e-02,-3.802533e-01,-1.625458e-01,4.197441e-01
1.927851e+01,2.311458e+01,1.636570e+01,-1.322493e-01,1.510959e-01,-2.710681e-01,3.373392e-01
1.678585e+01,3.238988e+00,1.009434e+01,3.084715e-01,3.813132e-01,-2.400294e-01,5.460481e-01
1.977999e+01,3.486294e-02,9.069345e+00,1.325656e-01,-4.556373e-02,2.876386e-01,3.199776e-01
1.843065e+01,1.424973e+00,9.482028e+00,-4.914830e-01,-1.168878e+00,4.390459e-01,1.341862e+00
2.066554e+01,4.379006e+00,9.747750e+00,3.748572e-01,2.735806e-01,-1.590443e-01,4.905704e-01
1.849521e+01,4.110127e+00,6.720562e+00,-8.925007e-01,-4.315382e-01,2.871117e-01,1.032093e+00
1.993818e+01,2.256911e+01,8.146898e+00,1.152288e-01,5.311636e-02,-2.473156e-01,2.779641e-01
1.999967e+01,1.185035e+00,9.703047e+00,-8.072009e-01,1.651190e+00,-5.313295e-01,1.913194e+00
2.016124e+01,2.194132e+00,9.086214e+00,1.828197e-01,9.260328e-01,-1.797378e+00,2.030155e+00
1.812502e+01,1.436742e+00,8.450240e+00,7.958755e-02,-1.282060e-01,6.277437e-01,6.456261e-01
2.378882e+01,1.043302e+00,8.493623e+00,4.649979e-01,-3.922314e-01,-7.463596e-01,9.628713e-01
2.007351e+01,2.347194e+00,7.928537e+00,-2.942896e-01,1.372004e+00,-1.014383e+00,1.731466e+00
2.119679e+01,4.548617e+00,1.363128e+01,4.321012e-01,4.484985e-01,3.862259e-01,7.328252e-01
7.024637e-01,3.017437e+00,1.360232e+01,1.141252e+00,-3.439730e-01,5.329831e-01,1.305697e+00
2.747312e+00,1.412558e+00,7.140881e+00,-7.671862e-01,7.808895e-01,-2.562171e-01,1.124282e+00
2.369210e+01,2.474972e+00,1.081664e+01,-9.937912e-01,1.496300e+00,-5.404133e-01,1.875788e+00
5.689690e-01,1.351405e+00,1.165000e+01,1.070604e+00,-8.176274e-02,-3.492876e-01,1.129105e+00
1.889246e+00,2.271529e+00,1.108613e+01,-9.529379e-01,-1.040870e+00,-2.051138e-01,1.426034e+00
2.170821e+00,2.346653e+01,1.170028e+01,1.036695e+00,1.340789e+00,-3.663764e-01,1.733979e+00
3.354368e+00,4.926988e+00,8.560054e+00,1.800709e+00,-7.123111e-01,-9.244033e-01,2.145801e+00
4.547624e-01,3.311004e+00,1.077482e+01,2.574581e-01,2.765854e-01,1.141801e+00,1.202703e+00
4.340121e+00,1.219344e+00,7.560036e+00,-3.059477e-01,-2.080839e+00,-8.575112e-01,2.271304e+00
6.237058e+00,2.588914e+00,9.302353e+00,-2.212690e-01,5.996539e-01,8.052297e-01,1.028076e+00
5.317865e+00,1.263123e+00,8.943542e+00,7.169272e-01,-5.942263e-01,1.693017e-01,9.464420e-01
5.245592e+00,1.988128e+00,1.034238e+01,-1.196319e-01,-6.145086e-01,-3.759364e-01,7.302471e-01
5.776102e+00,1.798273e+00,1.128278e+01,-2.060198e+00,3.415300e-01,1.877521e+00,2.808228e+00
5.951866e+00,5.594621e+00,6.947884e+00,-6.117327e-01,-7.791385e-01,5.507142e-01,1.133384e+00
3.547703e+00,3.806681e+00,8.690711e+00,5.547258e-01,-3.143232e-01,-1.037515e+00,1.217767e+00
5.746872e+00,3.544214e+00,1.249565e+01,2.511683e-02,-1.016193e+00,-2.536297e-02,1.016820e+00
7.700873e+00,2.578790e+00,1.265803e+01,-7.711660e-01,4.627205e-01,-6.731541e-01,1.123363e+00
7.223045e+00,1.350902e+00,7.033716e+00,-3.649014e-01,-1.877680e+00,-5.279203e-02,1.913537e+00
8.460374e+00,2.626004e+00,8.467992e+00,-5.697326e-01,-4.229768e-01,-3.145401e-01,7.761702e-01
1.094356e+01,2.364422e+00,8.510528e+00,3.464279e-01,5.259403e-01,-7.148288e-01,9.526834e-01
4.922740e+00,3.880774e+00,8.196658e+00,-3.748414e-01,-4.967581e-02,1.383321e+00,1.434068e+00
7.399968e+00,5.958473e+00,1.131095e+01,5.723531e-01,-1.028443e+00,-1.094450e-04,1.176980e+00
1.205785e+01,3.744958e+00,1.464466e+01,6.979103e-01,-1.719758e-01,-8.122246e-01,1.084603e+00
1.038869e+01,6.823988e+00,1.554702e+01,5.690761e-02,-1.181563e+00,-4.505216e-01,1.265820e+00
1.335712e+01,7.080869e+00,8.848533e+00,3.013422e-01,4.248419e-01,-8.439289e-01,9.917226e-01
9.325160e+00,3.151805e+00,8.969895e+00,-8.348167e-01,1.200457e+00,-3.288983e-01,1.498730e+00
8.663355e+00,8.411158e+00,8.384613e+00,-6.831813e-01,-6.179213e-01,-5.640235e-01,1.080132e+00
1.121943e+01,1.935027e+00,1.472095e+01,8.217759e-01,-5.554571e-01,6.726798e-01,1.198477e+00
9.606822e+00,3.936945e+00,1.130629e+01,-1.460399e+00,-8.676755e-01,-1.284446e+00,2.129654e+00
1.128166e+01,3.963821e+00,8.470639e+00,3.033557e-01,-1.224395e+00,-2.338544e+00,2.657058e+00
1.103184e+01,6.231863e+00,9.352857e+00,-3.011712e-01,1.257009e-01,-1.304742e+00,1.344937e+00
1.024892e+01,2.574379e+00,1.171975e+01,1.968319e-01,-3.702324e-01,5.611022e-01,7.004645e-01
1.050132e+01,3.029732e+00,1.073503e+01,3.560995e-01,1.374980e-01,1.103849e+00,1.167988e+00
1.154501e+01,3.497089e+00,1.364190e+01,6.194426e-01,-5.927189e-01,-1.205020e+00,1.478884e+00
1.885854e+01,4.090823e+00,7.672788e+00,-1.118857e+00,7.585547e-01,1.094730e+00,1.739448e+00
1.702690e+01,6.443079e+00,9.129983e+00,1.571370e+00,1.921777e+00,1.458098e-01,2.486703e+00
1.438879e+01,7.624469e+00,1.170935e+01,9.865847e-01,1.449093e+00,-1.918762e-01,1.763529e+00
1.749830e+01,1.946613e+00,1.079214e+01,-1.444995e+00,-1.651331e-01,1.210806e+00,1.892440e+00
1.527950e+01,4.498685e+00,9.042047e+00,-1.638058e+00,-1.118713e+00,5.077756e-01,2.047581e+00
1.538121e+01,4.281542e+00,1.096897e+01,-1.230293e+00,-1.638904e+00,3.216608e-01,2.074390e+00
1.833534e+01,8.007774e-01,1.351895e+01,-1.786531e-01,-1.207875e+00,1.847685e-02,1.221155e+00
1.742466e+01,4.222444e+00,1.080843e+01,-1.126855e+00,-9.544930e-01,9.540413e-01,1.758139e+00
2.067100e+01,3.971962e+00,1.253632e+01,6.073036e-01,1.642025e-01,2.316260e-01,6.703960e-01
1.921631e+01,6.758946e+00,1.021740e+01,9.957150e-01,3.761314e-01,-2.049741e-01,1.083945e+00
1.775938e+01,4.379965e+00,1.196440e+01,1.128803e+00,-2.754281e-01,6.610472e-01,1.336803e+00
2.056104e+01,7.073151e+00,1.181153e+01,-2.982255e-01,2.231776e-01,-2.966093e-01,4.761552e-01
1.909573e+01,2.402711e+00,1.101997e+01,2.415037e-01,-4.053558e-01,-9.510164e-01,1.061635e+00
2.054587e+01,2.485105e+00,1.413609e+01,1.469399e-02,1.198686e+00,-8.989989e-02,1.202142e+00
2.285630e+01,4.611222e+00,1.278333e+01,-6.996153e-01,-9.533114e-01,-5.278857e-01,1.294962e+00
2.109377e+01,2.097542e+00,8.227207e+00,-8.800499e-01,-7.983914e-01,-4.454398e-01,1.268989e+00
2.128527e+01,1.214577e+00,1.214436e+01,6.456094e-01,3.666496e-01,6.788118e-01,1.005996e+00
1.507385e-01,4.565957e+00,1.249108e+01,1.751989e-01,8.867971e-01,-7.605995e-01,1.181362e+00
2.178408e+01,4.197616e+00,1.438124e+01,8.907518e-01,8.886127e-01,-1.247804e+00,1.772029e+00
2.099773e+01,3.124326e+00,9.021841e+00,-1.627688e-01,-3.370846e-01,-2.606200e+00,2.632944e+00
3.939683e+00,4.372942e+00,1.266338e+01,-3.584564e-02,5.740823e-01,-3.402049e-01,6.682775e-01
1.209923e-01,2.308215e+00,9.556860e+00,-8.827952e-02,1.110332e-01,1.298090e+00,1.305818e+00
3.888935e+00,2.804990e+00,1.054401e+01,-4.321563e-01,9.691055e-02,6.482911e-01,7.851319e-01
5.226847e-01,5.452705e+00,8.074467e+00,-9.340278e-01,-2.961395e-01,2.385041e-01,1.008460e+00
4.352892e+00,7.705606e+00,8.249329e+00,-2.567912e-01,8.184617e-02,-5.986544e-01,6.565269e-01
2.339801e+01,4.635913e+00,8.576232e+00,-8.697532e-01,-2.451728e-01,-9.869364e-02,9.090219e-01
1.985726e+00,5.962041e+00,8.676422e+00,3.764683e-01,1.752019e-01,1.287067e-01,4.347292e-01
4.340136e+00,3.862585e+00,1.053108e+01,-7.352524e-01,2.992128e-01,-7.265463e-01,1.076101e+00
5.564063e+00,4.357088e+00,8.994357e+00,-6.730216e-01,-8.811350e-02,-1.067068e-02,6.788490e-01
3.889137e+00,2.319087e+00,7.355719e+00,-1.145346e+00,2.175813e-01,-1.494884e+00,1.895742e+00
4.519348e+00,5.993551e+00,9.936327e+00,2.008970e+00,1.230115e-02,6.959857e-01,2.126148e+00
3.336754e+00,4.597609e+00,9.525453e+00,-9.832161e-01,1.425185e+00,-3.522096e-03,1.731438e+00
8.228423e+00,4.922959e+00,1.085295e+01,-1.130544e-02,1.066976e-01,-5.193159e-01,5.302841e-01
6.564894e+00,9.365475e-01,9.161470e+00,-4.256053e-01,-5.379038e-02,1.633547e+00,1.688937e+00
3.863951e-03,5.496091e+00,1.289495e+01,-2.704298e-01,-3.912623e-01,1.137558e+00,1.232987e+00
4.066746e+00,5.494304e+00,9.045666e+00,-1.119168e+00,1.019284e+00,-5.209390e-01,1.600892e+00
6.526317e+00,5.996361e+00,1.198464e+01,1.807525e-01,-2.673948e+00,-1.804007e+00,3.230652e+00
4.120628e+00,4.009125e+00,1.390165e+01,-1.643061e+00,7.735827e-01,-2.922029e-01,1.839419e+00
6.848811e+00,5.060578e+00,1.239789e+01,6.420734e-01,-1.226743e+00,-3.409031e-01,1.425963e+00
8.516386e+00,8.203020e-01,1.054314e+01,1.787994e-01,-6.259544e-01,-5.747295e-01,8.683906e-01
5.277012e+00,3.404674e+00,9.246221e+00,2.086870e-02,-1.346159e+00,-8.355340e-01,1.584518e+00
7.076489e+00,4.890659e+00,1.122072e+01,1.257525e+00,3.128159e-01,5.255022e-01,1.398348e+00
6.305917e+00,9.201896e+00,1.228119e+01,-5.381192e-01,-6.292675e-01,2.663865e-01,8.697768e-01
8.305116e+00,4.954708e+00,1.193363e+01,2.232616e-01,-8.848015e-01,7.570570e-01,1.185687e+00
1.046381e+01,4.569252e+00,1.179484e+01,-4.848276e-01,-6.146011e-01,1.728790e+00,1.897763e+00
7.670679e+00,3.949402e+00,1.200239e+01,-5.112423e-01,-9.920070e-01,-8.412192e-01,1.397532e+00
8.860163e+00,6.526403e+00,1.341456e+01,-1.230048e-01,3.988756e-01,8.759236e-01,9.702959e-01
1.051539e+01,4.465677e+00,1.075074e+01,-1.483775e+00,-6.782278e-01,4.523613e-01,1.692989e+00
1.352524e+01,4.911274e+00,1.058360e+01,-6.662148e-01,7.519883e-01,1.058007e+00,1.459009e+00
1.035398e+01,1.075339e+00,8.421837e+00,2.236150e+00,3.003886e-04,1.090661e-02,2.236177e+00
1.082041e+01,5.553983e+00,1.151161e+01,-9.704721e-01,-9.216380e-01,1.323609e-01,1.344899e+00
1.301349e+01,3.605397e+00,9.308408e+00,1.220697e+00,1.135263e-01,-6.803517e-01,1.402094e+00
1.364808e+01,5.233288e+00,1.237903e+01,1.190669e+00,-1.767388e+00,1.655121e-01,2.137463e+00
1.133204e+01,3.849564e+00,1.031448e+01,-1.172628e+00,-1.490339e+00,8.120439e-01,2.062906e+00
1.220534e+01,8.621061e+00,1.301767e+01,-7.339415e-01,-1.178303e+00,-7.628420e-01,1.583981e+00
1.511581e+01,6.894388e+00,1.157825e+01,8.419421e-01,3.323507e-01,3.054285e-01,9.553063e-01
1.990535e+01,9.605856e+00,9.824440e+00,6.015126e-01,-1.432057e+00,1.483383e-01,1.560323e+00
1.952391e+01,4.890638e+00,9.626968e+00,-8.399927e-01,-7.333652e-01,-9.968562e-01,1.495705e+00
1.717930e+01,7.253679e+00,1.090765e+01,1.947078e-01,-2.371859e-01,-3.750411e-01,4.845866e-01
1.589938e+01,6.913987e+00,1.432279e+01,6.976671e-01,-8.805743e-01,6.794068e-01,1.312914e+00
1.788101e+01,2.676575e+00,1.012875e+01,-7.292804e-01,1.675895e+00,2.127045e-01,1.840032e+00
1.830418e+01,5.462834e+00,1.167392e+01,5.569936e-01,1.747204e+00,-5.445760e-01,1.912989e+00
1.710209e+01,5.273720e+00,1.439881e+01,1.166361e-01,1.812296e-01,1.073273e+00,1.094698e+00
1.934797e+01,7.600586e+00,1.098319e+01,6.066029e-01,-8.219520e-01,-5.826886e-01,1.176052e+00
1.761906e+01,6.388960e+00,1.153320e+01,-3.737627e-01,-1.408378e+00,1.083644e+00,1.815905e+00
2.099482e+01,3.119479e+00,1.158856e+01,5.723547e-01,1.265204e+00,1.216638e+00,1.846222e+00
2.025671e+01,4.834990e+00,1.209623e+01,1.279939e+00,9.298816e-01,-1.098047e+00,1.925780e+00
2.008336e+01,6.266559e+00,8.756475e+00,-2.512703e-01,-6.363767e-02,-2.059124e-01,3.310384e-01
2.184477e+01,8.981167e+00,1.176725e+01,1.705244e+00,1.371160e+00,-4.165529e-01,2.227432e+00
2.129343e+01,7.882621e+00,1.202540e+01,-3.918604e-01,6.683629e-01,-4.351564e-01,8.886082e-01
1.894276e+01,6.276831e+00,1.315666e+01,1.191212e+00,3.000473e-01,1.813123e+00,2.190075e+00
2.132668e+01,5.467658e+00,1.011889e+01,-5.594366e-01,1.843588e-02,7.603003e-01,9.441217e-01
2.245289e+01,5.348979e+00,9.748176e+00,-1.091680e-01,-5.767834e-01,-6.666878e-01,8.882957e-01
2.241982e+01,3.903690e+00,1.362810e+01,1.014433e-01,-1.262097e-01,-1.836730e+00,1.843853e+00
3.896862e-02,4.452241e+00,1.109158e+01,2.511241e+00,3.465950e-01,-1.092204e+00,2.760321e+00
1.231076e+00,2.023049e+00,9.421630e+00,7.613031e-01,7.532871e-01,1.138625e+00,1.563167e+00
2.196281e+01,6.807357e+00,6.921101e+00,-2.769967e-01,-3.012845e-01,-9.448689e-01,1.029697e+00
2.287627e+01,2.069608e+00,1.023098e+01,4.494201e-01,-4.557393e-01,1.769459e+00,1.881664e+00
1.590345e+00,4.254714e+00,1.105773e+01,-4.100536e-01,3.225053e-01,4.910152e-01,7.164144e-01
2.133950e+01,5.389241e+00,8.249080e+00,6.382858e-01,-1.471849e+00,-2.344025e-01,1.621324e+00
1.314073e+00,4.189843e+00,1.239075e+01,-4.968136e-01,-3.386597e-01,1.845044e+00,1.940542e+00
6.545641e-01,3.827839e+00,1.164349e+01,-8.764577e-02,1.196362e+00,4.896642e-01,1.295660e+00
2.617328e-01,4.114318e+00,8.758575e+00,2.908387e-01,5.165164e-01,7.173900e-01,9.306046e-01
1.064927e+00,6.293014e+00,1.278173e+01,1.283515e+00,-2.034688e-01,3.328100e-01,1.341482e+00
3.940449e+00,8.610298e+00,7.922480e+00,-1.121770e+00,-1.070506e+00,1.247981e+00,1.990428e+00
2.427136e+00,6.864663e+00,1.188956e+01,-2.108859e-01,-6.327880e-01,2.222702e-01,7.030630e-01
8.662109e-01,8.319882e+00,1.384509e+01,1.341805e-01,-6.683866e-02,4.110613e-01,4.375422e-01
2.746202e+00,5.455795e+00,9.191998e+00,9.782295e-02,1.430264e+00,8.364721e-01,1.659792e+00
5.427190e+00,6.088581e+00,1.061141e+01,1.442646e+00,-4.618160e-01,1.242827e+00,1.959367e+00
3.852089e+00,4.389514e+00,1.139682e+01,9.024537e-01,2.227863e-01,-2.150960e+00,2.343221e+00
2.687887e+00,8.143492e+00,1.016586e+01,-1.406067e+00,-6.572907e-01,-4.959870e-01,1.629435e+00
7.091317e+00,4.941571e+00,1.017776e+01,3.547325e-01,-4.750034e-01,-6.506595e-01,8.802393e-01
8.486385e+00,7.220295e+00,8.575531e+00,3.124773e-01,-1.324037e+00,-1.139861e+00,1.774824e+00
4.222913e+00,5.109684e+00,1.043117e+01,-1.220956e+00,1.536596e+00,-6.116303e-01,2.055712e+00
5.945289e+00,8.642758e+00,1.118041e+01,-7.552473e-01,-7.823000e-01,3.260533e-01,1.135210e+00
7.350610e+00,7.801982e+00,1.095092e+01,-1.134068e+00,1.407929e+00,-4.964825e-02,1.808546e+00
8.525323e+00,8.363499e+00,1.051379e+01,-4.354455e-02,-2.009045e-01,-2.127599e+00,2.137507e+00
7.734540e+00,7.541165e+00,1.183472e+01,2.499484e+00,7.961501e-01,1.114555e+00,2.850177e+00
6.489633e+00,1.293220e+01,1.198583e+01,-1.293072e+00,-6.977719e-02,2.082229e+00,2.452057e+00
7.264535e+00,9.501094e+00,1.186529e+01,5.575565e-01,-1.276347e+00,4.529228e-01,1.464606e+00
1.151882e+01,6.972762e+00,1.001009e+01,1.638575e+00,2.068643e-01,-3.342062e-01,1.685057e+00
9.272957e+00,7.884590e+00,1.296851e+01,-4.084410e-02,4.946751e-01,1.737519e-01,5.258910e-01
8.958776e+00,7.795182e+00,1.407852e+01,1.640522e+00,-1.262244e+00,-2.202446e-01,2.081606e+00
1.204159e+01,5.901988e+00,9.699052e+00,7.369138e-01,7.355757e-01,-1.007371e+00,1.448761e+00
1.246138e+01,6.533178e+00,1.082526e+01,1.238727e+00,3.167952e-01,4.242173e-01,1.347132e+00
1.604554e+01,8.816757e+00,1.127177e+01,1.358110e+00,-1.347854e-01,2.928072e-01,1.395838e+00
1.161122e+01,6.852325e+00,1.351150e+01,9.782546e-01,-8.158545e-01,-2.545349e-01,1.298995e+00
1.478892e+01,6.015675e+00,8.367045e+00,7.637621e-01,-8.084163e-02,-1.135108e+00,1.370525e+00
1.802325e+01,6.341831e+00,9.597372e+00,-1.577864e+00,6.397630e-01,1.339496e-01,1.707891e+00
1.617615e+01,7.104515e+00,1.153843e+01,1.561440e+00,7.580154e-01,1.217633e+00,2.120215e+00
1.365554e+01,6.064069e+00,8.788350e+00,-1.253885e+00,-1.302381e+00,8.146611e-01,1.982952e+00
1.219546e+01,7.333095e+00,1.192911e+01,-4.348777e-01,-7.501339e-01,-5.026819e-01,1.002252e+00
1.773136e+01,8.316050e+00,1.210905e+01,5.326460e-01,-1.569616e-02,-4.255485e-01,6.819455e-01
1.422605e+01,5.906623e+00,1.161021e+01,-6.529160e-01,-9.112395e-02,3.605120e-01,7.513799e-01
1.448998e+01,5.286388e+00,1.047860e+01,-2.164515e+00,-6.537932e-01,3.208938e-01,2.283756e+00
1.711833e+01,2.405507e+00,1.308889e+01,7.119849e-01,-1.794343e+00,-5.218922e-01,1.999740e+00
1.524470e+01,6.219217e+00,1.027504e+01,7.218508e-01,-6.534798e-01,3.640349e-01,1.039532e+00
1.748595e+01,3.162198e+00,1.091952e+01,3.333723e-01,-7.191355e-01,3.715119e-01,8.753936e-01
1.337293e+01,6.015192e+00,1.297167e+01,-2.519334e-01,3.351295e-01,-1.280431e+00,1.347326e+00
1.725655e+01,5.405703e+00,1.126999e+01,-1.663583e+00,3.577011e-01,1.150488e+00,2.054040e+00
1.684301e+01,9.293733e+00,1.185421e+01,5.651355e-02,1.009863e+00,2.729022e-01,1.047613e+00
1.840100e+01,8.052335e+00,1.408294e+01,-1.529495e+00,-1.135686e+00,1.707722e+00,2.558408e+00
1.808677e+01,3.226654e+00,1.277307e+01,1.447533e+00,-1.510364e+00,1.860522e+00,2.799659e+00
2.056562e+01,7.578323e+00,1.020251e+01,-7.830952e-01,3.841771e-01,2.170312e+00,2.339035e+00
1.913944e+01,8.028678e+00,9.573118e+00,-3.915378e-01,1.815255e+00,1.268991e+00,2.249176e+00
2.045044e+01,9.345235e+00,1.073784e+01,1.551821e+00,5.656610e-01,-9.153128e-01,1.888364e+00
1.635451e+01,8.559992e+00,1.258216e+01,1.246697e-01,-4.441198e-01,4.703276e-01,6.587814e-01
2.038117e+01,1.047665e+01,9.279088e+00,-5.515961e-01,1.059551e+00,-3.205968e-01,1.236806e+00
2.284103e+01,8.627564e+00,1.104677e+01,4.288610e-01,7.223891e-01,-5.726028e-01,1.016682e+00
2.153138e+01,7.386176e+00,1.446537e+01,-2.711656e-01,-2.075068e+00,2.413223e-01,2.106579e+00
2.077773e+01,8.889355e+00,1.163073e+01,1.209413e+00,-1.384189e+00,6.958075e-01,1.965403e+00
2.222478e+01,6.242139e+00,1.074666e+01,-7.898744e-01,4.020144e-01,-2.742035e-01,9.277417e-01
2.347719e+01,4.487271e+00,1.377772e+01,4.811215e-01,-7.205618e-01,7.889607e-01,1.171813e+00
2.148109e+01,7.315660e+00,7.768484e+00,-3.095834e-01,-7.531266e-01,-5.637691e-01,9.903925e-01
2.206592e+01,5.726447e+00,1.216889e+01,9.382995e-01,-1.340298e+00,-6.635450e-01,1.765530e+00
1.840238e+01,9.268159e+00,8.945628e+00,-8.148142e-02,1.434052e+00,-6.205998e-03,1.436378e+00
2.272549e+01,7.395596e+00,1.007890e+01,5.934577e-01,3.601072e-01,-6.166905e-01,9.285345e-01
2.210068e+01,6.412805e+00,7.930497e+00,-1.063867e-01,-4.932641e-01,-5.274968e-01,7.299866e-01
2.635438e+00,8.392934e+00,1.396735e+01,1.152771e+00,-6.782420e-01,3.668140e-01,1.386883e+00
2.352587e+01,7.269490e+00,7.769198e+00,-7.668921e-01,-1.836777e+00,-1.175501e-02,1.990480e+00
4.287001e+00,8.655079e+00,9.866532e+00,-4.582912e-01,7.540831e-01,2.158680e+00,2.332075e+00
1.579330e+00,7.110934e+00,6.823161e+00,1.250424e+00,1.978305e-01,-2.153989e+00,2.498473e+00
1.461085e-02,8.681240e+00,1.104575e+01,-2.684881e-01,-1.181123e+00,-7.261353e-01,1.412236e+00
4.980322e+00,8.481488e+00,8.566147e+00,-9.728683e-01,4.102938e-01,5.108910e-01,1.172955e+00
5.056032e+00,9.167494e+00,1.059204e+01,2.006103e+00,7.116959e-01,-3.340122e-01,2.154652e+00
5.965563e+00,1.114898e+01,1.145468e+01,-1.081453e+00,-6.002250e-01,-1.328226e+00,1.814937e+00
3.211577e+00,8.794474e+00,1.188034e+01,-2.906441e-01,2.688852e-01,-4.455178e-01,5.960364e-01
7.410289e+00,8.576899e+00,9.991337e+00,-3.023506e-01,-1.540091e+00,-6.888846e-01,1.714018e+00
5.440793e+00,9.556672e+00,8.590665e+00,6.660344e-01,-1.013872e+00,2.054106e-01,1.230338e+00
4.309820e+00,1.269382e+01,9.467488e+00,4.203727e-01,1.713498e+00,2.257855e-01,1.778698e+00
5.640983e+00,1.240628e+01,1.632430e+01,6.275011e-01,8.459029e-01,1.120542e-01,1.059181e+00
5.176633e+00,8.041456e+00,9.452390e+00,3.272601e-01,1.043888e+00,-1.007619e+00,1.487312e+00
8.067956e+00,1.192098e+01,1.045514e+01,-3.148821e-01,-9.400258e-01,-9.781666e-01,1.392699e+00
7.533564e+00,8.215861e+00,1.368884e+01,1.736234e-01,-7.122957e-01,4.623776e-01,8.667775e-01
5.034665e+00,9.937867e+00,1.142052e+01,7.675670e-01,8.252988e-01,6.166027e-02,1.128751e+00
8.458616e+00,6.830063e+00,1.235522e+01,4.385735e-01,3.895240e-01,7.223974e-01,9.305555e-01
1.048161e+01,6.894641e+00,7.156771e+00,-6.782503e-01,4.518698e-01,-5.036152e-02,8.165451e-01
9.565326e+00,8.883120e+00,1.314963e+01,7.266139e-01,4.839335e-01,-4.069221e-01,9.631953e-01
7.152649e+00,1.120571e+01,1.567765e+01,9.230821e-01,-1.156893e+00,-1.126309e+00,1.859853e+00
1.193449e+01,7.566215e+00,1.426175e+01,-1.249650e+00,9.236214e-01,-1.242384e+00,1.989527e+00
7.800396e+00,8.549720e+00,1.156783e+01,-1.777222e-01,-4.283514e-01,-5.453670e-01,7.158877e-01
9.144043e+00,5.728605e+00,1.074415e+01,5.998714e-01,-1.439271e+00,1.361410e-01,1.565209e+00
1.093812e+01,1.057093e+01,1.249512e+01,2.756516e-01,-1.431614e+00,3.437380e-02,1.458315e+00
1.110682e+01,1.032966e+01,8.600147e+00,-1.979681e-01,8.444214e-01,5.872733e-02,8.693031e-01
1.542758e+01,8.620573e+00,9.765130e+00,-2.060523e-02,2.049496e-01,-1.128100e+00,1.146751e+00
1.436883e+01,9.183897e+00,1.266774e+01,-2.394032e-01,-2.548764e-01,3.163778e-01,4.715621e-01
9.367305e+00,1.034459e+01,1.484510e+01,-1.572267e+00,-1.400058e+00,3.932667e-01,2.141693e+00
1.146372e+01,7.055075e+00,1.250521e+01,-3.000971e-01,1.303411e+00,-5.145963e-01,1.433090e+00
1.846844e+01,1.397105e+01,1.098236e+01,-6.293669e-01,7.458235e-01,1.998720e+00,2.224239e+00
1.281606e+01,7.703461e+00,1.114215e+01,1.364551e-02,-1.132544e-01,1.581829e+00,1.585937e+00
1.455289e+01,1.049635e+01,1.346357e+01,-1.192339e+00,-9.353602e-01,4.277132e-01,1.574646e+00
1.566294e+01,8.338677e+00,8.792531e+00,1.263807e-01,-5.063028e-01,-3.280381e-01,6.163795e-01
1.681324e+01,1.088950e+01,1.302412e+01,-6.029162e-01,-3.112827e-01,8.921082e-01,1.120831e+00
1.587947e+01,1.024586e+01,9.980302e+00,5.191582e-01,-3.747862e-01,2.389401e-01,6.834342e-01
1.329215e+01,8.790753e+00,1.321284e+01,7.712461e-01,-4.514283e-01,-6.805725e-01,1.123293e+00
1.846835e+01,1.105238e+01,1.230009e+01,1.360286e+00,3.098889e-01,7.713972e-01,1.594196e+00
1.748642e+01,1.031954e+01,1.219701e+01,8.301692e-01,-1.337151e+00,2.294165e-01,1.590530e+00
1.551303e+01,6.622660e+00,1.519481e+01,-1.565085e+00,3.818537e-01,-1.445764e+00,2.164611e+00
1.525140e+01,8.505982e+00,1.360359e+01,7.148469e-01,9.424043e-01,2.088679e+00,2.400357e+00
1.537033e+01,8.723253e+00,1.220800e+01,-1.299233e+00,-6.505658e-01,-8.019362e-01,1.659622e+00
2.130914e+01,9.580265e+00,1.241624e+01,8.888579e-01,-1.067955e+00,-3.147923e-01,1.424672e+00
2.153525e+01,6.829137e+00,9.821951e+00,-1.313489e+00,1.827726e+00,9.789680e-01,2.454427e+00
1.852309e+01,9.714721e+00,1.593103e+01,6.010868e-01,1.108789e+00,-3.446123e-01,1.307469e+00
1.763766e+01,8.435370e+00,1.091760e+01,2.416634e-01,-8.367313e-01,3.280885e-02,8.715485e-01
1.962109e+01,7.201441e+00,1.317440e+01,-1.037077e+00,-1.368704e+00,3.372202e-01,1.750028e+00
1.844648e+01,1.015568e+01,1.156110e+01,5.983467e-01,-5.936035e-01,-1.968508e+00,2.141356e+00
1.917006e+01,1.147814e+01,1.428695e+01,-2.978329e-01,7.951474e-01,-3.216213e-02,8.497047e-01
1.984098e+00,7.849488e+00,1.317566e+01,1.238231e+00,-1.412181e-01,-1.244978e-01,1.252461e+00
2.308698e+01,8.156604e+00,1.306874e+01,-5.643799e-01,1.337883e+00,-1.027153e-01,1.455681e+00
2.245000e+01,9.702864e+00,1.110772e+01,7.840389e-01,9.280937e-01,-1.429661e+00,1.876168e+00
1.987119e+01,8.725776e+00,1.340060e+01,-1.065099e+00,-1.290897e+00,-1.264091e+00,2.097327e+00
9.661073e-01,7.319523e+00,1.312868e+01,-9.053650e-01,-6.932425e-01,-1.920747e-01,1.156358e+00
2.214681e+01,1.025752e+01,1.527283e+01,8.205238e-01,-1.465514e+00,3.213984e-01,1.710055e+00
2.329853e+01,6.312593e+00,1.068702e+01,-6.179971e-01,-3.166842e-01,-1.903562e-01,7.200311e-01
2.393226e+00,7.296350e+00,1.417595e+01,-8.718003e-01,5.735007e-01,1.106627e+00,1.521040e+00
1.379682e+00,7.100041e+00,1.126815e+01,9.113500e-01,-1.740377e+00,-1.548112e-01,1.970644e+00
2.167879e+00,1.004777e+01,1.383075e+01,1.356518e-01,8.501730e-01,1.740870e+00,1.942118e+00
4.593582e+00,1.006241e+01,1.013448e+01,-3.632519e-01,9.397919e-01,1.212933e+00,1.576822e+00
2.349592e+00,6.128998e+00,9.924566e+00,1.280232e-01,-9.497210e-01,1.057453e+00,1.427083e+00
1.824083e+00,8.234835e+00,9.607594e+00,-1.226253e+00,7.721896e-01,-8.664301e-01,1.688394e+00
1.250314e+00,1.293905e+01,1.282951e+01,-7.357537e-01,-1.807873e-01,-9.847869e-01,1.242507e+00
1.178322e+00,9.689458e+00,1.428660e+01,-3.907356e-01,1.583820e+00,6.393023e-03,1.631319e+00
6.131992e+00,6.607570e+00,1.119187e+01,-1.489567e+00,1.696825e-01,4.894988e-01,1.577090e+00
4.952560e+00,6.997302e+00,7.773752e+00,6.272658e-01,8.397123e-01,7.752293e-01,1.303672e+00
9.088675e+00,1.235874e+01,1.067767e+01,-8.021423e-01,-6.141937e-01,-1.054163e+00,1.460111e+00
3.949301e+00,1.129966e+01,1.110339e+01,6.249932e-01,2.603768e-01,5.002260e-01,8.418068e-01
4.852640e+00,1.272814e+01,1.059927e+01,-9.944582e-01,-9.994542e-01,1.118391e+00,1.799626e+00
8.736070e+00,7.819713e+00,1.143509e+01,-3.266490e-01,-9.135652e-01,-1.287267e+00,1.611942e+00
9.174203e+00,9.948383e+00,9.838274e+00,-1.613911e-01,4.657376e-01,-3.681061e-01,6.151916e-01
5.802241e+00,1.137481e+01,1.048870e+01,-1.687574e+00,9.411753e-01,-4.466503e-01,1.983233e+00
6.221275e+00,9.816213e+00,1.134815e+01,5.416624e-01,6.238895e-01,-1.755997e-01,8.446724e-01
1.280186e+01,9.062407e+00,9.513665e+00,4.718418e-01,3.398164e-01,3.045070e-01,6.563798e-01
8.318864e+00,9.525582e+00,1.031083e+01,1.343845e+00,7.642472e-02,1.341449e+00,1.900328e+00
8.088998e+00,1.294847e+01,7.301326e+00,6.593301e-01,-5.896388e-02,7.775816e-01,1.021189e+00
9.263230e+00,1.226901e+01,8.997320e+00,-4.366034e-01,-8.236095e-02,-1.384345e+00,1.453897e+00
8.833461e+00,9.650081e+00,1.317144e+01,4.350098e-02,7.447445e-01,1.443168e+00,1.624583e+00
1.263659e+01,1.223314e+01,1.031855e+01,1.109187e+00,-1.755245e-01,-1.307287e-01,1.130573e+00
8.993046e+00,1.063571e+01,1.272891e+01,3.617135e-01,4.792316e-01,-5.429246e-01,8.094855e-01
1.297703e+01,1.273696e+01,9.495866e+00,1.611590e+00,-1.036431e-02,-1.149164e+00,1.979370e+00
1.134154e+01,9.193792e+00,1.259312e+01,1.675673e+00,-1.169564e+00,-1.267661e+00,2.404730e+00
1.065700e+01,8.927935e+00,1.357109e+01,-3.317873e+00,6.155488e-01,2.138042e+00,3.994798e+00
1.346370e+01,7.691208e+00,9.795652e+00,-9.296036e-01,-1.017958e+00,6.358571e-01,1.518129e+00
1.377399e+01,8.864615e+00,1.009615e+01,-1.331269e+00,-5.258985e-01,-1.030592e+00,1.763793e+00
1.439868e+01,7.002517e+00,8.519681e+00,1.338504e+00,-1.290615e+00,-7.902353e-01,2.020335e+00
1.434577e+01,1.132127e+01,8.937045e+00,-3.187086e-01,6.315678e-01,6.803514e-01,9.814943e-01
1.538006e+01,9.722576e+00,1.273087e+01,-6.615041e-01,-1.242264e+00,2.863789e-01,1.436252e+00
1.481543e+01,1.137892e+01,1.116932e+01,4.070709e-02,4.441982e-03,9.382712e-01,9.391643e-01
1.785668e+01,1.205151e+01,1.073465e+01,2.285103e-01,-1.537852e+00,-1.184635e+00,1.954627e+00
1.548435e+01,1.075616e+01,1.303829e+01,-3.837910e-01,-3.632780e-01,-1.029819e+00,1.157494e+00
1.413294e+01,1.037605e+01,1.255265e+01,-8.675753e-01,-3.791130e-01,1.960838e-01,9.668828e-01
1.849308e+01,1.096156e+01,1.096246e+01,7.224389e-01,1.422246e+00,1.417802e+00,2.134213e+00
1.632075e+01,9.892035e+00,1.088439e+01,-1.277200e+00,7.515105e-01,-6.425918e-01,1.615219e+00
1.823642e+01,8.942792e+00,1.474305e+01,1.281016e+00,-2.378165e-01,1.223277e+00,1.787167e+00
1.471435e+01,9.230635e+00,1.750067e+01,-1.672549e+00,-3.465929e-02,-7.565118e-01,1.836010e+00
1.840222e+01,1.330507e+01,1.526702e+01,1.231574e+00,-3.370481e-01,-1.012395e+00,1.629515e+00
1.861211e+01,1.114917e+01,8.021408e+00,-6.919923e-01,-2.131883e-01,1.366862e-02,7.242164e-01
2.128200e+01,9.875437e+00,1.138888e+01,-1.840111e-01,1.372902e+00,1.387189e+00,1.960360e+00
2.003934e+01,1.115566e+01,1.521909e+01,1.488287e+00,1.486914e+00,6.699547e-01,2.207883e+00
2.066158e+01,7.940009e+00,1.397577e+01,-1.145838e+00,9.867304e-01,-5.754845e-01,1.617951e+00
2.059826e+01,1.035305e+01,1.069811e+01,-1.471349e+00,-1.802473e-02,-3.140085e-01,1.504591e+00
2.007988e+01,1.006890e+01,1.476782e+01,-1.594604e-01,2.001959e+00,-2.149476e-01,2.019769e+00
1.929418e+01,9.785264e+00,1.235969e+01,-1.637701e+00,-1.993074e-01,3.635577e-01,1.689368e+00
2.215503e+01,1.001737e+01,1.214854e+01,-1.488197e+00,8.309580e-02,-8.169398e-03,1.490537e+00
2.380761e+01,6.582666e+00,1.174301e+01,6.225501e-01,-1.621465e-01,-1.976203e-01,6.729888e-01
1.964337e+01,6.642445e+00,1.204364e+01,-1.683397e+00,3.422515e-01,8.473901e-01,1.915471e+00
2.391075e+01,7.536841e+00,1.344379e+01,1.061489e+00,-1.276683e+00,1.354455e+00,2.142715e+00
2.275492e+01,1.300183e+01,1.601313e+01,-3.089369e-01,-1.238700e-01,1.195465e+00,1.240936e+00
2.175928e+01,1.218520e+01,1.375893e+01,1.411866e-01,6.574191e-01,3.843548e-01,7.745077e-01
1.645244e+00,1.198942e+01,1.268330e+01,8.776565e-01,-3.457916e-01,9.622833e-01,1.347532e+00
2.352870e+01,9.289538e+00,1.269130e+01,-1.484847e+00,-1.637168e+00,-4.565582e-01,2.256886e+00
2.696115e+00,1.188379e+01,1.282829e+01,-5.983222e-01,1.180621e+00,-1.802425e-01,1.335793e+00
2.854613e+00,1.481453e+01,1.056864e+01,3.482359e-01,-1.527403e+00,9.938924e-01,1.855276e+00
1.109775e+00,1.310567e+01,1.078095e+01,8.149872e-01,1.624513e+00,1.593933e-01,1.824460e+00
2.881378e+00,7.612798e+00,1.261010e+01,1.351478e+00,5.217150e-01,-3.020172e-01,1.479829e+00
1.420749e+00,1.092847e+01,1.123941e+01,6.390455e-01,-5.499425e-01,-1.634053e+00,1.838735e+00
4.656118e+00,1.370987e+01,1.064215e+01,-6.758803e-02,1.822714e+00,-1.862604e+00,2.606942e+00
2.952191e+00,1.170708e+01,1.067352e+01,7.494885e-01,-8.205872e-02,-9.052261e-01,1.178092e+00
2.042347e+00,8.055542e+00,1.097497e+01,-2.332474e+00,-3.874876e-02,-3.470912e-01,2.358476e+00
1.275608e+00,1.183292e+01,1.522916e+01,-1.036900e+00,-1.627617e+00,1.142261e+00,2.242556e+00
5.792981e+00,1.372284e+01,1.043494e+01,3.706582e-01,-8.201537e-01,-6.779574e-01,1.126794e+00
3.195272e-01,9.573764e+00,8.958362e+00,6.479255e-01,-1.005747e+00,4.642882e-02,1.197285e+00
2.883896e+00,1.097422e+01,9.726805e+00,8.266921e-01,-1.138774e+00,-3.452223e-01,1.448932e+00
6.542233e+00,1.212828e+01,1.337781e+01,-2.626321e-01,7.321434e-01,-3.883037e-01,8.693614e-01
5.457478e+00,1.221094e+01,7.721484e+00,-2.051559e+00,1.719753e+00,-1.199269e+00,2.933376e+00
2.549065e+00,1.331929e+01,9.430232e+00,3.258321e-01,6.152496e-01,-1.585197e+00,1.731343e+00
5.279379e+00,1.271933e+01,9.650745e+00,2.388796e-01,-1.784119e+00,-6.150877e-01,1.902230e+00
4.995009e+00,1.084131e+01,1.186672e+01,1.114350e+00,2.252360e-01,-2.088178e-02,1.137077e+00
8.493933e+00,1.330640e+01,9.712706e+00,-5.797920e-01,-1.131467e+00,1.525094e+00,1.985520e+00
8.836432e+00,1.185640e+01,9.794121e+00,3.420638e-01,5.698020e-01,-3.557456e-01,7.538149e-01
1.005892e+01,1.478704e+01,9.302067e+00,-1.788010e+00,5.265059e-01,-1.556524e+00,2.428365e+00
1.024724e+01,1.411127e+01,1.073466e+01,-5.666657e-01,4.846978e-01,-2.022434e+00,2.155523e+00
9.048007e+00,9.774845e+00,1.204749e+01,9.335372e-02,9.998117e-01,7.439284e-01,1.249707e+00
1.244186e+01,1.100467e+01,1.109213e+01,2.534733e-01,5.766051e-01,-9.809569e-01,1.165761e+00
1.159504e+01,1.337228e+01,1.375661e+01,5.221516e-01,2.250651e-01,-8.743875e-01,1.043001e+00
8.784527e+00,1.308084e+01,8.047487e+00,1.418645e+00,8.324336e-01,-1.905019e-02,1.644951e+00
1.322648e+01,1.060415e+01,1.058047e+01,-4.445629e-02,6.568797e-02,-6.009357e-01,6.061477e-01
1.492495e+01,1.241500e+01,1.056064e+01,-7.609122e-01,1.950021e+00,-5.285694e-01,2.158924e+00
1.217333e+01,1.389724e+01,1.300656e+01,1.453095e-01,4.478677e-01,1.568016e-02,4.711116e-01
1.144419e+01,1.148131e+01,1.075792e+01,-2.799469e-01,-1.529027e+00,-1.759105e+00,2.347497e+00
1.199272e+01,1.316659e+01,1.026591e+01,3.136649e-02,1.188966e+00,2.563417e-01,1.216690e+00
1.722912e+01,1.179278e+01,9.339832e+00,1.976859e-01,-5.839390e-02,-9.613431e-01,9.831938e-01
1.367936e+01,8.622518e+00,1.118384e+01,-6.822124e-01,7.121892e-01,-1.367958e+00,1.686397e+00
1.320529e+01,1.197449e+01,1.165201e+01,-2.088120e-01,9.535448e-02,3.345175e-01,4.057054e-01
1.388961e+01,1.064766e+01,1.135684e+01,1.461758e-01,-5.060312e-01,1.297485e-01,5.424662e-01
1.266500e+01,8.681893e+00,1.197234e+01,1.205515e-01,-3.243543e-01,-4.520782e-01,5.693093e-01
1.996805e+01,1.254017e+01,1.064339e+01,1.974823e-01,-5.526190e-01,-5.610058e-01,8.118587e-01
1.723395e+01,1.260018e+01,1.157626e+01,-2.819056e-01,2.511554e-01,-2.114564e-01,4.327397e-01
1.769785e+01,1.147576e+01,1.278410e+01,-3.599897e-01,1.554414e-01,4.272685e-01,5.799250e-01
1.998841e+01,1.414783e+01,1.208746e+01,-2.094397e-01,8.406644e-01,-1.316617e+00,1.576091e+00
2.007834e+01,9.960150e+00,1.362231e+01,-5.136818e-01,-4.381422e-01,4.176555e-01,7.938978e-01
1.881799e+01,1.191291e+01,1.051691e+01,-9.254981e-03,-3.386319e-01,-7.183744e-02,3.462915e-01
1.878744e+01,8.457693e+00,1.160550e+01,-2.362384e+00,-8.086283e-01,-2.315543e+00,3.405360e+00
2.131479e+01,1.253159e+01,1.241761e+01,-1.288942e+00,1.462765e-01,1.002671e-01,1.301085e+00
2.271834e+01,9.861369e+00,1.315666e+01,1.638113e-01,-4.983810e-01,-7.453696e-01,9.114788e-01
1.775839e+01,1.048779e+01,1.316521e+01,6.239758e-01,5.953967e-01,-8.539230e-01,1.213683e+00
2.072430e+01,1.235350e+01,9.862922e+00,-9.973056e-01,-3.750784e-01,-2.738195e-01,1.100127e+00
2.255833e+01,1.415981e+01,9.800088e+00,3.884534e-01,5.804994e-01,1.589034e-01,7.163281e-01
2.160894e+01,1.176929e+01,1.192819e+01,-2.983970e-01,-6.237882e-02,-1.891427e-01,3.587574e-01
1.950556e+01,1.147646e+01,1.328961e+01,1.893359e+00,-6.009361e-01,4.367816e-03,1.986442e+00
2.219447e+01,1.097525e+01,6.627315e+00,9.943006e-01,-3.252584e-02,6.147491e-02,9.967300e-01
9.000471e-01,1.307356e+01,1.377028e+01,1.959595e-01,-2.841091e-01,-9.343217e-01,9.960297e-01
2.242181e+01,8.984833e+00,8.313081e+00,-9.131763e-01,8.175686e-01,2.376301e-01,1.248510e+00
2.017977e+01,1.140378e+01,1.048799e+01,2.380479e+00,-7.367291e-01,2.646564e-01,2.505892e+00
2.288229e+01,1.311293e+01,1.007867e+01,-9.549251e-02,-4.785438e-02,-9.250415e-01,9.311878e-01
4.055300e+00,1.526730e+01,6.663177e+00,4.930387e-01,9.659300e-02,-1.768072e+00,1.838069e+00
2.173376e+01,1.050859e+01,1.308253e+01,-6.633547e-01,9.920159e-01,5.035108e-01,1.295244e+00
3.252798e+00,1.469253e+01,7.982657e+00,-9.599000e-02,4.128814e-01,5.420870e-01,6.881449e-01
2.213694e+01,1.143094e+01,1.052858e+01,1.935763e+00,1.302108e-01,1.822022e+00,2.661559e+00
3.439715e+00,1.264644e+01,1.058380e+01,-1.061723e+00,2.433640e-01,-8.859337e-01,1.404051e+00
3.263274e-01,9.875779e+00,1.091125e+01,-4.308114e-01,-2.155612e-01,-1.015287e+00,1.123776e+00
3.481302e+00,1.384181e+01,8.901686e+00,1.136658e+00,-7.507414e-01,-1.870657e+00,2.314079e+00
2.520119e+00,1.190394e+01,9.370270e+00,3.517921e-01,2.574477e-01,-6.757999e-02,4.411395e-01
1.741558e+00,1.361126e+01,9.988174e+00,4.276612e-01,-3.079077e-01,5.577946e-01,7.673565e-01
4.962208e+00,1.445017e+01,9.804388e+00,-6.874675e-01,1.063146e+00,8.068036e-01,1.501274e+00
5.417508e+00,1.637506e+01,9.393863e+00,3.226585e-01,7.753133e-01,-3.959100e+00,4.047183e+00
3.645320e+00,1.391864e+01,9.914590e+00,7.222844e-01,2.574473e-02,1.031137e+00,1.259207e+00
4.948681e+00,1.554188e+01,1.010250e+01,5.815192e-01,8.919479e-01,-2.285200e-01,1.089017e+00
6.165463e+00,1.465255e+01,1.135584e+01,-2.534938e-01,3.716671e-01,-7.387373e-01,8.649441e-01
5.359350e+00,1.456497e+01,1.071413e+01,2.245397e-02,-7.977548e-01,-8.563452e-01,1.170574e+00
7.706908e+00,1.385319e+01,1.015348e+01,-5.869503e-01,4.294376e-01,-2.308280e-01,7.630262e-01
5.009483e+00,1.532805e+01,8.965149e+00,-1.829990e-01,2.416513e+00,1.811306e-01,2.430192e+00
4.160052e+00,1.091682e+01,9.626086e+00,3.222084e+00,-4.214680e-01,1.293935e+00,3.497675e+00
6.658074e+00,1.639104e+01,1.359220e+01,1.561884e-01,2.872572e-01,5.571354e-01,6.459964e-01
4.027787e+00,1.314128e+01,7.011393e+00,-9.655916e-01,-8.220242e-02,-6.268588e-01,1.154156e+00
7.081683e+00,1.382541e+01,9.087912e+00,-7.838968e-02,-4.993565e-01,1.154461e+00,1.260271e+00
7.902676e+00,1.210621e+01,7.858413e+00,1.172634e+00,-9.005823e-01,5.799064e-01,1.588210e+00
6.785483e+00,1.549077e+01,1.071920e+01,-4.142832e-03,-3.773545e-01,-1.347760e+00,1.399596e+00
1.050971e+01,1.759587e+01,8.668892e+00,-2.867074e+00,-8.475050e-01,-2.324111e-01,2.998731e+00
1.375250e+01,1.418016e+01,9.732169e+00,-3.307285e-01,1.127766e+00,-4.929502e-01,1.274455e+00
1.087177e+01,1.256303e+01,1.321637e+01,5.434498e-01,-1.443046e+00,-1.690879e+00,2.288404e+00
8.377788e+00,1.475887e+01,1.096767e+01,9.459437e-01,6.094369e-01,8.019107e-01,1.381768e+00
1.204334e+01,1.514470e+01,8.600514e+00,1.927768e+00,-1.820995e+00,-1.103557e+00,2.872307e+00
1.405846e+01,1.146208e+01,1.203276e+01,-6.718096e-01,-8.304916e-01,5.593544e-01,1.205787e+00
1.602869e+01,1.367040e+01,1.409193e+01,3.170772e-01,3.258280e-01,-9.270672e-01,1.032548e+00
1.045340e+01,1.594354e+01,9.058089e+00,1.295967e+00,-1.127533e-01,-5.703340e-01,1.420396e+00
1.309500e+01,1.096654e+01,1.199776e+01,5.339368e-01,-5.520148e-01,-1.226664e-01,7.777248e-01
1.392153e+01,1.604041e+01,9.170651e+00,3.381576e-02,1.014350e+00,1.340906e+00,1.681689e+00
1.823247e+01,1.151379e+01,9.680159e+00,-6.967038e-01,-3.585264e-02,1.363905e+00,1.531966e+00
1.616957e+01,1.289966e+01,1.334306e+01,2.282285e+00,6.528439e-01,9.807337e-01,2.568437e+00
1.587998e+01,1.548027e+01,9.575917e+00,-3.564159e-01,-1.276940e+00,5.094976e-01,1.420280e+00
1.602568e+01,1.467277e+01,8.994711e+00,2.234495e-02,-4.842041e-01,1.059917e+00,1.165494e+00
1.987322e+01,1.354171e+01,1.091048e+01,1.126764e+00,1.602044e+00,-1.757139e+00,2.631289e+00
1.419219e+01,1.656589e+01,1.358118e+01,9.970797e-01,-5.094887e-01,-8.619181e-01,1.413028e+00
2.043610e+01,1.479306e+01,9.118828e+00,3.157827e-01,-1.224273e+00,1.474974e-01,1.272917e+00
2.163447e+01,1.344990e+01,9.923280e+00,2.145256e+00,8.177911e-02,4.777996e-01,2.199342e+00
1.837391e+01,1.621549e+01,1.099578e+01,4.598291e-01,-1.698709e-03,-2.137133e-01,5.070691e-01
1.597819e+01,1.510348e+01,1.230013e+01,1.359914e-01,7.001507e-01,7.676668e-01,1.047863e+00
2.067337e+01,1.639446e+01,1.027696e+01,1.369405e+00,9.586845e-01,6.556608e-01,1.795616e+00
1.706309e+01,1.548266e+01,1.246261e+01,-1.124434e-01,-5.912886e-01,-1.000682e+00,1.167746e+00
2.132833e+01,1.331448e+01,1.179542e+01,-1.215600e+00,7.998477e-01,-1.825403e-02,1.455257e+00
2.176334e+01,1.455215e+01,8.418299e+00,-5.276936e-01,2.856173e-01,8.806187e-02,6.064591e-01
1.667342e+01,1.212096e+01,1.263439e+01,-8.358883e-01,4.625155e-01,1.002964e+00,1.385124e+00
2.146710e+01,1.287585e+01,9.023731e+00,1.597869e+00,-1.906560e+00,-3.883588e-02,2.487904e+00
2.062132e+01,1.434570e+01,1.121753e+01,1.844627e-01,-4.355499e-01,3.911413e-01,6.137766e-01
2.277574e+01,1.259458e+01,7.793287e+00,-8.079379e-01,-3.050787e-01,-1.526165e-01,8.769997e-01
2.310055e+01,1.378520e+01,1.103790e+01,1.172498e+00,-1.465933e+00,1.266174e+00,2.264267e+00
7.171175e-01,1.576509e+01,6.536305e+00,-7.902280e-01,6.580695e-01,1.911480e+00,2.170547e+00
1.448802e+00,1.358849e+01,1.179473e+01,-2.497008e-01,1.166591e+00,-1.089034e+00,1.615327e+00
2.323580e+00,1.429184e+01,8.216947e+00,4.986394e-01,-1.006844e+00,-6.746302e-01,1.310535e+00
1.096043e+00,1.631129e+01,1.054877e+01,4.002018e-01,1.030609e+00,3.621367e-01,1.163383e+00
3.200364e+00,1.531482e+01,8.813246e+00,-1.893949e-01,3.102343e-01,3.852139e-01,5.296277e-01
2.294781e+01,1.609608e+01,1.028185e+01,1.044301e-01,7.123445e-01,-1.410204e-01,7.336396e-01
1.687902e+00,1.464217e+01,1.203539e+01,5.115846e-01,6.608471e-01,-4.420443e-01,9.454316e-01
2.241076e+00,1.748761e+01,5.421280e+00,-6.056373e-01,-6.948150e-01,-9.695087e-01,1.337726e+00
3.394729e+00,1.584277e+01,7.756591e+00,9.677995e-01,1.237296e+00,-8.855949e-02,1.573334e+00
2.415971e+00,1.634127e+01,1.063120e+01,-6.917618e-01,1.352608e+00,2.504825e+00,2.929545e+00
2.163424e+00,1.532296e+01,8.569171e+00,-4.381800e-01,-6.495131e-02,5.933456e-01,7.404589e-01
3.204809e+00,1.481782e+01,1.157662e+01,8.437809e-01,8.418443e-01,9.185536e-01,1.504795e+00
9.420225e+00,1.897462e+01,1.318888e+01,-4.136309e-01,-1.300492e+00,1.266772e-01,1.370554e+00
5.684307e+00,1.569104e+01,1.114749e+01,8.687448e-01,7.403782e-01,1.210336e+00,1.663668e+00
5.094943e+00,1.877067e+01,1.250340e+01,1.336152e+00,-1.669072e+00,2.902633e-01,2.157628e+00
2.977307e+00,1.561817e+01,9.901490e+00,-1.230566e+00,-5.716507e-01,1.675108e+00,2.155705e+00
1.834195e+00,1.696606e+01,1.585570e+01,1.213053e-01,4.295101e-01,3.532237e-01,5.691756e-01
6.711625e+00,1.471072e+01,6.355468e+00,-3.860396e-01,2.523070e-01,-8.989339e-01,1.010330e+00
3.571554e+00,1.688414e+01,1.395052e+01,-1.414314e+00,-2.221099e-01,3.509525e-02,1.432079e+00
4.499145e+00,1.736680e+01,1.026306e+01,3.379111e-01,5.375835e-01,2.371661e-01,6.778110e-01
5.601411e+00,1.601554e+01,1.358873e+01,-2.678929e-01,1.911821e-01,-9.177217e-01,9.749514e-01
8.714002e+00,1.653233e+01,1.183161e+01,-3.443502e-01,8.381300e-01,8.408790e-01,1.236170e+00
5.424916e+00,1.371013e+01,1.144099e+01,-1.222504e-01,-1.056708e+00,-2.247588e+00,2.486610e+00
7.349289e+00,1.498712e+01,9.102722e+00,4.108560e-01,-2.087847e-01,-6.790790e-01,8.206961e-01
1.132539e+01,1.514215e+01,6.644211e+00,1.292363e-01,6.652750e-01,-7.280255e-02,6.816107e-01
8.240573e+00,1.862507e+01,1.269774e+01,-1.277949e+00,1.013605e-01,6.193887e-01,1.423752e+00
8.283592e+00,1.736248e+01,1.244323e+01,-1.066347e+00,-1.249185e+00,5.891423e-01,1.744891e+00
7.722728e+00,1.375065e+01,7.732426e+00,-5.169528e-02,-4.608401e-01,-7.158395e-01,8.529198e-01
1.178783e+01,1.481340e+01,1.172005e+01,-9.632628e-02,1.290400e-02,-8.071736e-01,8.130034e-01
1.276078e+01,1.405296e+01,1.191056e+01,6.590593e-02,-1.783109e+00,1.400252e+00,2.268155e+00
8.769588e+00,1.653616e+01,7.984358e+00,3.089301e-01,-2.508328e+00,-1.155035e+00,2.778715e+00
1.099850e+01,1.576065e+01,1.009530e+01,6.040906e-01,8.864917e-01,6.847521e-01,1.272666e+00
1.402915e+01,1.880027e+01,8.511538e+00,9.186570e-02,1.133530e-01,6.920576e-01,7.072708e-01
1.163846e+01,1.400704e+01,9.637779e+00,-1.577354e-01,7.560250e-01,1.864751e+00,2.018353e+00
1.204682e+01,1.347567e+01,1.158499e+01,6.442170e-01,-1.046462e+00,-6.777655e-01,1.403376e+00
1.190933e+01,1.079558e+01,1.209948e+01,-1.142185e+00,-6.383267e-01,4.985198e-01,1.400204e+00
1.291650e+01,1.477277e+01,1.004549e+01,1.409323e-02,7.705954e-01,-7.773491e-01,1.094663e+00
1.547343e+01,1.381778e+01,1.099936e+01,-1.289930e+00,-1.147428e+00,7.434868e-01,1.879703e+00
1.473384e+01,1.629853e+01,1.096142e+01,-7.187587e-01,4.299762e-01,1.593170e+00,1.799912e+00
1.288510e+01,1.319266e+01,1.096619e+01,6.217277e-01,1.236729e+00,-3.998125e-01,1.440796e+00
1.680404e+01,1.618101e+01,9.951257e+00,4.521802e-01,1.061825e+00,9.323371e-01,1.483641e+00
1.660913e+01,1.520024e+01,1.151254e+01,9.334331e-01,-4.730987e-03,1.780730e+00,2.010552e+00
1.651454e+01,1.730819e+01,1.162833e+01,7.917702e-02,6.015721e-01,4.786909e-01,7.728538e-01
1.657675e+01,1.490628e+01,7.035021e+00,5.549410e-01,-1.539972e+00,1.274512e+00,2.074573e+00
1.760710e+01,1.555534e+01,1.047055e+01,-4.826084e-02,-1.282329e-01,4.873217e-01,5.062165e-01
1.674920e+01,1.446250e+01,8.248186e+00,-5.429655e-01,1.564225e+00,-1.562639e+00,2.276719e+00
1.392670e+01,1.631314e+01,1.020403e+01,7.258053e-02,1.498024e+00,1.609555e+00,2.200003e+00
2.080936e+01,1.798583e+01,1.176779e+01,-7.901005e-01,-9.754171e-02,-4.164783e-01,8.984583e-01
1.849541e+01,1.758468e+01,1.094142e+01,2.496953e+00,5.162684e-01,1.222164e+00,2.827542e+00
1.992611e+01,1.605172e+01,1.101555e+01,3.043396e-01,2.846116e-01,-7.690530e-01,8.746822e-01
1.751565e+01,1.726811e+01,1.127325e+01,3.534166e-01,-1.199758e-01,7.953577e-01,8.785734e-01
2.283554e+01,1.529813e+01,1.281891e+01,-1.493971e+00,1.439144e+00,5.983438e-01,2.158958e+00
2.389192e+01,1.447949e+01,1.096048e+01,8.774400e-01,-8.779180e-01,-6.432560e-01,1.398005e+00
2.332865e+01,1.091867e+01,7.742803e+00,-8.708635e-01,-5.398755e-01,-2.724489e-01,1.060235e+00
2.183832e+01,1.239753e+01,9.941119e+00,-2.011804e-01,-3.857460e-02,-3.668977e-01,4.202088e-01
2.286341e+01,1.781980e+01,9.578360e+00,8.083860e-01,-1.474069e-01,1.212777e+00,1.464939e+00
2.329338e+01,1.567573e+01,8.610469e+00,-1.299940e-03,-3.028452e-01,-2.827622e+00,2.843794e+00
1.266949e+00,1.409107e+01,9.034696e+00,6.603764e-01,-6.137125e-01,2.432673e-01,9.337660e-01
2.338611e+01,1.708496e+01,1.116340e+01,1.048903e+00,6.314226e-01,1.384695e+00,1.848316e+00
1.424938e+00,1.685847e+01,1.209186e+01,1.168088e+00,-6.166468e-01,-1.605407e-01,1.330585e+00
2.286592e+01,1.886837e+01,9.854457e+00,2.721313e-01,-9.226483e-02,4.420679e-01,5.272498e-01
8.322314e-01,1.887348e+01,1.111330e+01,8.294522e-01,1.087608e+00,1.574057e+00,2.085315e+00
8.357518e-01,1.844958e+01,8.530399e+00,5.759042e-02,6.252924e-01,1.875265e+00,1.977606e+00
1.787091e+00,2.012113e+01,1.068159e+01,-1.523721e+00,1.601796e+00,5.083865e-01,2.268465e+00
2.490164e+00,1.919397e+01,1.259072e+01,-1.474469e+00,-7.617692e-01,-1.152627e-01,1.663621e+00
3.957438e+00,1.706124e+01,1.109484e+01,4.267183e-01,6.381135e-01,5.578370e-01,9.489255e-01
2.890866e+00,1.722149e+01,1.096685e+01,1.186920e+00,-1.658265e+00,-3.615009e-01,2.071063e+00
3.219867e+00,1.888430e+01,7.950748e+00,-5.012566e-01,2.022771e+00,5.060678e-01,2.144520e+00
3.532581e+00,2.177385e+01,1.215343e+01,1.267731e+00,9.535738e-01,-1.488338e+00,2.175223e+00
4.980400e+00,1.730935e+01,1.111267e+01,-2.262230e+00,-5.804877e-01,9.767056e-01,2.531522e+00
4.798784e+00,1.660789e+01,1.333548e+01,-8.068920e-01,-1.464324e+00,1.373339e-01,1.677552e+00
6.691561e+00,1.966186e+01,1.166071e+01,5.307374e-03,-1.833711e-01,-5.715513e-01,6.002699e-01
5.257908e+00,1.807164e+01,1.179923e+01,-8.861882e-01,5.230564e-01,-3.475673e-01,1.086149e+00
3.321331e+00,1.867540e+01,1.199505e+01,1.714581e+00,1.735884e+00,-1.050130e+00,2.656285e+00
3.129263e+00,1.955231e+01,9.988465e+00,-1.131806e+00,-8.177608e-01,4.323504e-01,1.461727e+00
8.512070e+00,1.975211e+01,9.372879e+00,-6.878996e-01,-1.282291e+00,-3.103946e-01,1.487892e+00
4.830449e+00,2.056263e+01,1.131356e+01,5.300266e-01,1.528791e-01,3.020069e-01,6.288946e-01
5.866923e+00,1.847488e+01,1.313740e+01,-4.646125e-01,7.082961e-01,1.552496e-01,8.611914e-01
7.507675e+00,2.224319e+01,1.241800e+01,1.851585e-03,1.054642e+00,-6.399459e-01,1.233614e+00
6.868827e+00,1.648722e+01,1.118139e+01,-1.281479e+00,4.528980e-01,-1.804779e+00,2.259321e+00
4.110735e+00,2.360276e+01,9.491064e+00,-1.005643e+00,3.636467e-01,-1.308958e+00,1.690245e+00
9.699369e+00,1.645125e+01,1.143064e+01,7.905154e-01,-1.924159e+00,-2.982664e-01,2.101491e+00
1.003131e+01,2.002645e+01,8.840809e+00,8.121024e-01,4.053219e-01,-4.386451e-03,9.076427e-01
9.858326e+00,1.697536e+01,9.821072e+00,2.908273e-01,1.797937e-01,-2.581637e-02,3.428889e-01
1.106641e+01,1.885956e+01,1.106270e+01,2.325357e-01,5.189029e-01,2.715978e+00,2.774864e+00
1.098931e+01,1.330251e+01,1.008641e+01,-2.347021e+00,7.003577e-01,6.723561e-01,2.539896e+00
1.073678e+01,1.893011e+01,9.607288e+00,-1.866684e+00,4.889126e-01,-1.002145e+00,2.174360e+00
1.207708e+01,1.550862e+01,1.104343e+01,1.079179e+00,-7.679115e-01,3.485785e-01,1.369606e+00
1.592983e+01,1.877055e+01,9.360806e+00,9.751899e-01,-2.928772e-01,3.711585e-02,1.018897e+00
1.399039e+01,1.984495e+01,8.475173e+00,1.231644e-01,-1.360473e+00,-8.428646e-01,1.605141e+00
1.272190e+01,1.771289e+01,1.097201e+01,7.246930e-02,-9.922217e-01,2.504790e-01,1.025912e+00
1.453940e+01,1.596510e+01,6.522277e+00,8.359241e-01,-7.627003e-01,1.036326e+00,1.534422e+00
1.396658e+01,1.837006e+01,1.047967e+01,4.451134e-01,1.268801e+00,5.585525e-01,1.456009e+00
1.618448e+01,1.423360e+01,1.168420e+01,2.201157e+00,-9.031651e-01,1.438825e+00,2.780470e+00
1.482508e+01,1.581633e+01,9.427501e+00,8.326803e-01,6.173878e-01,4.967913e-01,1.149489e+00
1.216250e+01,1.703115e+01,9.544675e+00,-1.228471e+00,-7.055678e-01,2.201960e+00,2.618319e+00
1.564594e+01,1.977091e+01,1.256058e+01,-9.644362e-01,-8.504386e-01,-2.800043e-01,1.315973e+00
1.448484e+01,1.570193e+01,8.337978e+00,-1.023501e+00,4.728462e-01,-1.083631e+00,1.563776e+00
1.577429e+01,1.886761e+01,1.205110e+01,-1.769238e-01,1.954346e+00,5.323873e-01,2.033275e+00
1.822605e+01,1.658452e+01,1.376216e+01,2.737978e-01,1.457701e+00,-4.304848e-01,1.544401e+00
1.643227e+01,1.945773e+01,7.726508e+00,-6.635934e-01,-1.727409e+00,-3.036986e-01,1.875242e+00
1.823757e+01,1.305732e+01,1.146579e+01,1.549387e+00,-2.116357e+00,-1.676403e-01,2.628244e+00
1.711580e+01,2.111307e+01,1.146401e+01,8.990037e-01,-3.947983e-01,1.201913e+00,1.551989e+00
2.008754e+01,1.958688e+01,1.134458e+01,-1.577871e-01,3.919335e-01,2.993985e-01,5.178302e-01
2.140459e+01,1.553026e+01,5.133703e+00,-2.217986e-01,-2.151147e-01,7.624378e-02,3.182484e-01
1.504583e+01,1.799668e+01,1.434035e+01,-1.264527e+00,7.795625e-02,-1.050987e+00,1.646110e+00
1.879216e+01,1.797403e+01,6.561362e+00,-2.049515e+00,-1.741511e+00,7.839369e-01,2.801416e+00
8.264440e-01,1.312639e+01,9.744336e+00,1.182657e+00,6.622707e-01,1.528166e+00,2.042687e+00
6.217816e-01,1.472464e+01,7.334468e+00,-5.479556e-01,-1.197834e+00,-1.225896e+00,1.799411e+00
3.163706e-01,1.579066e+01,9.733857e+00,6.966652e-01,-2.627402e-01,-8.992386e-01,1.167478e+00
2.068022e+01,2.039814e+01,1.183921e+01,2.999465e+00,-6.474128e-01,-9.702879e-01,3.218290e+00
2.120413e+01,1.779057e+01,8.448067e+00,3.830102e-01,-2.603221e-01,1.695399e-02,4.634132e-01
6.524624e-01,1.706993e+01,1.111768e+01,6.460349e-01,1.495323e+00,-4.755681e-01,1.696914e+00
7.627574e-01,1.522342e+01,1.070350e+01,-2.393186e-01,2.506387e+00,2.132631e-01,2.526802e+00
2.097323e+01,1.575305e+01,1.342701e+01,-9.233466e-01,-7.081833e-01,-2.004286e-01,1.180790e+00
2.376924e+01,1.780665e+01,1.035780e+01,6.093899e-01,1.819835e-01,1.028100e-01,6.442391e-01
2.397779e+00,1.724978e+01,9.879060e+00,-1.422181e-01,5.950327e-01,1.091785e+00,1.251513e+00
1.293918e+00,2.034049e+01,9.714727e+00,4.534169e-01,-1.579090e+00,-6.419093e-01,1.763848e+00
2.203493e+01,2.025238e+01,8.479456e+00,-2.459170e+00,-5.798770e-01,-9.123160e-01,2.686279e+00
2.841008e+00,1.649494e+01,9.293110e+00,-1.525071e+00,6.991521e-02,4.923032e-01,1.604086e+00
3.133850e+00,1.872865e+01,9.014530e+00,-4.680403e-01,-1.673304e-01,-3.448907e-02,4.982476e-01
1.561418e+00,2.098717e+01,8.958592e+00,-1.507383e+00,1.614902e+00,9.949695e-02,2.211337e+00
2.366567e+01,1.886121e+01,6.970148e+00,3.372960e-01,-8.584516e-01,-1.049058e+00,1.396864e+00
4.505726e+00,1.917890e+01,1.124672e+01,-2.442673e+00,9.998506e-01,3.530205e-01,2.662888e+00
2.380041e-01,1.985145e+01,1.010741e+01,5.926592e-01,-1.547556e-01,5.828330e-01,8.455108e-01
4.221133e+00,1.930634e+01,9.696341e+00,4.617729e-01,9.154123e-01,-4.172330e-01,1.106932e+00
2.933584e+00,2.196669e+01,1.033307e+01,-7.654025e-01,7.584521e-01,-1.631622e+00,1.955321e+00
6.287963e+00,2.112682e+01,7.974724e+00,-6.725098e-01,-7.235383e-01,-8.356796e-01,1.293885e+00
1.287215e+01,1.959990e+01,9.955003e+00,1.052469e+00,-1.691360e-02,5.494442e-01,1.187378e+00
8.920584e+00,2.046808e+01,1.401674e+01,-1.771351e+00,7.360804e-01,1.143463e+00,2.233160e+00
2.975041e+00,2.023763e+01,1.106991e+01,-3.362071e-01,2.466086e-01,1.179437e+00,1.250969e+00
7.051669e+00,1.851812e+01,1.011611e+01,-5.126453e-02,-9.934334e-01,2.050493e-01,1.015669e+00
1.224940e+01,1.970941e+01,1.356589e+01,1.622428e-01,8.400718e-01,9.833692e-01,1.303479e+00
7.323948e+00,1.821335e+01,1.263084e+01,3.492644e-01,-2.331840e-01,-3.730698e-01,5.617308e-01
7.163994e+00,1.694994e+01,1.212441e+01,-3.553448e-01,9.989443e-01,-9.010750e-01,1.391437e+00
5.636473e+00,1.904004e+01,1.143985e+01,3.065209e-01,-9.726245e-02,1.241243e+00,1.282224e+00
5.900701e+00,1.950983e+01,8.567342e+00,-1.068892e+00,9.207546e-02,9.812415e-01,1.453906e+00
9.423722e+00,1.612148e+01,1.264954e+01,-1.335243e+00,5.304758e-02,-7.670083e-01,1.540776e+00
8.250905e+00,2.045468e+01,1.305009e+01,1.291076e+00,3.115584e-01,9.362075e-01,1.624940e+00
9.733087e+00,1.997350e+01,1.005053e+01,-6.938488e-01,1.005825e+00,7.686786e-01,1.443598e+00
1.008909e+01,1.871915e+01,1.155178e+01,1.123399e+00,-6.658659e-01,-6.841452e-01,1.474265e+00
1.198844e+01,1.681633e+01,1.122714e+01,5.452571e-02,-2.157278e+00,-7.261250e-01,2.276857e+00
1.292641e+01,1.732843e+01,1.190430e+01,1.001961e+00,-1.644915e+00,8.834710e-01,2.119008e+00
1.145756e+01,1.804106e+01,9.391409e+00,7.064168e-01,2.675212e-01,4.552557e-01,8.819581e-01
1.236002e+01,1.842826e+01,9.326817e+00,1.046870e+00,-4.612178e-01,1.724809e+00,2.069692e+00
1.075673e+01,1.799865e+01,1.158296e+01,3.050899e-01,1.561965e-01,-4.014916e-01,5.278946e-01
1.375139e+01,2.041732e+01,1.150782e+01,-1.115758e+00,4.971591e-01,1.660200e-01,1.232739e+00
1.219134e+01,1.973710e+01,8.763992e+00,7.051891e-01,9.402477e-01,8.766234e-01,1.466228e+00
1.072042e+01,2.123206e+01,1.180664e+01,2.902792e-01,5.038567e-01,-1.986098e-01,6.144749e-01
1.780099e+01,1.914868e+01,1.162974e+01,-6.382137e-01,-1.020347e+00,-2.309047e+00,2.603867e+00
1.368559e+01,1.794079e+01,1.248910e+01,9.315568e-01,7.525890e-01,2.355007e-01,1.220512e+00
1.551132e+01,1.495578e+01,1.129991e+01,-2.130513e-02,-8.726435e-01,-5.910160e-01,1.054163e+00
1.731266e+01,2.041286e+01,1.331657e+01,7.934447e-01,-4.055771e-01,1.583719e+00,1.817200e+00
1.979844e+01,2.126324e+01,1.197734e+01,6.744728e-01,-5.181260e-01,-1.508630e+00,1.731858e+00
1.454773e+01,2.116205e+01,1.124493e+01,-1.733327e+00,-1.722573e-01,-1.949031e+00,2.613966e+00
1.816675e+01,1.761369e+01,8.686928e+00,-3.034196e-01,6.356764e-02,-9.468978e-01,9.963532e-01
1.895564e+01,2.000178e+01,9.641274e+00,-1.169671e+00,-1.006629e+00,-2.216076e-01,1.559019e+00
1.650916e+01,2.315257e+01,1.190110e+01,-1.396703e+00,2.876699e-01,-8.056856e-01,1.637883e+00
1.898384e+01,1.821142e+01,8.957225e+00,5.679739e-01,1.249497e+00,-2.247025e-01,1.390802e+00
1.906992e+01,1.974801e+01,8.476761e+00,-6.914498e-01,-4.717007e-01,2.815558e-01,8.831070e-01
1.549793e+01,1.908917e+01,7.293785e+00,-9.176137e-01,-1.468875e+00,-6.073323e-01,1.835336e+00
1.781511e+01,1.702664e+01,1.024756e+01,3.134516e-01,6.989671e-01,-1.231824e+00,1.450586e+00
2.173331e+01,1.962700e+01,7.523698e+00,3.523913e-01,-2.647065e-01,-1.050655e+00,1.139353e+00
2.099826e+01,1.885927e+01,1.229935e+01,-6.435259e-01,3.962144e-01,-5.321841e-01,9.243004e-01
2.268720e+01,1.940670e+01,8.793247e+00,1.112193e+00,3.547501e-01,-5.727676e-01,1.300340e+00
2.134371e+01,1.674891e+01,1.225868e+01,1.799659e+00,9.374277e-01,-2.462181e-01,2.044056e+00
2.156723e+01,2.054211e+01,1.226016e+01,-5.949914e-02,-1.216892e+00,1.276205e+00,1.764388e+00
2.269936e+01,1.844868e+01,1.220819e+01,1.478089e+00,7.749158e-01,-4.392425e-01,1.725739e+00
2.055640e+01,1.816819e+01,9.839119e+00,-3.831631e-01,9.195179e-01,-1.301388e-01,1.004621e+00
3.276523e-01,2.245933e+01,9.486752e+00,1.533321e+00,9.757299e-01,1.167404e+00,2.160082e+00
2.252885e+01,2.107879e+01,8.961287e+00,-1.727043e+00,-1.281408e-01,9.046728e-01,1.953851e+00
1.833383e+00,6.559408e-03,9.121316e+00,1.856318e+00,-9.126442e-02,-1.449919e-01,1.864208e+00
2.278342e+01,2.321561e+01,8.897238e+00,-1.359599e-01,-1.267091e+00,-5.991202e-01,1.408173e+00
2.043588e+00,1.873373e+01,8.481940e+00,2.287463e-01,-3.147239e-01,-2.735307e-01,4.755997e-01
2.310702e+01,2.083420e+01,9.818407e+00,-1.035810e+00,-6.128104e-01,1.008909e-01,1.207733e+00
3.777981e+00,2.001367e+01,8.073978e+00,-2.218171e+00,-6.361570e-01,1.436608e+00,2.718239e+00
3.589838e+00,1.685849e+01,8.299059e+00,-9.376060e-01,-5.745757e-01,-3.601122e-01,1.157118e+00
2.228039e+01,2.028634e+01,9.472626e+00,-1.877198e-01,-4.860786e-02,-1.167876e+00,1.183865e+00
2.376793e+01,2.202011e+01,1.044084e+01,-1.220257e+00,-1.101749e+00,-5.156075e-01,1.723000e+00
8.331603e-01,2.066464e+01,1.054790e+01,-4.933462e-01,2.182472e-01,8.948036e-02,5.468354e-01
7.305954e+00,2.130670e+01,7.057434e+00,1.066740e+00,-6.711925e-01,-9.171207e-01,1.558700e+00
5.433488e+00,2.130020e+01,8.596370e+00,-2.376040e+00,1.729013e+00,-1.180758e+00,3.166898e+00
4.307489e+00,1.986885e+01,4.045320e+00,-1.080734e+00,-1.150746e+00,1.144328e+00,1.949792e+00
8.580865e+00,1.983011e+01,1.136498e+01,1.201817e+00,-4.447590e-01,1.988603e+00,2.365738e+00
7.656142e+00,1.979973e+01,1.085082e+01,-5.753908e-01,-5.398979e-01,2.994898e-01,8.439541e-01
9.460389e+00,2.093195e+01,9.090101e+00,9.230902e-02,1.067651e+00,-1.090830e+00,1.529153e+00
7.017716e+00,2.235140e+01,9.610949e+00,-2.278509e+00,-3.939288e-01,3.375837e-01,2.336824e+00
6.041104e+00,2.059769e+01,9.160531e+00,-4.113723e-02,5.081607e-01,3.675438e-01,6.284966e-01
8.854432e+00,2.358263e+01,9.127758e+00,1.518397e-01,-5.473142e-01,1.269474e+00,1.390745e+00
8.304272e+00,2.304717e+01,1.069646e+01,-1.539385e+00,-3.082965e-01,9.296202e-01,1.824540e+00
4.486243e+00,2.148302e+01,1.213236e+01,-6.442858e-02,9.685900e-01,5.334058e-01,1.107628e+00
5.494297e+00,2.221760e+01,1.031430e+01,-1.559877e+00,5.876399e-01,-8.337552e-01,1.863782e+00
9.205414e+00,2.001409e+01,1.285756e+01,5.976976e-01,3.460992e-01,-3.879863e-01,7.921871e-01
1.007640e+01,1.991133e+01,1.531719e+01,-4.509607e-01,-5.249736e-01,-1.836351e+00,1.962434e+00
7.295326e+00,2.026249e+01,1.261476e+01,-1.331477e-01,1.608515e-01,8.044749e-01,8.311326e-01
1.106354e+01,1.924788e+01,1.215091e+01,-9.486650e-01,6.916613e-01,2.384690e-02,1.174278e+00
1.182491e+01,2.276998e+01,8.246386e+00,3.454635e-01,5.952708e-01,6.613990e-02,6.914238e-01
1.179058e+01,2.155926e+01,1.141432e+01,-1.692693e+00,3.622747e-01,5.057098e-01,1.803384e+00
1.093715e+01,1.957967e+01,7.847801e+00,2.841026e-01,-7.197728e-02,2.251497e+00,2.270492e+00
1.024509e+01,2.038787e+01,7.750968e+00,-6.685373e-01,-8.929756e-01,8.189716e-01,1.383858e+00
1.170407e+01,1.940850e+01,9.624726e+00,1.457146e+00,-4.701157e-01,2.050753e-01,1.544778e+00
1.065353e+01,1.962247e+01,1.048709e+01,3.237113e-01,-1.899452e+00,3.378089e-01,1.956227e+00
9.934681e+00,2.264546e+01,1.062282e+01,1.333825e+00,3.565875e-01,4.279129e-01,1.445459e+00
1.378745e+01,1.921447e+01,1.162623e+01,5.252769e-01,4.310134e-01,9.983841e-01,1.207667e+00
1.303019e+01,7.089550e-01,1.027447e+01,7.566373e-02,-3.607903e-01,-9.958188e-01,1.061861e+00
1.272774e+01,2.022678e+01,1.077665e+01,7.206119e-01,1.038560e+00,-1.071170e+00,1.656893e+00
1.470925e+01,9.253937e-01,1.013485e+01,3.650042e-01,6.827105e-01,9.994160e-01,1.264181e+00
1.560098e+01,1.868398e+01,1.030463e+01,8.036074e-01,2.006621e+00,1.078062e+00,2.415477e+00
1.387855e+01,2.043876e+01,1.032252e+01,3.130050e-01,-1.281321e+00,-6.563384e-01,1.473274e+00
1.500272e+01,2.316455e+01,1.051377e+01,-4.284829e-01,1.236810e-01,5.708542e-01,7.244095e-01
1.493979e+01,1.795545e+01,1.186936e+01,-4.274125e-02,-2.290596e-01,1.722972e-01,2.897955e-01
1.532318e+01,2.048412e+01,9.528412e+00,5.129776e-01,-1.566634e-01,1.150014e+00,1.268945e+00
1.825189e+01,1.964123e+01,6.681881e+00,-3.866357e-01,9.701545e-01,5.566609e-01,1.183452e+00
1.676435e+01,2.163599e+01,1.224484e+01,-2.397066e-01,-2.696869e+00,6.084899e-03,2.707508e+00
1.595355e+01,2.113742e+01,1.147315e+01,1.943392e-01,-6.447700e-03,6.583457e-02,2.052888e-01
2.146252e+01,1.951109e+01,9.111350e+00,3.697124e-02,-1.256755e-01,-4.187515e-01,4.387642e-01
2.192818e+01,2.265099e+01,8.569062e+00,-3.296603e-01,1.623933e-01,6.598431e-01,7.552750e-01
2.236370e+01,2.117915e+01,1.192068e+01,-1.736312e+00,2.918378e-01,3.298093e-01,1.791291e+00
1.831892e+01,1.916124e+01,9.891784e+00,-1.322808e+00,1.145678e+00,-6.972234e-02,1.751360e+00
2.112280e+01,2.118073e+01,8.942421e+00,1.064986e+00,4.786367e-01,-1.082906e+00,1.592474e+00
1.245738e+00,2.326273e+01,8.737972e+00,3.068677e-01,-1.618153e-01,1.348724e+00,1.392626e+00
2.183121e+01,1.696109e+01,1.104202e+01,1.602412e+00,1.277167e+00,-6.040731e-01,2.136302e+00
2.236371e+01,2.295191e+01,1.031020e+01,-4.005743e-01,-1.402068e-01,1.483640e+00,1.543148e+00
2.230454e+01,1.555673e+01,6.995924e+00,-3.996814e-01,5.323922e-01,-3.183017e-01,7.379042e-01
1.979265e+01,1.878014e+01,9.238316e+00,1.207033e+00,5.767942e-01,-1.269984e+00,1.844582e+00
2.348812e+01,2.320200e+01,1.094248e+01,1.174347e+00,7.956025e-01,-2.165904e-01,1.434917e+00
1.954579e+01,2.092636e+01,1.016046e+01,2.255217e-02,-6.010920e-01,1.033822e-01,6.103344e-01
2.387248e+01,2.228232e+01,8.130905e+00,-9.341095e-01,-2.804077e-01,7.807845e-01,1.249325e+00
5.310786e+00,3.199360e-01,9.353141e+00,8.912401e-01,-1.672410e+00,3.559995e-01,1.928211e+00
2.066683e+00,2.258502e+01,1.331602e+01,1.012285e+00,-1.878722e-01,-6.064676e-01,1.194914e+00
2.311457e+01,3.805447e+00,1.216639e+01,1.633732e-01,1.308453e+00,-3.163456e-01,1.356029e+00
3.981718e+00,2.280171e+01,6.102655e+00,-1.450178e+00,5.167390e-01,-4.433400e-01,1.602057e+00
4.718710e+00,2.008145e+01,6.089539e+00,2.161613e-01,9.878264e-02,1.662028e+00,1.678934e+00
1.721763e+00,2.064756e+01,1.166028e+01,-4.375358e-03,-3.588040e-01,6.469267e-01,7.397795e-01
7.696328e-01,2.177095e+01,1.095833e+01,-8.039821e-01,-1.489866e+00,-1.053683e+00,1.994075e+00
2.118883e+00,2.295369e+01,8.123700e+00,-1.472422e+00,3.959054e-01,2.920591e-01,1.552438e+00
5.635099e+00,3.841207e+00,7.099972e+00,1.208363e+00,-7.549907e-01,-2.576753e-01,1.447946e+00
4.109398e+00,2.171904e+01,8.707770e+00,4.003175e-01,9.415020e-01,-1.664984e-02,1.023209e+00
6.462684e+00,2.217892e+01,7.963166e+00,1.470374e+00,4.566260e-01,9.061602e-01,1.786515e+00
2.837627e+00,2.097121e+01,1.380818e+01,6.919137e-01,-2.989287e-01,-4.910508e-01,8.995743e-01
5.916232e+00,2.283049e+01,5.998593e+00,3.868019e-01,-5.213614e-02,-9.395285e-01,1.017373e+00
8.652382e+00,2.007089e+01,1.032866e+01,1.167626e+00,2.617722e-01,5.918780e-03,1.196624e+00
6.738555e+00,2.174266e+01,1.056972e+01,-5.847539e-02,5.461523e-02,5.963723e-01,6.017160e-01
5.479750e+00,2.340041e+01,1.098025e+01,-2.515957e-02,3.270612e-01,-1.020381e+00,1.071812e+00
7.208032e+00,2.345691e+01,1.004721e+01,-7.157805e-02,1.269008e-01,-9.978875e-02,1.765928e-01
6.997255e+00,1.500209e+00,8.252086e+00,1.820546e-01,-1.471821e+00,8.784461e-01,1.723678e+00
7.601070e+00,1.146959e+00,1.083377e+01,4.309558e-01,-1.575499e+00,3.368062e-01,1.667740e+00
8.086038e+00,2.288299e+01,9.660314e+00,-3.751728e-01,-1.012427e+00,-7.866799e-01,1.335900e+00
1.029799e+01,7.557388e-01,6.319882e+00,-1.020638e+00,-1.007676e+00,1.864408e+00,2.352260e+00
8.863465e+00,2.186936e+01,1.086975e+01,-7.526470e-02,-1.108549e+00,-8.833851e-01,1.419477e+00
8.019178e+00,2.857509e+00,9.401578e+00,-1.074907e+00,-3.784093e-01,-8.113969e-01,1.398922e+00
9.227043e+00,2.221894e+01,9.905700e+00,-2.389293e-01,-2.880205e-01,-1.784559e+00,1.823374e+00
9.894942e+00,2.204211e+01,9.142887e+00,-4.541465e-01,-2.848026e-01,-1.918143e-01,5.693454e-01
7.796457e+00,2.081215e+01,1.053007e+01,4.219589e-01,-2.217608e-01,6.453592e-01,8.023190e-01
1.144342e+01,2.383538e+01,1.010262e+01,-8.195253e-01,-1.985669e-01,-7.447856e-01,1.125058e+00
1.210683e+01,2.925661e+00,9.633454e+00,-1.251218e-01,4.627794e-02,3.661312e-01,3.896783e-01
1.360630e+01,2.086286e+00,1.178918e+01,-9.537780e-01,1.176904e-01,-3.017142e-01,1.007261e+00
1.463142e+01,4.949674e-01,9.067469e+00,6.062366e-01,-2.100442e+00,4.362611e-01,2.229283e+00
1.065603e+01,2.301548e+01,8.549553e+00,1.036313e-02,1.319728e+00,-3.197641e-01,1.357954e+00
1.467608e+01,1.883338e+01,1.118782e+01,1.396753e+00,6.724787e-01,1.555060e+00,2.195759e+00
1.404037e+01,2.272981e+01,9.847342e+00,2.601433e+00,-3.530328e-01,-6.296824e-01,2.699738e+00
1.151451e+01,2.161278e+01,8.583915e+00,-3.823140e-01,2.152521e-01,1.369269e+00,1.437844e+00
1.064525e+01,4.563640e-01,1.228443e+01,-3.406993e-01,1.038868e+00,-4.065013e-01,1.166433e+00
1.382880e+01,2.164368e+01,9.965762e+00,1.500715e-01,1.290550e+00,-8.998119e-01,1.580412e+00
1.672294e+01,2.329961e+01,1.064653e+01,-1.165257e+00,-1.294606e+00,-6.063846e-01,1.844324e+00
1.436712e+01,2.117113e+01,1.468129e+01,-5.006104e-01,-1.011402e+00,6.663033e-01,1.310536e+00
1.665515e+01,1.302749e+00,1.074735e+01,1.427284e-01,1.145237e-01,-8.067902e-01,8.272832e-01
1.554179e+01,2.176503e+01,1.074928e+01,1.617640e+00,-1.253144e-01,4.348288e-01,1.679744e+00
1.556558e+01,6.098053e-01,1.256269e+01,-8.233170e-01,4.387514e-01,1.144930e+00,1.476895e+00
2.096037e+01,1.963416e+01,8.284093e+00,-6.174052e-01,-1.122272e+00,5.941095e-02,1.282269e+00
1.834161e+01,2.378970e+01,1.165422e+01,1.151401e+00,5.728139e-01,-3.857550e-01,1.342626e+00
1.884106e+01,1.997623e+01,1.075239e+01,-1.230354e+00,-2.860163e-01,-3.764950e-01,1.318076e+00
2.154516e+01,2.017595e+01,1.025889e+01,4.912573e-01,-1.643404e+00,9.272009e-01,1.949824e+00
1.947635e+01,2.061599e+01,1.122897e+01,-1.962502e+00,-1.090689e+00,-1.528335e-01,2.250417e+00
1.876968e+01,2.380648e+01,1.073197e+01,8.035200e-01,-1.395744e-02,-4.304834e-01,9.116771e-01
1.814768e+01,1.819613e+01,7.447781e+00,3.997139e-01,-2.970728e-01,6.397830e-01,8.107686e-01
2.170306e+01,2.368270e+01,9.648197e+00,9.083266e-01,5.387658e-01,9.336482e-01,1.409619e+00
2.070625e+01,2.158856e+01,9.942280e+00,1.640945e+00,1.204935e+00,-4.488108e-01,2.084706e+00
1.941546e+01,2.012911e+01,1.221971e+01,-1.341213e+00,-1.356471e-01,-2.546157e-01,1.371890e+00
2.339303e+01,2.143669e+01,1.147257e+01,-1.067734e+00,-8.321187e-01,2.966532e-01,1.385814e+00
1.420662e+00,1.220159e+00,8.669867e+00,2.374109e+00,-1.595933e+00,6.195649e-01,2.926987e+00
2.138603e-01,2.241003e+01,1.258512e+01,1.548317e+00,8.740976e-02,1.847485e-01,1.561749e+00
2.205102e+01,9.095686e-02,6.703836e+00,-5.471497e-01,1.484800e+00,2.034518e+00,2.577454e+00
2.124153e+01,2.373392e+01,1.168544e+01,-3.530685e-01,3.409666e-01,-1.172945e-01,5.046519e-01
2.114808e+01,1.671276e+00,1.444685e+01,9.790450e-01,-1.370129e+00,2.219070e+00,2.785688e+00
2.200802e+01,2.356907e+01,1.245484e+01,2.033609e-01,8.878274e-01,-5.595496e-01,1.068966e+00
2.339842e+01,3.220791e+00,1.384647e+01,-6.974004e-02,1.209908e+00,-1.370623e+00,1.829576e+00
2.362433e+01,2.053470e+00,1.198731e+01,8.356325e-01,-2.541872e-01,3.140184e-01,9.281705e-01
6.393531e+00,2.281445e+01,1.040287e+01,1.305991e+00,2.862483e-01,-7.656682e-01,1.540713e+00
2.381132e+00,2.384974e+01,1.006268e+01,-4.586218e-03,1.932207e+00,2.238447e-02,1.932343e+00
3.397499e+00,2.311636e+01,1.310550e+01,3.641932e-02,1.560849e+00,1.273112e+00,2.014545e+00
4.035349e+00,7.920971e-02,1.175477e+01,-4.819541e-01,-2.858648e-01,2.633285e-01,6.191449e-01
6.490837e+00,1.005047e+00,1.095435e+01,9.364392e-02,-1.486484e+00,1.035083e-01,1.493023e+00
4.554405e+00,7.939117e-01,1.326086e+01,-1.393237e+00,3.176470e-01,1.674783e+00,2.201569e+00
6.749011e+00,5.124782e-01,1.015522e+01,-3.851857e-01,7.441791e-01,-5.531129e-02,8.397796e-01
7.544882e+00,2.065373e+01,1.163233e+01,-1.240955e+00,-9.181528e-02,9.090320e-01,1.541019e+00
6.283690e+00,2.358717e+01,1.393314e+01,-6.820541e-01,-3.808744e-01,1.657803e+00,1.832641e+00
6.362831e+00,2.268448e+01,1.518136e+01,-2.346542e-01,2.114708e+00,-6.046447e-01,2.211933e+00
3.453128e+00,1.357508e+00,8.987827e+00,-1.581836e+00,-1.209764e+00,-4.159814e-01,2.034397e+00
6.988718e+00,2.177692e+01,1.540621e+01,4.329957e-02,-8.832246e-01,3.758366e-01,9.608401e-01
7.601468e+00,2.235121e+01,1.477777e+01,-5.811645e-01,-1.663014e+00,1.653992e+00,2.416414e+00
1.004805e+01,6.570921e-01,1.108671e+01,8.384245e-01,2.910109e-01,-1.308959e+00,1.581460e+00
1.189440e+01,2.577632e+00,1.404001e+01,1.260492e+00,1.190595e+00,-5.537875e-01,1.820175e+00
1.264891e+01,2.281172e+00,1.243863e+01,1.118013e-01,4.196840e-02,3.068787e+00,3.071110e+00
1.162108e+01,2.633806e-01,1.261133e+01,-9.287865e-01,1.961935e-01,-8.221880e-02,9.528359e-01
1.019433e+01,2.316285e+01,1.153003e+01,-3.316113e-01,-6.911281e-01,2.335875e-01,8.013658e-01
7.936286e+00,1.623796e+00,8.769221e+00,-1.108345e+00,-4.438344e-01,-5.534449e-01,1.315948e+00
1.122910e+01,1.082151e+00,1.013426e+01,7.108902e-01,6.997211e-01,5.290292e-01,1.129091e+00
1.381851e+01,2.295677e+01,1.521319e+01,-7.815531e-01,1.157144e-01,4.120851e-01,8.910831e-01
1.283580e+01,2.038705e+01,1.271534e+01,-2.050933e-01,-4.993116e-01,1.150271e+00,1.270629e+00
1.115344e+01,2.357612e+01,1.119901e+01,4.866362e-02,1.207726e-01,2.734820e-01,3.028969e-01
1.219762e+01,2.142645e+01,1.047640e+01,6.628168e-01,2.701949e-02,8.964097e-02,6.693965e-01
1.433043e+01,4.227599e-03,1.113276e+01,7.877643e-01,5.317014e-01,-2.059956e+00,2.268633e+00
1.311891e+01,2.229744e+01,1.059515e+01,-7.892600e-01,-2.076850e-01,1.705070e-01,8.337488e-01
1.325707e+01,1.855869e+00,1.500026e+01,3.137756e-01,-4.451317e-01,1.594032e+00,1.684499e+00
1.449480e+01,8.842310e-02,1.222491e+01,1.883905e-01,7.715029e-01,2.770770e-01,8.411180e-01
1.660371e+01,1.486850e-01,1.251480e+01,9.309976e-01,-7.357220e-01,-1.166168e+00,1.663728e+00
1.541601e+01,1.806569e-01,1.440705e+01,8.781494e-01,-5.336922e-01,1.360795e+00,1.705209e+00
1.567282e+01,2.309745e+01,1.380032e+01,-4.095653e-01,-6.401990e-01,2.726986e-01,8.074422e-01
1.771906e+01,1.994624e+01,1.237247e+01,-1.078622e-02,6.860752e-01,-1.267229e-01,6.977638e-01
1.469999e+01,2.339165e+00,1.096392e+01,1.273902e+00,-3.890537e-01,7.971135e-01,1.552282e+00
1.790914e+01,2.241471e+01,1.285883e+01,-2.316227e+00,1.337054e-01,-1.048487e+00,2.545999e+00
1.708305e+01,3.623652e+00,1.281518e+01,2.155234e-01,7.380240e-01,-4.076086e-01,8.702152e-01
1.723464e+01,2.118120e+01,1.440078e+01,-1.244138e-01,-5.273448e-01,1.646606e+00,1.733459e+00
1.812963e+01,7.602094e-02,1.273412e+01,-1.670313e+00,6.525386e-01,3.072937e-01,1.819391e+00
1.909845e+01,2.305242e+01,1.452772e+01,4.703091e-01,3.481131e-01,6.073990e-01,8.433901e-01
1.676245e+01,2.264059e+01,1.288839e+01,-3.818550e-01,-7.047079e-02,-1.744806e+00,1.787492e+00
1.878216e+01,2.322952e+01,1.248338e+01,1.887509e+00,1.328189e+00,7.679906e-01,2.432403e+00
2.144363e+01,2.383469e+00,1.610909e+01,1.889854e-02,8.862897e-01,-1.019250e+00,1.350828e+00
1.934050e+01,2.318539e+01,1.152891e+01,4.007253e-01,-2.498326e-01,-9.339465e-01,1.046543e+00
1.960094e+01,3.247421e+00,1.552262e+01,1.655764e+00,7.016210e-01,4.242873e-01,1.847659e+00
2.116039e+01,5.212940e-01,1.417143e+01,-3.098468e-01,-1.248848e+00,-1.338615e+00,1.856750e+00
1.890134e+01,2.350960e+01,7.846677e+00,-6.060946e-02,1.012800e+00,6.504588e-01,1.205211e+00
2.258196e+01,6.356486e-01,1.403200e+01,-9.174130e-01,-5.219749e-02,1.716205e-01,9.347860e-01
2.043019e+01,2.330430e+01,1.124713e+01,-2.956000e-01,-9.871429e-01,-4.902672e-01,1.141136e+00
2.003132e+01,5.188968e-01,1.067394e+01,-6.853137e-01,-1.164853e+00,1.615576e-01,1.361117e+00
2.240678e+01,2.295207e+01,1.310840e+01,-9.007074e-03,8.456441e-01,-6.559398e-01,1.070258e+00
2.258994e+01,2.377492e+01,1.477752e+01,-1.070983e+00,-7.247356e-01,3.401965e-02,1.293601e+00
2.057953e+01,2.369827e+01,1.524021e+01,6.839971e-01,-1.229969e+00,6.645591e-01,1.556379e+00
2.162393e+01,1.144851e+00,1.346855e+01,1.652230e+00,-6.845851e-01,1.943519e+00,2.641171e+00
2.382917e+01,1.234674e+00,1.425435e+01,2.110439e+00,3.922745e-01,9.892368e-01,2.363562e+00
2.219428e+01,2.913412e+00,1.069111e+01,2.217785e-01,-1.890027e+00,-8.983739e-01,2.104392e+00
4.908403e-01,2.366004e+01,1.348321e+01,-9.265552e-01,-3.111957e-01,3.320646e-01,1.032286e+00
1.836065e+00,5.858296e-01,1.118745e+01,-7.134888e-01,-5.023996e-01,1.031696e+00,1.351247e+00
9.830877e-01,3.598670e-01,1.181592e+01,-3.378112e-01,1.513063e+00,-1.966188e-01,1.562734e+00
3.309755e+00,2.086795e+00,1.290527e+01,-1.581859e-01,-8.011032e-01,3.797999e-01,9.005759e-01
8.072357e-01,9.778494e-01,1.385130e+01,1.508899e+00,6.934944e-01,4.413972e-01,1.718296e+00
4.337865e+00,2.253632e+01,8.060891e+00,1.474697e+00,-4.084469e-01,-5.146728e-01,1.614450e+00
6.937765e+00,2.295585e+01,1.310620e+01,-1.286700e+00,4.694803e-01,4.057301e-01,1.428505e+00
5.107082e+00,2.383712e+01,1.373635e+01,2.750135e-01,-6.030598e-01,2.784520e+00,2.862318e+00
3.420416e+00,2.921687e+00,1.367286e+01,5.726089e-01,-2.646103e-01,2.792842e-01,6.898545e-01
6.709976e+00,1.558925e+00,1.005071e+01,-3.102406e-01,-1.564583e-01,-3.943433e-02,3.496906e-01
5.815027e+00,2.347877e+01,1.306100e+01,6.119104e-01,-1.548023e+00,-6.154606e-03,1.664587e+00
7.092592e+00,2.149083e+01,1.415899e+01,1.352410e+00,-3.078410e-01,-5.402807e-01,1.488517e+00
6.559275e+00,2.899600e+00,1.254610e+01,-1.409579e+00,4.813256e-01,-7.949751e-02,1.491613e+00
3.195696e+00,5.443237e-01,1.038939e+01,1.263678e+00,2.508872e-01,1.377476e+00,1.886072e+00
7.775631e+00,1.852655e+00,1.183655e+01,1.316083e+00,-1.789470e-01,2.350797e+00,2.700064e+00
8.979321e+00,1.868080e+00,1.210100e+01,-2.548408e-01,-1.578321e+00,9.760381e-01,1.873150e+00
7.119250e+00,3.175419e+00,9.918440e+00,1.750240e+00,-4.313018e-01,4.325996e-01,1.853781e+00
9.432203e+00,1.013858e+00,1.179350e+01,4.692573e-01,1.444233e+00,1.107545e+00,1.879539e+00
1.195531e+01,5.716841e-01,1.684077e+01,-1.699106e+00,-4.203594e-01,6.621925e-01,1.871407e+00
8.314997e+00,2.156239e+01,1.322104e+01,-9.236709e-01,-2.763863e-01,-1.451560e-01,9.750013e-01
1.195529e+01,3.020924e+00,1.598748e+01,5.534532e-01,-8.037880e-01,-2.798930e-01,1.015247e+00
9.255284e+00,1.147568e+00,9.736362e+00,2.549768e-01,-1.199631e+00,-7.848356e-01,1.456055e+00
1.386605e+01,3.037627e+00,1.484515e+01,5.925448e-01,7.161561e-01,7.830653e-01,1.215393e+00
1.220470e+01,3.501271e-01,1.061907e+01,-9.925291e-01,8.878570e-01,5.793855e-01,1.452271e+00
1.053423e+01,5.830484e+00,1.039933e+01,1.553009e+00,5.042653e-01,8.165905e-01,1.825635e+00
1.287717e+01,5.266350e+00,1.511152e+01,5.803372e-01,2.226692e-01,-6.397070e-01,8.919629e-01
1.340496e+01,3.927565e+00,1.192665e+01,1.930069e-01,5.435781e-01,-1.248971e-02,5.769617e-01
1.278891e+01,2.936206e+00,1.331685e+01,3.473739e-01,5.362702e-01,-1.067691e+00,1.244274e+00
1.066129e+01,2.178232e+00,1.257691e+01,7.043120e-01,5.652413e-01,-8.204293e-01,1.220105e+00
1.394841e+01,3.248805e+00,1.319034e+01,1.052962e+00,-9.034368e-01,-1.835736e+00,2.301055e+00
1.631494e+01,1.204150e+00,1.184188e+01,-8.883382e-01,-3.262147e-01,6.526263e-01,1.149557e+00
1.550959e+01,3.833945e+00,1.274729e+01,1.515141e-01,4.506228e-01,3.289960e-01,5.781486e-01
1.667228e+01,5.849796e+00,1.322249e+01,-1.152983e+00,8.503971e-01,-4.197831e-01,1.492904e+00
1.458292e+01,3.831881e+00,1.219376e+01,1.469864e-01,-1.191157e+00,5.263840e-01,1.310549e+00
1.670062e+01,3.002469e+00,1.443692e+01,-6.714991e-01,1.516686e+00,9.096668e-01,1.891756e+00
1.903489e+01,1.206852e+00,1.483913e+01,-1.069190e-01,1.734988e+00,-3.085890e-01,1.765458e+00
1.634033e+01,2.023830e+00,1.380133e+01,-4.543002e-01,-4.274751e-01,-7.309902e-01,9.609736e-01
1.752349e+01,7.458000e-01,1.198855e+01,-3.863413e-01,1.427929e-01,-1.248718e+00,1.314894e+00
1.835553e+01,3.687975e+00,1.082443e+01,-6.292597e-01,-2.015433e-02,-4.531385e-01,7.756987e-01
2.031507e+01,5.331098e-01,1.178356e+01,1.858190e+00,-1.561177e+00,1.523710e+00,2.865630e+00
1.643299e+01,2.225099e+00,1.184320e+01,3.332628e-01,-2.058707e-01,-3.953654e-01,5.565614e-01
1.811339e+01,1.170381e+00,1.105988e+01,5.801403e-01,7.178410e-01,1.472607e+00,1.737938e+00
1.961669e+01,1.928093e+00,1.403019e+01,-1.093265e-01,-6.898757e-01,-6.859370e-01,9.789742e-01
2.034834e+01,4.150742e+00,1.491679e+01,-5.227250e-01,8.966185e-01,5.656380e-02,1.039406e+00
1.941677e+01,6.280522e+00,1.497573e+01,-2.343029e-01,-1.545415e+00,1.054691e+00,1.885624e+00
2.030730e+01,4.369786e-01,1.337517e+01,5.736462e-01,-3.626670e-01,2.215473e-01,7.139192e-01
2.087475e+01,1.777341e+00,9.578987e+00,-1.971587e+00,-4.550503e-01,1.966179e-01,2.032950e+00
2.083113e+01,2.264391e+01,1.484801e+01,5.147164e-01,-8.493988e-01,-4.309701e-01,1.082657e+00
1.812157e+01,2.338201e+01,9.434422e+00,5.085757e-01,5.723082e-01,-5.881639e-01,9.654650e-01
2.071394e+01,1.974573e+00,1.143601e+01,-2.979391e-01,8.505292e-01,1.939384e-01,9.218350e-01
2.100301e+01,3.113229e+00,1.323671e+01,-1.432238e-01,-2.560649e-01,-3.377621e-01,4.473986e-01
2.386553e+01,3.184466e+00,1.168959e+01,-8.214238e-01,-3.875518e-01,-5.564124e-01,1.065142e+00
4.654186e-02,3.150226e+00,1.935221e+01,6.734276e-01,6.929282e-01,8.031708e-01,1.256478e+00
7.257729e-01,2.423798e+00,1.147814e+01,-4.618482e-01,-6.157043e-01,5.259065e-01,9.321873e-01
4.050680e-01,8.739670e-01,1.260382e+01,-3.831614e-01,-5.090665e-01,-9.662174e-01,1.157384e+00
2.187382e+01,4.941243e+00,1.153909e+01,-5.634297e-01,-9.803354e-01,6.704961e-01,1.314563e+00
2.242430e-01,2.540944e+00,1.530294e+01,2.744439e-01,2.504269e-01,1.129773e-01,3.883259e-01
4.008248e+00,5.538821e-02,1.372548e+01,1.389041e+00,-9.962668e-01,-3.575545e+00,3.963143e+00
3.523762e+00,2.310702e+01,1.087605e+01,1.654614e+00,-4.767771e-01,-1.092840e+00,2.039452e+00
1.474244e+00,3.214925e+00,1.107796e+01,-1.443113e+00,3.283838e-01,8.943797e-01,1.729256e+00
1.536573e-01,1.782376e+00,1.324988e+01,7.234580e-01,-1.134559e-01,-1.036105e+00,1.268770e+00
6.683913e+00,5.715106e-01,1.460308e+01,8.020042e-02,3.044575e-01,6.003296e-01,6.778806e-01
5.043732e+00,3.494729e-01,7.873375e+00,1.733287e+00,-3.824541e-01,-6.093257e-01,1.876654e+00
5.852424e+00,6.165369e+00,1.537860e+01,-1.116392e-01,1.126495e+00,2.429395e+00,2.680189e+00
5.756290e+00,2.000623e+00,1.243365e+01,8.085478e-01,-1.122030e+00,-1.055952e+00,1.740040e+00
4.677809e+00,1.009547e+00,1.052572e+01,2.143053e-01,-8.315906e-01,-1.309059e-01,8.686806e-01
6.004326e+00,2.292115e+00,8.334617e+00,-1.079849e+00,-1.747958e-02,-6.586530e-02,1.081997e+00
4.311318e+00,3.337072e+00,1.165334e+01,-3.634635e-01,-1.469377e+00,7.302169e-01,1.680593e+00
2.073780e+00,3.918884e+00,9.866581e+00,1.014053e+00,1.516019e+00,2.460451e+00,3.062749e+00
8.357264e+00,4.745225e+00,9.763517e+00,4.794487e-01,2.440444e+00,5.253226e-01,2.541968e+00
9.406900e+00,2.887013e+00,1.097260e+01,4.479633e-01,5.969960e-01,8.732940e-01,1.148790e+00
6.934057e+00,7.201335e+00,1.378000e+01,9.996690e-01,8.830794e-01,1.212117e-01,1.339350e+00
8.467270e+00,4.043648e+00,1.134183e+01,-4.950684e-01,-1.840085e-01,2.307260e-01,5.763560e-01
8.401592e+00,1.271622e+00,1.308695e+01,4.168078e-01,8.692625e-01,-1.331775e+00,1.644071e+00
9.171008e+00,3.546628e+00,1.336289e+01,5.613440e-01,-1.594919e-01,-1.451014e+00,1.563965e+00
7.190600e+00,3.332965e+00,1.323881e+01,-9.593298e-01,-9.230135e-01,6.196645e-01,1.468418e+00
8.326138e+00,1.013450e+00,1.171064e+01,4.936379e-01,-3.289177e-01,-1.657187e+00,1.760152e+00
7.844164e+00,1.418667e+00,1.424401e+01,7.377993e-02,1.847035e+00,-5.920553e-02,1.849456e+00
1.245652e+01,3.888910e+00,1.374833e+01,-1.216735e+00,4.708816e-01,7.995899e-01,1.530202e+00
1.221619e+01,1.011746e+00,1.151559e+01,-2.424036e-01,3.648121e-01,-9.962486e-01,1.088282e+00
1.060438e+01,7.169969e+00,1.313490e+01,-3.145519e-01,3.549466e-01,2.303947e-01,5.272681e-01
9.417859e+00,3.032915e+00,1.197275e+01,-5.966054e-02,-7.183086e-01,1.139287e-01,7.297303e-01
1.199847e+01,5.656563e+00,1.342132e+01,3.440459e-01,2.382672e-01,-9.802335e-01,1.065831e+00
1.063119e+01,1.739909e+00,1.819985e+01,-2.143599e-01,-6.719428e-01,1.397225e+00,1.565150e+00
9.996228e+00,5.684747e+00,1.229528e+01,-1.076760e-01,1.442347e+00,1.350611e+00,1.978916e+00
1.465381e+01,3.927154e+00,1.434881e+01,-6.973929e-01,2.527462e-01,6.021041e-01,9.553883e-01
1.047877e+01,2.864231e+00,1.334440e+01,4.958529e-02,1.337505e+00,1.436703e+00,1.963541e+00
1.749881e+01,6.460916e+00,1.288117e+01,5.919592e-01,-4.804450e-01,8.081364e-01,1.111003e+00
1.629094e+01,3.258995e+00,1.334006e+01,-1.142695e+00,1.809258e-01,1.742019e+00,2.091200e+00
1.386405e+01,6.756669e+00,1.351149e+01,-1.511213e+00,3.764038e-01,-1.173001e+00,1.949712e+00
1.660830e+01,4.631306e+00,1.106463e+01,1.324828e-01,-4.269610e-01,1.553567e+00,1.616607e+00
1.809438e+01,2.304172e+00,1.424867e+01,9.073564e-01,-4.013998e-01,6.534962e-01,1.188055e+00
1.585200e+01,6.366269e+00,1.344745e+01,6.588501e-01,-7.742361e-01,3.048374e-01,1.061344e+00
2.032627e+01,3.126813e+00,9.883505e+00,-1.879061e+00,1.671877e-01,2.549500e-01,1.903633e+00
2.023543e+01,7.303807e+00,9.342037e+00,8.420282e-02,1.017012e+00,4.815045e-02,1.021628e+00
2.212736e+01,3.861931e+00,1.119020e+01,2.004856e-01,3.452189e-01,1.094077e+00,1.164635e+00
1.948796e+01,5.163628e+00,1.144136e+01,2.084167e-01,8.719582e-01,9.892721e-01,1.335069e+00
1.741893e+01,1.522050e+00,1.453998e+01,6.461710e-01,-1.385365e+00,-5.465848e-01,1.623431e+00
1.934693e+01,3.316846e+00,1.008041e+01,1.393765e+00,4.153626e-01,3.601617e-01,1.498274e+00
1.965515e+01,2.337964e+01,1.058000e+01,-6.555436e-01,8.456135e-01,1.690440e-01,1.083225e+00
1.974206e+01,6.056463e+00,1.400442e+01,-2.926252e-01,-3.559931e-01,2.984297e-01,5.490181e-01
1.859693e+01,8.612370e-01,7.543619e+00,-2.454531e-01,1.435829e-01,-1.302639e+00,1.333316e+00
2.185238e+01,2.730638e+00,1.204829e+01,-4.266664e-02,1.863629e+00,6.902578e-01,1.987810e+00
2.124217e+01,2.118473e+00,1.271991e+01,1.619758e+00,-9.186303e-01,3.497328e-01,1.894679e+00
1.905918e+01,4.291162e+00,1.472152e+01,-1.112848e-01,7.456715e-01,2.853078e-01,8.061085e-01
2.193431e-01,6.324190e+00,1.423711e+01,-6.080080e-01,-6.473853e-01,3.159375e-01,9.426548e-01
2.335895e+01,6.072462e+00,1.362246e+01,1.003674e+00,4.965282e-01,6.362125e-01,1.287893e+00
2.832188e-02,3.448495e+00,1.589876e+01,-6.696840e-01,4.640215e-01,8.914259e-01,1.207656e+00
1.169469e+00,2.635455e+00,1.684537e+01,1.502028e+00,7.755633e-01,-1.255784e-01,1.695098e+00
3.105081e+00,1.831730e+00,1.016683e+01,2.175216e+00,-4.450599e-01,5.872465e-02,2.221056e+00
5.421833e-01,3.382638e+00,1.272377e+01,1.837442e-02,-2.407604e-01,3.679435e-01,4.400973e-01
1.983644e+00,5.638672e+00,1.330224e+01,9.935802e-01,6.335191e-01,-1.310504e+00,1.762376e+00
3.038772e-01,5.309556e+00,1.394127e+01,-1.056481e+00,2.539581e+00,8.951131e-01,2.892551e+00
6.660550e-01,5.993331e+00,1.005464e+01,9.537087e-01,-1.000742e+00,2.008721e+00,2.438443e+00
2.165419e+00,2.125965e+00,9.919372e+00,6.668991e-02,-1.451537e-01,1.816647e+00,1.823657e+00
2.658922e+00,2.239630e+00,8.964179e+00,2.320571e+00,-1.502725e+00,9.197909e-01,2.913631e+00
6.208803e-01,4.082979e+00,1.345390e+01,-1.272224e-01,-1.158919e+00,-1.458614e+00,1.867307e+00
4.442331e+00,6.061977e+00,1.198078e+01,2.669567e-01,-2.548422e-01,-6.517924e-01,7.490285e-01
4.428755e+00,6.930675e+00,1.245175e+01,6.396102e-01,9.139097e-01,2.862220e-01,1.151632e+00
5.383809e+00,3.143747e+00,1.369393e+01,3.610531e-01,5.374282e-02,-2.344227e+00,2.372477e+00
2.415716e+00,3.262175e+00,1.167154e+01,-3.960497e-01,-3.248646e-02,-8.071481e-01,8.996659e-01
4.285058e+00,6.331315e+00,7.047229e+00,8.565925e-01,1.104070e+00,1.164116e+00,1.818760e+00
6.083570e+00,4.563000e+00,1.165491e+01,1.155255e+00,5.888675e-01,5.385476e-01,1.404070e+00
3.657111e+00,5.434255e+00,1.163227e+01,-1.366701e+00,-1.231621e-01,-8.416933e-01,1.609810e+00
5.056145e+00,4.661147e+00,1.115561e+01,-3.956513e-01,-1.298822e+00,9.767636e-02,1.361257e+00
7.000049e+00,3.503003e+00,1.451167e+01,-2.377564e-01,3.420310e-01,6.959884e-01,8.111185e-01
6.067537e+00,5.212603e+00,1.466426e+01,5.710969e-01,-6.295794e-01,-1.150316e-01,8.577611e-01
9.202674e+00,3.984401e+00,1.229200e+01,-4.506307e-01,6.642984e-01,1.495144e+00,1.697002e+00
6.419774e+00,4.150511e+00,1.347200e+01,-7.582257e-01,-4.550186e-01,2.886753e-01,9.302051e-01
7.089699e+00,2.289784e+00,1.347546e+01,9.174976e-01,-6.604386e-02,8.597970e-01,1.259132e+00
8.470981e+00,8.620814e+00,1.331222e+01,-6.551855e-01,2.532117e-01,5.672187e-01,9.028407e-01
9.579752e+00,6.195112e+00,1.427639e+01,-2.994894e-01,-2.000147e+00,-4.904153e-01,2.081055e+00
4.934861e+00,5.788972e+00,1.422291e+01,9.268031e-01,5.589695e-01,-1.327161e+00,1.712533e+00
1.140796e+01,4.915753e+00,1.020388e+01,4.557199e-01,-8.545578e-01,2.739708e-01,1.006484e+00
1.290792e+01,5.977240e+00,1.187098e+01,-3.518473e-02,2.342222e-02,-4.658622e-01,4.677758e-01
9.073126e+00,8.882173e+00,1.433775e+01,-1.485646e-02,1.142873e+00,1.070833e+00,1.566226e+00
9.717201e+00,8.351767e+00,1.090453e+01,1.081393e+00,1.021409e+00,8.865455e-01,1.731661e+00
9.499501e+00,6.743539e+00,1.233158e+01,5.907026e-01,8.137408e-01,7.196236e-01,1.236512e+00
1.365612e+01,3.940615e+00,1.010143e+01,6.040727e-01,-8.201489e-01,-8.239731e-01,1.310145e+00
1.226664e+01,6.315576e+00,1.256650e+01,-7.832109e-01,-1.166739e+00,1.326204e+00,1.932231e+00
1.019048e+01,9.801541e+00,1.257187e+01,5.186591e-01,-1.733965e+00,2.456415e+00,3.051167e+00
1.355175e+01,3.870822e+00,1.413594e+01,-5.311986e-01,-3.975434e-01,1.357608e+00,1.511064e+00
1.434608e+01,4.351992e+00,1.113490e+01,1.675254e+00,1.383709e+00,-3.542825e-01,2.201509e+00
1.738025e+01,5.493848e+00,1.238972e+01,-1.712232e+00,1.536332e+00,5.615534e-01,2.367995e+00
1.444222e+01,6.497373e+00,1.522442e+01,-5.390225e-01,-4.386723e-01,2.337094e-01,7.332112e-01
1.446623e+01,4.533228e+00,1.317459e+01,-3.044236e-01,-1.049180e+00,-1.015083e-01,1.097159e+00
1.343314e+01,6.004510e+00,1.711640e+01,-1.189428e+00,7.345847e-02,1.446995e-01,1.200447e+00
1.303589e+01,6.849535e+00,1.237095e+01,-1.080866e+00,2.333963e+00,-2.693055e-02,2.572233e+00
1.588311e+01,7.794270e+00,1.833559e+01,9.114966e-01,8.161265e-01,-4.471709e-01,1.302632e+00
1.821634e+01,7.477073e+00,1.146202e+01,7.846199e-01,8.180529e-02,2.393646e+00,2.520290e+00
1.833579e+01,4.749055e+00,1.098830e+01,-1.233365e+00,2.390850e-01,2.031384e-01,1.272641e+00
2.091233e+01,6.659972e+00,1.368352e+01,-1.757426e+00,-4.846885e-02,1.421806e+00,2.261067e+00
1.946179e+01,4.323503e+00,1.282262e+01,5.885657e-01,-2.136674e-02,-1.981479e-02,5.892866e-01
1.985889e+01,3.390435e+00,1.298040e+01,1.019014e+00,2.165098e-01,-1.010868e+00,1.451592e+00
2.014398e+01,5.862127e+00,1.168783e+01,6.520864e-01,-8.149720e-01,1.123437e+00,1.533462e+00
2.001149e+01,6.555314e+00,1.094433e+01,-1.178797e+00,-6.576521e-01,-1.940318e-01,1.363715e+00
1.964363e+01,6.632896e+00,1.779953e+01,-6.399190e-01,6.232146e-01,-1.314185e+00,1.589017e+00
2.094095e+01,4.365894e+00,1.116991e+01,7.284533e-01,-5.634603e-01,1.135489e+00,1.462008e+00
2.010149e+01,5.274866e+00,1.051448e+01,-6.273339e-01,7.092447e-01,-1.532186e+00,1.801158e+00
2.176364e+01,3.632221e+00,1.740858e+01,-7.407314e-01,1.001017e+00,5.572982e-01,1.364294e+00
2.389360e+01,3.464607e+00,1.473544e+01,5.434069e-01,1.515548e-01,-4.019411e-01,6.926879e-01
2.153448e+01,2.398512e+00,1.367042e+01,5.500501e-01,-2.583382e-01,-1.406008e+00,1.531716e+00
1.264908e+00,4.736473e+00,8.306243e+00,1.194590e+00,5.797846e-01,1.335412e-02,1.327921e+00
2.464292e+00,5.650947e+00,1.140300e+01,1.022449e+00,3.043992e-01,-3.331519e-01,1.117609e+00
2.284359e+01,4.756520e+00,1.178735e+01,4.850109e-01,6.661259e-01,1.157913e+00,1.421169e+00
2.168753e+01,4.980434e+00,9.162174e+00,-3.774409e-01,5.146737e-02,-1.673545e+00,1.716352e+00
4.126375e+00,9.551062e+00,1.090211e+01,-6.121917e-01,1.531756e-01,-3.221510e-01,7.085356e-01
9.300502e-01,4.845125e+00,1.168723e+01,1.104198e+00,1.458611e-01,-6.357400e-01,1.282456e+00
2.201075e+01,7.354212e+00,1.550951e+01,-1.752944e-01,-3.581171e-01,9.753086e-01,1.053662e+00
4.723227e+00,4.315034e+00,1.206737e+01,-1.059767e+00,4.368912e-01,1.397512e+00,1.807490e+00
1.938855e+00,5.228857e+00,1.033973e+01,5.019038e-01,-1.002234e+00,2.548188e+00,2.783818e+00
1.370964e+00,1.460473e+00,1.071314e+01,9.082741e-01,-6.299004e-01,-4.511170e-01,1.193835e+00
1.485661e+00,6.723298e+00,1.025265e+01,4.791883e-01,-1.318796e+00,1.416404e-01,1.410285e+00
5.237101e+00,8.040850e+00,7.474524e+00,-1.745017e-02,6.584514e-01,-1.747965e-01,6.814811e-01
2.156313e+00,8.349081e+00,1.217583e+01,7.058127e-01,-1.137800e+00,4.887222e-01,1.425345e+00
5.589553e+00,3.768841e+00,1.125849e+01,1.263412e-01,-1.073718e+00,1.252033e+00,1.654212e+00
1.322582e+00,7.273682e+00,1.438241e+01,-7.065995e-01,-5.430899e-01,9.324584e-01,1.289848e+00
7.264206e+00,9.336215e+00,1.447377e+01,2.616661e-01,8.621898e-01,-6.982373e-01,1.139902e+00
5.395510e+00,8.879302e+00,1.200539e+01,-3.806952e-01,6.460560e-01,-1.360479e-01,7.621195e-01
5.519114e+00,6.777790e+00,1.229500e+01,-4.575450e-01,5.460725e-01,2.363863e-01,7.506138e-01
2.222253e+00,6.267932e+00,1.615623e+01,-6.802771e-02,-6.752964e-01,-7.798065e-02,6.831793e-01
6.820774e+00,3.967244e+00,1.253602e+01,-6.395461e-02,-8.251935e-01,1.671978e+00,1.865622e+00
6.065494e+00,1.029105e+01,1.230382e+01,-9.125809e-01,-1.152561e+00,-6.751617e-01,1.617728e+00
5.932258e+00,5.725452e+00,1.314907e+01,3.058529e-01,-1.010943e+00,1.522848e+00,1.853272e+00
6.679175e+00,1.100133e+01,1.476338e+01,-6.003861e-01,4.521398e-01,4.340059e-03,7.516068e-01
8.944336e+00,1.045463e+01,1.385916e+01,2.023662e-01,1.384624e+00,1.159112e+00,1.817051e+00
1.086935e+01,8.576722e+00,1.126275e+01,2.034251e-01,-1.299674e+00,1.984309e+00,2.380760e+00
6.556323e+00,1.107612e+01,9.748287e+00,-2.971873e+00,1.025575e+00,-1.230481e-01,3.146263e+00
1.083410e+01,9.489970e+00,1.458897e+01,1.392454e+00,4.312620e-02,5.732992e-01,1.506473e+00
7.086368e+00,7.863018e+00,1.274831e+01,5.280790e-02,6.439092e-01,-6.462496e-01,9.138087e-01
1.092012e+01,7.576729e+00,1.411720e+01,-1.317107e-01,1.591422e+00,1.221076e+00,2.010224e+00
1.053688e+01,6.548871e+00,1.204103e+01,-1.236392e+00,-1.563932e-01,-6.761127e-01,1.417834e+00
1.186974e+01,5.034928e+00,1.112905e+01,1.127980e+00,1.191609e+00,-1.224243e+00,2.047203e+00
1.339604e+01,5.928783e+00,1.097991e+01,-2.504705e-01,9.047243e-01,-2.109309e-01,9.621608e-01
1.294820e+01,5.838941e+00,1.411327e+01,2.185356e+00,3.586881e-01,9.653377e-01,2.415846e+00
1.493490e+01,7.535453e+00,1.506236e+01,-2.369020e+00,-4.970046e-01,-2.948286e-01,2.438481e+00
1.469702e+01,7.626976e+00,1.405634e+01,-3.269326e-01,-7.984647e-01,1.387774e+00,1.634119e+00
1.609134e+01,7.013307e+00,1.053993e+01,9.546465e-01,-1.031250e+00,-4.678313e-01,1.481112e+00
1.557191e+01,1.057684e+01,1.108287e+01,-1.998859e+00,1.576298e+00,-3.594943e-02,2.545868e+00
1.671462e+01,7.504974e+00,1.282398e+01,-2.476253e-01,-5.321031e-01,-8.714590e-01,1.050663e+00
1.460639e+01,5.052537e+00,1.210243e+01,2.699878e-01,2.180878e+00,3.383447e-01,2.223421e+00
1.344543e+01,7.714635e+00,1.375348e+01,-6.275029e-01,1.213399e-01,-3.878586e-01,7.476079e-01
1.564113e+01,9.621895e+00,8.984854e+00,-5.100255e-01,1.125401e+00,3.511868e-01,1.284518e+00
1.864470e+01,7.701329e+00,1.296072e+01,-1.412876e+00,-1.355288e+00,-1.454625e-01,1.963208e+00
1.638113e+01,6.546999e+00,1.244337e+01,-3.700579e-02,-1.182651e-01,-2.498594e+00,2.501665e+00
2.109538e+01,5.975444e+00,1.250123e+01,5.708390e-01,-1.152375e+00,1.527513e-02,1.286102e+00
1.939117e+01,5.653332e+00,1.246981e+01,6.580841e-01,3.192024e-01,1.116144e+00,1.334445e+00
1.689531e+01,6.980969e+00,1.386079e+01,-1.272361e+00,8.809857e-01,9.004581e-01,1.790492e+00
1.584714e+01,9.734297e+00,1.179365e+01,3.929731e-01,9.176146e-01,-1.287533e+00,1.629167e+00
1.745581e+01,1.041560e+01,1.114558e+01,5.077684e-01,8.215314e-01,3.156287e-01,1.016053e+00
1.691829e+01,1.064114e+01,1.496893e+01,7.223699e-01,-1.344246e+00,8.234523e-01,1.734038e+00
2.014708e+01,6.108485e+00,1.300153e+01,-1.927890e+00,1.284379e+00,-1.082090e+00,2.556816e+00
1.764658e+01,7.836910e+00,1.317018e+01,1.933798e+00,-7.223904e-01,4.976374e-01,2.123456e+00
2.034555e+01,5.013385e+00,1.335074e+01,-7.244264e-03,1.016264e+00,-7.703443e-01,1.275255e+00
2.298816e+01,5.828598e+00,1.148168e+01,-4.417259e-01,1.021996e-01,-7.925731e-01,9.130929e-01
2.064909e+01,2.814418e+00,1.549834e+01,-1.190448e+00,1.032800e+00,-2.138748e-01,1.590467e+00
2.099521e+01,7.067294e+00,1.271024e+01,-1.039958e+00,-1.702216e-01,2.609244e-01,1.085619e+00
2.122687e+01,4.932205e+00,1.264209e+01,5.555155e-01,5.353437e-01,1.342505e+00,1.548389e+00
1.981619e+01,4.284976e+00,1.384339e+01,1.242093e+00,-3.261778e-01,1.508281e+00,1.980934e+00
1.938787e+01,3.070869e+00,1.781341e+01,3.847118e-01,2.753388e-02,9.305046e-01,1.007274e+00
2.085735e+01,8.716951e+00,1.295913e+01,2.841051e-01,-1.462056e+00,-6.501352e-01,1.625115e+00
2.229690e+01,5.477624e+00,1.336937e+01,2.088507e-01,-9.841518e-02,-1.229548e+00,1.251036e+00
6.524752e-01,5.875899e+00,1.186708e+01,3.095633e-01,9.085638e-01,2.074476e+00,2.285775e+00
2.291666e+01,9.037350e+00,1.382802e+01,2.559100e+00,3.456232e-01,8.445826e-01,2.716941e+00
2.152023e+01,9.089377e+00,1.069571e+01,-1.610175e+00,9.553858e-01,1.488442e-01,1.878185e+00
1.486252e+00,5.180999e+00,9.388551e+00,-2.046814e-01,-2.220728e-01,1.469976e-01,3.358856e-01
1.249892e+00,6.812688e+00,9.167092e+00,8.579140e-01,-1.807844e-01,1.770099e-01,8.944450e-01
3.193608e+00,9.885175e+00,1.185662e+01,2.537977e-01,2.028120e-01,5.822394e-01,6.667448e-01
2.665390e+00,6.024603e+00,1.247953e+01,7.566102e-01,-3.006340e-01,5.629123e-01,9.898031e-01
1.370914e+00,5.644360e+00,1.107261e+01,5.660420e-01,1.426856e+00,-2.618468e-01,1.557205e+00
2.373973e+01,1.251631e+01,1.587226e+01,-9.218850e-01,-8.037799e-01,-7.776304e-01,1.449360e+00
4.377091e+00,7.570636e+00,1.328604e+01,1.905221e+00,-3.125425e+00,-1.348087e-01,3.662830e+00
2.819699e+00,8.583859e+00,1.306709e+01,-4.031114e+00,-6.000455e-02,-8.834072e-01,4.127213e+00
3.831591e+00,1.157901e+01,1.217332e+01,6.446780e-01,4.596756e-01,5.247057e-01,9.498565e-01
5.623700e+00,7.999539e+00,1.263810e+01,6.735014e-01,-5.795694e-01,-1.599674e+00,1.829881e+00
7.106719e+00,7.148776e+00,1.569933e+01,1.373692e+00,3.887838e-01,2.072143e+00,2.516338e+00
3.399701e+00,9.400411e+00,1.322974e+01,-2.088524e-01,-3.104348e-01,-5.070597e-02,3.775715e-01
6.986763e+00,8.275430e+00,1.480904e+01,7.574691e-01,1.122244e+00,-1.745449e-01,1.365158e+00
6.657511e+00,1.063731e+01,1.087976e+01,-1.196467e+00,-1.054706e+00,3.479920e-01,1.632494e+00
8.389846e+00,7.935532e+00,1.245590e+01,2.085995e-01,5.424844e-01,4.372635e-01,7.273255e-01
5.089713e+00,1.055859e+01,1.313337e+01,2.879409e-01,-4.884967e-01,1.059271e+00,1.201497e+00
6.352125e+00,9.153765e+00,1.034779e+01,-1.962333e+00,4.105782e-01,-5.466514e-01,2.078017e+00
8.694498e+00,1.238586e+01,1.348455e+01,1.629029e-01,-2.040731e-01,-7.280447e-01,7.734547e-01
1.078867e+01,8.487376e+00,1.490486e+01,-2.191103e-01,-1.826023e+00,-5.921692e-01,1.932106e+00
7.567508e+00,8.189818e+00,1.566939e+01,-1.509477e+00,-3.364327e-01,-1.011688e+00,1.848032e+00
9.934533e+00,1.048634e+01,1.156209e+01,1.740087e-01,2.326257e-01,1.104520e+00,1.142085e+00
1.157683e+01,1.130428e+01,1.558514e+01,1.478138e+00,-1.851733e-02,-2.612809e-02,1.478485e+00
9.998937e+00,9.089433e+00,1.166927e+01,-3.370433e-01,1.046929e+00,-3.150261e-01,1.144072e+00
1.061504e+01,7.582505e+00,1.167611e+01,-2.368527e-01,1.060480e+00,1.067134e+00,1.522988e+00
1.296735e+01,1.080480e+01,1.546499e+01,7.887342e-01,-1.292943e+00,-8.848567e-01,1.754073e+00
1.531226e+01,1.140531e+01,1.400228e+01,-1.108082e+00,-6.699392e-01,1.742723e+00,2.171116e+00
1.072503e+01,1.041697e+01,1.386462e+01,-7.565240e-01,2.156230e+00,-1.946491e-01,2.293369e+00
9.306062e+00,1.473891e+01,1.336181e+01,-4.573573e-01,1.116982e+00,-1.275307e-01,1.213709e+00
1.395447e+01,9.811881e+00,1.475447e+01,2.785267e-01,1.517543e-01,-6.905039e-01,7.598697e-01
1.588074e+01,9.678581e+00,1.371133e+01,-1.028538e-01,-6.193060e-01,1.888340e+00,1.989962e+00
1.375825e+01,8.306049e+00,1.224248e+01,8.958485e-01,-1.744953e+00,-4.570192e-01,2.014019e+00
1.361569e+01,1.081683e+01,1.394883e+01,-1.254493e+00,-5.526971e-02,-1.706733e+00,2.118902e+00
1.248482e+01,9.504310e+00,1.402332e+01,-1.015529e+00,-6.042954e-01,1.691917e+00,2.063748e+00
1.672869e+01,1.187731e+01,1.040418e+01,7.430218e-01,-2.066492e-02,-1.633666e+00,1.794818e+00
1.373460e+01,7.661581e+00,1.523427e+01,-7.054411e-02,-5.281600e-01,2.989470e-01,6.109818e-01
1.197142e+01,9.700707e+00,1.193130e+01,-6.383220e-01,1.005540e+00,-3.126381e-01,1.231384e+00
1.591695e+01,7.727418e+00,1.363830e+01,9.160520e-02,-1.594245e+00,1.411643e+00,2.131372e+00
1.646409e+01,8.762316e+00,1.369573e+01,2.021048e+00,9.681124e-01,-4.709526e-02,2.241450e+00
2.009757e+01,1.106545e+01,1.406232e+01,1.182775e+00,5.322592e-01,3.827742e-01,1.352321e+00
1.617404e+01,1.043261e+01,1.577736e+01,1.399821e+00,2.978035e-01,1.766615e+00,2.273569e+00
1.516085e+01,7.022697e+00,1.313496e+01,-9.947282e-01,2.332734e+00,1.188256e-02,2.535996e+00
1.611883e+01,1.068192e+01,1.401556e+01,3.111091e-02,8.169041e-01,-2.403537e-01,8.520975e-01
1.974222e+01,8.894888e+00,1.235114e+01,3.795741e-01,2.220913e+00,-2.969355e-01,2.272598e+00
1.796050e+01,9.270473e+00,1.188072e+01,-5.960804e-01,-5.555807e-01,2.749644e+00,2.867843e+00
2.232705e+01,7.786010e+00,1.167394e+01,-9.061509e-01,2.809424e-01,1.328274e+00,1.632283e+00
2.689606e-01,1.148633e+01,1.372516e+01,-1.625725e+00,5.365870e-01,-8.553678e-01,1.913782e+00
2.217796e+01,7.432616e+00,1.256381e+01,-9.531577e-01,-6.341766e-01,6.829259e-01,1.333071e+00
1.991220e+01,1.242582e+01,1.428695e+01,2.273156e+00,1.427619e+00,-5.395320e-01,2.737961e+00
2.178872e+01,4.961821e+00,1.632613e+01,-4.581305e-01,-3.983916e-01,-8.975425e-01,1.083597e+00
5.801319e-01,7.350921e+00,1.208545e+01,1.148922e+00,-1.128668e+00,-6.526070e-01,1.737760e+00
4.360195e+00,7.582577e+00,1.115342e+01,-6.348749e-01,9.508321e-02,-1.571704e+00,1.697751e+00
2.154212e+01,8.298603e+00,1.480960e+01,-1.002404e-01,-5.283377e-01,-7.977997e-03,5.378220e-01
2.329145e+01,9.393468e+00,1.154235e+01,-3.465016e-02,1.410912e-01,9.139558e-01,9.254311e-01
2.370359e+00,1.140945e+01,1.196317e+01,5.770135e-01,-4.595750e-02,8.147243e-01,9.994160e-01
2.665541e+00,7.923067e+00,1.520463e+01,1.064500e+00,-8.289777e-02,1.301648e+00,1.683543e+00
2.191698e+01,9.332164e+00,1.377196e+01,-4.234021e-01,-1.462519e-01,-7.048131e-01,8.351170e-01
3.556612e+00,6.928049e+00,7.775967e+00,4.765814e-01,-6.614529e-01,-5.724595e-01,9.961725e-01
2.566525e+00,7.108650e+00,1.031220e+01,7.597739e-01,4.507227e-01,7.081014e-01,1.132173e+00
4.151805e+00,1.046409e+01,1.165593e+01,1.109453e+00,-7.813924e-01,8.752712e-01,1.614794e+00
1.654066e+00,7.538970e+00,1.553530e+01,-1.508644e+00,-9.891786e-01,-2.367192e-01,1.819483e+00
4.200993e+00,9.272721e+00,1.438569e+01,-6.064422e-01,1.190607e+00,1.260780e+00,1.837085e+00
2.691901e+00,1.213372e+01,1.415913e+01,-5.948981e-01,-1.241071e+00,3.302712e-01,1.415358e+00
4.613613e+00,1.135920e+01,1.280792e+01,-5.103394e-01,1.626232e+00,1.793335e-01,1.713837e+00
2.416170e+00,9.452074e+00,1.251759e+01,-9.261710e-01,1.469764e+00,-2.701555e-01,1.758119e+00
6.254845e+00,9.908837e+00,1.424437e+01,-4.795239e-01,1.040832e+00,-3.680450e-01,1.203633e+00
4.491318e+00,9.623236e+00,1.246438e+01,-7.719476e-02,-1.283336e+00,-1.007188e+00,1.633198e+00
5.192276e+00,9.197837e+00,1.390056e+01,-9.894320e-01,1.072684e+00,-2.029000e-01,1.473362e+00
5.970199e+00,1.193756e+01,1.226773e+01,2.579262e-01,8.363735e-01,-6.110499e-01,1.067440e+00
4.823970e+00,8.737941e+00,1.307117e+01,7.257830e-01,1.177915e-01,-1.272689e-02,7.353895e-01
6.981029e+00,1.277681e+01,1.034602e+01,5.249248e-01,-9.270138e-01,3.844936e-01,1.132579e+00
9.440309e+00,8.841581e+00,9.979720e+00,-1.120034e+00,-1.069663e+00,-2.232485e-01,1.564767e+00
4.393961e+00,8.711075e+00,1.160437e+01,-1.160784e+00,8.822990e-01,-4.031351e-03,1.458042e+00
8.643943e+00,7.577420e+00,1.511282e+01,-2.931131e-01,1.080790e+00,-1.373190e-01,1.128219e+00
9.772745e+00,1.318439e+01,1.148541e+01,1.750398e+00,1.605649e+00,3.022589e-01,2.394444e+00
7.785087e+00,9.362907e+00,1.354051e+01,3.128026e+00,-2.276026e+00,-4.851286e-02,3.868746e+00
8.755132e+00,8.015831e+00,9.348216e+00,1.057474e+00,4.190607e-01,-9.212458e-01,1.463748e+00
8.120774e+00,1.010789e+01,1.232670e+01,-4.556656e-01,1.636921e+00,-4.433572e-01,1.756049e+00
1.176829e+01,1.010736e+01,1.285426e+01,7.159402e-01,1.870472e+00,-1.319285e-01,2.007148e+00
1.080535e+01,9.626477e+00,1.159411e+01,3.324741e-01,3.454620e+00,4.534126e-01,3.500074e+00
7.494578e+00,1.283077e+01,9.378383e+00,-9.526650e-01,-5.230498e-01,-5.781295e-01,1.231010e+00
1.080158e+01,1.105426e+01,1.158845e+01,-1.301453e+00,-1.673631e-01,-5.813503e-02,1.313457e+00
1.177924e+01,1.019191e+01,1.093757e+01,1.219029e+00,3.731939e-01,1.375113e+00,1.875164e+00
1.373463e+01,1.151796e+01,1.575004e+01,1.235021e-01,-1.920957e+00,7.005775e-01,2.048447e+00
1.255380e+01,1.162672e+01,1.376035e+01,1.700680e+00,8.783625e-02,2.635018e-01,1.723212e+00
1.347368e+01,9.371782e+00,1.219789e+01,7.712025e-01,4.590646e-01,-7.113408e-01,1.145207e+00
1.399804e+01,1.136942e+01,9.878482e+00,1.328913e-01,6.740033e-01,6.932268e-03,6.870143e-01
1.474361e+01,9.698835e+00,1.180774e+01,1.438275e+00,-4.358414e-01,-4.674702e-01,1.573887e+00
1.170809e+01,1.226205e+01,1.428841e+01,8.271737e-01,-1.645372e+00,5.668151e-02,1.842465e+00
1.848716e+01,1.199815e+01,1.179395e+01,-5.893817e-01,5.447887e-01,2.469746e-01,8.397393e-01
1.510661e+01,1.019004e+01,1.446675e+01,6.718065e-01,3.522933e-01,-7.966730e-01,1.100056e+00
1.726045e+01,1.213392e+01,1.354009e+01,-2.823527e-01,-2.046852e-01,3.607900e+00,3.624716e+00
1.499041e+01,1.088032e+01,1.204859e+01,-5.099118e-01,-6.163976e-01,-8.150961e-01,1.142076e+00
1.542738e+01,8.534410e+00,1.546784e+01,-4.946344e-03,1.206025e+00,1.636552e+00,2.032935e+00
1.739759e+01,1.015569e+01,1.590921e+01,-1.525203e-01,1.322467e-01,7.573588e-01,7.838009e-01
1.422444e+01,9.578835e+00,1.089967e+01,-6.718018e-01,5.399484e-01,8.676193e-01,1.222958e+00
2.028145e+01,1.309870e+01,1.178316e+01,2.026238e+00,3.895729e-01,-1.365473e+00,2.474252e+00
1.925996e+01,9.547368e+00,1.672041e+01,2.886478e-01,2.557218e+00,-1.433386e+00,2.945722e+00
1.936730e+01,1.265036e+01,1.624079e+01,2.404023e+00,-6.412524e-01,-2.469769e+00,3.505751e+00
1.931892e+01,9.263636e+00,1.490853e+01,-3.701501e-01,5.056921e-02,-1.223831e+00,1.279582e+00
2.010985e+01,1.209832e+01,1.228466e+01,5.094683e-01,-4.373255e-01,-5.756179e-01,8.843910e-01
2.253339e+01,1.050293e+01,1.636320e+01,1.058147e-01,1.801575e+00,-5.778338e-01,1.894930e+00
2.036341e+01,7.884984e+00,1.249521e+01,2.042428e+00,-9.969899e-01,5.340569e-01,2.334677e+00
2.018223e+01,9.755087e+00,1.170274e+01,2.210043e-01,3.917170e-01,-9.602385e-01,1.060350e+00
1.857906e+01,1.112205e+01,1.343666e+01,-1.170858e+00,4.845837e-01,-3.453088e-01,1.313380e+00
2.290719e+01,1.176751e+01,1.157854e+01,2.001223e+00,-5.903416e-01,-1.208845e+00,2.411369e+00
5.635627e-01,7.845908e+00,1.020606e+01,-2.017352e+00,-1.590765e-01,1.326717e+00,2.419751e+00
9.102147e-01,8.184394e+00,1.146275e+01,8.255061e-01,1.368612e+00,-5.916119e-01,1.704278e+00
2.001721e-01,1.013288e+01,1.472846e+01,-3.383472e-01,6.072054e-01,6.415894e-01,9.459462e-01
1.948167e+01,7.971039e+00,1.425502e+01,-5.609568e-01,-5.010554e-01,-1.369823e+00,1.562736e+00
2.304840e-02,1.607308e+01,1.081050e+01,1.717040e+00,1.873197e-01,1.198881e+00,2.102530e+00
1.025144e+00,1.122038e+01,1.310883e+01,1.968061e-01,6.225311e-01,8.333436e-01,1.058650e+00
2.325896e+01,1.419605e+01,1.487681e+01,1.416785e+00,1.929451e-01,1.347108e+00,1.964487e+00
2.420912e-01,1.322721e+01,1.251206e+01,-6.218021e-01,-4.557145e-01,4.466012e-01,8.909356e-01
1.730700e+00,1.298305e+01,8.810374e+00,8.870561e-01,1.989907e+00,-6.043156e-01,2.260928e+00
2.272641e+00,1.129731e+01,1.475423e+01,-7.367375e-01,2.188669e+00,-2.734339e+00,3.579059e+00
2.120864e+00,1.386097e+01,1.573099e+01,-1.212406e+00,-6.095393e-01,-7.839647e-01,1.567184e+00
2.282520e+00,1.083620e+01,1.068358e+01,-6.036555e-01,-1.433199e+00,1.241229e+00,1.989751e+00
4.974211e+00,1.172127e+01,1.139409e+01,1.175407e+00,-1.308313e+00,-1.901745e+00,2.590347e+00
5.383587e+00,1.288938e+01,1.240534e+01,-7.256947e-01,1.506050e+00,-1.499305e-01,1.678481e+00
1.462509e+00,9.960762e+00,1.062381e+01,7.256685e-01,-2.552689e-01,9.672360e-01,1.235841e+00
4.855628e+00,1.366798e+01,9.193225e+00,-1.953865e+00,5.944932e-01,2.926532e-01,2.063166e+00
4.783420e+00,1.179724e+01,1.019266e+01,1.185349e+00,1.156231e+00,3.854748e-01,1.700151e+00
7.164363e+00,9.979897e+00,1.283381e+01,-5.266914e-01,-1.785165e+00,-2.834517e-02,1.861457e+00
7.454346e+00,1.333165e+01,1.304332e+01,1.590268e-01,1.501627e+00,3.623592e-01,1.552894e+00
7.772916e+00,1.587135e+01,1.152604e+01,1.915925e-01,4.513225e-01,-1.990124e+00,2.049633e+00
1.000758e+01,1.545655e+01,1.085546e+01,-1.633639e-01,1.137936e+00,2.323581e+00,2.592415e+00
7.179220e+00,1.067317e+01,1.191351e+01,-1.151728e+00,-5.366811e-01,-7.325565e-01,1.466677e+00
5.246684e+00,1.341988e+01,1.643942e+01,1.563292e+00,2.768808e-01,4.221398e-01,1.642786e+00
7.360131e+00,1.137732e+01,1.110488e+01,2.396991e-01,-6.860341e-01,-1.605205e+00,1.762039e+00
5.927552e+00,1.272863e+01,1.081111e+01,-1.633591e-01,-1.128831e+00,-2.486677e-01,1.167382e+00
9.004613e+00,1.421461e+01,8.512283e+00,-1.822022e-01,2.364847e-01,4.066817e-01,5.044925e-01
1.004178e+01,1.140661e+01,1.096474e+01,5.744301e-01,2.005126e+00,4.469143e-01,2.133127e+00
6.301080e+00,1.222879e+01,9.768128e+00,8.066575e-02,1.547209e-02,-1.006017e+00,1.009365e+00
8.441137e+00,1.089216e+01,1.004588e+01,9.351558e-01,-7.560912e-01,7.568574e-01,1.420923e+00
1.134944e+01,1.248993e+01,1.079308e+01,-4.737767e-01,1.285747e+00,-5.046995e-02,1.371188e+00
6.724933e+00,1.433701e+01,1.014656e+01,-1.164168e+00,1.018638e+00,-1.513795e+00,2.164367e+00
1.108095e+01,1.136693e+01,1.453502e+01,1.311373e+00,-3.163962e-01,1.897741e+00,2.328353e+00
1.499773e+01,1.304927e+01,1.149411e+01,4.728146e-01,-1.162856e+00,1.204876e+00,1.739976e+00
1.214213e+01,1.197381e+01,1.153404e+01,-2.641120e-01,-8.480069e-01,-4.431363e-01,9.925929e-01
1.277634e+01,1.190389e+01,1.262274e+01,1.148445e+00,-7.290174e-01,-9.410603e-01,1.654082e+00
1.506309e+01,1.400545e+01,1.197039e+01,4.696152e-01,-1.272386e+00,-5.022321e-01,1.446285e+00
1.600467e+01,1.177389e+01,1.325900e+01,1.251058e-02,8.021511e-01,-4.191177e-01,9.051313e-01
1.522104e+01,1.075230e+01,1.613113e+01,7.352246e-01,-3.658266e-01,-1.543969e+00,1.748778e+00
1.821775e+01,1.112050e+01,1.449948e+01,1.113573e+00,-1.387480e+00,-1.764320e-01,1.787812e+00
1.574383e+01,9.182192e+00,1.467897e+01,-1.149543e+00,7.229153e-01,4.622913e-02,1.358747e+00
1.890753e+01,1.298038e+01,1.062382e+01,8.545071e-01,-1.256747e+00,2.449196e-01,1.539345e+00
1.687851e+01,9.961899e+00,1.359858e+01,5.204405e-01,2.012629e-01,9.760074e-01,1.124258e+00
1.645456e+01,1.172808e+01,1.428024e+01,-1.599646e-01,3.839871e-01,1.875711e+00,1.921282e+00
2.116332e+01,1.174428e+01,1.438820e+01,-3.337823e-01,-6.307901e-01,-2.802421e-01,7.667088e-01
1.819640e+01,1.262224e+01,1.354167e+01,-3.836413e-01,2.502556e-01,-7.813772e-01,9.057367e-01
1.671445e+01,9.336659e+00,1.564211e+01,4.022959e-01,-1.429862e+00,-1.626726e+00,2.202858e+00
1.868095e+01,1.526320e+01,1.028806e+01,7.804827e-02,-1.476842e-01,1.322167e+00,1.332677e+00
1.891029e+01,9.167568e+00,1.376387e+01,5.963173e-01,6.316557e-01,6.598131e-01,1.090842e+00
1.962848e+01,1.320855e+01,9.805705e+00,1.859823e-01,8.382655e-01,-1.213087e+00,1.486223e+00
1.665366e+01,1.282208e+01,1.423814e+01,-2.806795e+00,5.524710e-01,-7.370263e-01,2.954070e+00
1.778976e+01,1.263379e+01,1.250408e+01,-1.136356e+00,-1.175792e-01,-6.244571e-01,1.301951e+00
1.851327e+01,1.464562e+01,1.189026e+01,4.208563e-01,1.039905e+00,-1.576550e+00,1.934950e+00
1.905228e+01,1.423345e+01,1.278132e+01,2.717632e-02,-2.120751e+00,-7.491490e-01,2.249344e+00
2.123366e+01,1.296079e+01,1.676244e+01,1.846253e+00,2.490317e+00,5.567349e-01,3.149648e+00
2.230729e+01,1.537623e+01,9.160970e+00,-8.349236e-01,-4.389367e-01,-1.825078e+00,2.054428e+00
2.131586e+01,1.133443e+01,1.307711e+01,-7.751980e-01,-3.867360e-01,-1.623896e-01,8.814006e-01
2.305237e+01,1.163851e+01,1.580113e+01,4.113125e-01,3.145260e-01,-1.155620e+00,1.266318e+00
2.319213e+01,1.271425e+01,1.112931e+01,-1.486664e+00,5.157623e-01,-3.695367e-01,1.616397e+00
2.221182e+01,1.208537e+01,1.494100e+01,4.847438e-01,-8.268642e-01,1.294986e+00,1.611108e+00
2.239522e+01,1.670474e+01,1.178992e+01,-8.144108e-02,-2.575646e-01,1.689970e+00,1.711424e+00
2.315858e+01,1.507073e+01,9.664464e+00,8.900701e-02,1.228931e+00,-8.138153e-02,1.234835e+00
2.829878e+00,1.035262e+01,1.462111e+01,1.243407e+00,4.938697e-01,-6.465035e-01,1.485912e+00
2.418107e+00,1.398548e+01,1.143483e+01,1.865150e+00,-3.741048e-01,1.342730e-02,1.902346e+00
8.703994e-01,1.437353e+01,1.138999e+01,1.015782e+00,-3.241828e-02,2.416362e-01,1.044631e+00
8.981871e-01,1.213762e+01,1.060821e+01,-1.134132e+00,4.485757e-01,9.054339e-01,1.518976e+00
1.201671e+00,1.500271e+01,1.335621e+01,1.280738e+00,-2.706987e-01,5.954220e-01,1.438088e+00
2.189176e+01,1.456008e+01,1.131368e+01,7.773165e-01,-5.999904e-01,-7.556758e-01,1.239054e+00
2.768308e+00,1.374309e+01,1.029934e+01,-1.415149e-01,-1.020239e+00,-4.147632e-01,1.110379e+00
4.224319e+00,1.467187e+01,1.258255e+01,-2.964288e-01,-1.607595e+00,1.878258e-01,1.645452e+00
4.159281e+00,1.361516e+01,1.266774e+01,1.303996e+00,1.548149e-01,-9.034756e-01,1.593939e+00
2.375336e+01,1.412954e+01,1.196488e+01,9.383242e-01,1.488167e+00,-6.341889e-02,1.760431e+00
4.157982e+00,1.503146e+01,9.458943e+00,-4.178211e-01,9.650383e-01,4.530792e-01,1.145056e+00
6.686421e+00,1.372693e+01,1.093477e+01,1.391722e+00,6.667213e-01,4.262917e-01,1.600979e+00
8.290431e+00,1.201401e+01,1.158920e+01,4.857298e-02,-1.070639e+00,2.384836e+00,2.614588e+00
8.686064e-01,1.512181e+01,1.229171e+01,1.142534e-01,-2.714364e-01,-3.856084e-01,4.852065e-01
4.203577e+00,1.542880e+01,1.143685e+01,1.275964e+00,-1.045636e+00,-7.006412e-01,1.792300e+00
6.415653e+00,1.259214e+01,8.833372e+00,-7.318381e-01,9.628039e-01,5.317379e-01,1.321107e+00
8.265097e+00,1.584164e+01,1.043039e+01,6.023196e-01,-1.583398e+00,7.760836e-01,1.863396e+00
6.688900e+00,1.767659e+01,1.153908e+01,-1.417492e+00,2.854550e-01,9.534432e-01,1.731999e+00
3.626511e+00,1.052006e+01,1.049999e+01,-6.263756e-01,-6.634693e-01,-6.195054e-01,1.102871e+00
5.975353e+00,1.402628e+01,9.145030e+00,-8.854545e-01,-1.549875e+00,-1.192680e+00,2.146772e+00
9.380128e+00,1.413446e+01,1.154294e+01,-2.244007e+00,8.562859e-01,-7.147645e-01,2.505929e+00
8.925435e+00,1.277312e+01,1.180280e+01,-1.875701e-01,-6.611608e-03,3.866407e-02,1.916276e-01
9.459549e+00,1.279313e+01,1.265208e+01,-1.632760e+00,4.010832e-01,1.247390e+00,2.093503e+00
1.073200e+01,1.474585e+01,1.176941e+01,-9.971443e-01,8.833581e-01,7.233393e-01,1.515862e+00
1.146595e+01,1.529633e+01,1.271791e+01,1.387920e+00,-5.377492e-01,-5.033381e-01,1.571256e+00
1.144718e+01,1.338529e+01,1.249718e+01,1.371737e+00,-4.718648e-02,-3.247435e-01,1.410442e+00
1.377246e+01,1.304382e+01,1.167642e+01,-2.575769e-01,-8.249857e-01,3.534162e-01,9.337292e-01
1.632842e+01,1.492912e+01,1.048426e+01,-1.296262e+00,-1.184401e+00,8.938378e-02,1.758150e+00
1.352549e+01,1.414273e+01,1.090753e+01,7.976232e-01,-1.408660e+00,7.209758e-01,1.772098e+00
1.437861e+01,1.514168e+01,1.119671e+01,3.518261e-02,-1.462812e-01,1.994130e-02,1.517684e-01
1.425760e+01,1.185486e+01,1.305803e+01,-1.376787e+00,3.772163e-01,-9.133370e-01,1.694703e+00
1.499841e+01,1.242939e+01,1.347091e+01,1.421090e+00,3.427887e-01,1.301357e-01,1.467630e+00
1.458196e+01,1.345659e+01,1.362972e+01,1.544429e+00,1.513102e+00,-8.875108e-02,2.163936e+00
1.685835e+01,1.431542e+01,1.407962e+01,-1.356921e+00,-1.172687e+00,-1.720915e-01,1.801678e+00
1.548936e+01,1.264865e+01,1.441494e+01,-3.459484e-01,-7.595079e-01,1.375823e+00,1.609168e+00
1.906958e+01,1.368671e+01,1.180038e+01,-2.668649e-01,-1.736771e-01,1.459039e+00,1.493377e+00
1.557764e+01,1.462257e+01,1.344072e+01,-1.305613e+00,-7.421861e-01,8.890083e-01,1.745222e+00
1.584226e+01,1.480659e+01,1.596420e+01,-7.961212e-01,-7.417139e-02,3.429623e-01,8.700192e-01
2.150507e+01,1.443405e+01,9.599549e+00,-1.374004e-02,-1.402758e-01,5.029296e-01,5.223067e-01
1.648820e+01,1.659741e+01,1.535288e+01,-9.986440e-01,3.317442e-02,1.391275e+00,1.712903e+00
1.644873e+01,1.368516e+01,1.058417e+01,-4.760697e-02,4.830534e-01,-9.096265e-02,4.938433e-01
1.590300e+01,1.565797e+01,1.697675e+01,-8.230299e-01,-9.339260e-01,1.572937e-01,1.254726e+00
1.906081e+01,1.026737e+01,1.326571e+01,-3.876442e-01,-1.095432e+00,-1.206122e+00,1.674805e+00
2.130222e+01,1.727371e+01,1.016700e+01,2.355992e-01,-1.071804e-01,-1.581334e+00,1.602377e+00
2.014496e+01,1.422587e+01,1.587387e+01,1.741422e-01,5.380343e-02,1.041819e+00,1.057642e+00
1.499906e+01,1.545148e+01,1.048065e+01,1.818869e-01,1.249037e+00,6.776311e-01,1.432606e+00
1.976227e+01,1.361690e+01,1.378547e+01,-1.103690e+00,-2.072994e-01,1.513136e+00,1.884326e+00
1.937471e+01,1.255307e+01,1.339579e+01,4.759750e-01,-4.096528e-01,-8.787096e-01,1.080045e+00
2.192659e+01,1.111143e+01,1.416049e+01,-8.464421e-01,1.094863e+00,-1.207988e+00,1.836961e+00
1.999436e+01,1.403980e+01,1.481290e+01,2.201894e+00,6.074736e-01,3.393773e-01,2.309229e+00
2.213401e+01,1.521339e+01,1.026729e+01,7.397756e-01,-1.867054e-01,3.631252e-01,8.449773e-01
2.114276e+01,1.505096e+01,1.048547e+01,-3.683441e-01,-6.516788e-01,2.087282e-01,7.771294e-01
9.573845e-01,1.315976e+01,1.741493e+01,2.555826e-02,3.020379e-01,5.250525e-01,6.062675e-01
2.137854e+01,1.396427e+01,1.387959e+01,7.543835e-01,5.415157e-01,-1.143218e+00,1.472848e+00
2.296692e+01,1.497748e+01,1.169169e+01,2.811641e+00,6.836008e-01,-2.335462e-01,2.902961e+00
1.958174e+00,1.897824e+01,1.059060e+01,8.221734e-01,5.658684e-01,-7.026472e-01,1.220610e+00
1.970245e+01,1.539733e+01,1.409212e+01,-8.345235e-01,1.190849e+00,-9.223637e-01,1.722007e+00
2.164598e+01,1.563796e+01,1.262610e+01,-5.402369e-01,-6.834158e-01,-4.312469e-01,9.720529e-01
3.838799e+00,1.719176e+01,6.054123e+00,6.982703e-01,-1.636495e+00,-1.048801e+00,2.065352e+00
1.805135e+00,1.530219e+01,1.116790e+01,-1.741956e-01,-4.746572e-01,-7.798045e-01,9.293754e-01
9.144649e-02,1.291479e+01,1.058360e+01,1.701071e-01,4.630891e-01,1.405416e+00,1.489491e+00
5.217613e+00,1.579340e+01,8.039037e+00,5.665723e-01,-1.051574e+00,2.241613e+00,2.540008e+00
2.027220e+00,1.547782e+01,1.005971e+01,-2.881824e-01,7.130478e-01,1.635985e-02,7.692554e-01
4.487073e+00,1.432886e+01,1.378613e+01,4.944282e-01,-5.461724e-01,-4.692954e-01,8.734997e-01
4.533678e+00,1.437159e+01,1.146123e+01,2.991159e-01,5.720641e-01,2.613971e-01,6.964597e-01
3.854621e+00,1.532348e+01,1.458486e+01,9.894863e-01,6.779401e-01,-1.014502e-01,1.203735e+00
7.488072e+00,1.646971e+01,1.000489e+01,-7.849431e-01,1.291359e+00,-2.675893e-01,1.534714e+00
6.031788e+00,1.759362e+01,1.074906e+01,-1.233698e-01,-4.236546e-01,1.756830e+00,1.811396e+00
5.109148e+00,1.619776e+01,1.535528e+01,-3.264544e-03,-4.186228e-01,-4.197645e-01,5.928389e-01
6.325678e+00,1.836686e+01,1.444159e+01,-1.654431e-01,-7.689601e-01,-3.056086e-01,8.438411e-01
7.767482e+00,1.687560e+01,1.333735e+01,-5.718259e-01,-3.061573e-01,-1.474721e-01,6.651805e-01
6.755139e+00,1.734268e+01,1.004677e+01,-3.851738e-01,-1.271278e+00,-8.120189e-01,1.556882e+00
8.849360e+00,1.383143e+01,1.057186e+01,7.081528e-01,1.057984e+00,-1.259425e+00,1.790799e+00
6.521326e+00,1.735495e+01,1.436613e+01,-4.807480e-01,6.785828e-02,1.290128e-01,5.023621e-01
8.899239e+00,1.658156e+01,9.540856e+00,2.545525e-01,7.343110e-01,4.116059e-01,8.794481e-01
9.246203e+00,1.416551e+01,9.600462e+00,3.693637e-02,3.301040e-01,4.340527e-01,5.465662e-01
9.153059e+00,1.481573e+01,1.033308e+01,1.298017e+00,-3.006796e-01,-6.746481e-01,1.493454e+00
9.719936e+00,1.727136e+01,1.208063e+01,1.203286e-01,-1.697298e+00,1.907487e-01,1.712216e+00
1.193940e+01,1.864174e+01,1.058160e+01,2.924673e-01,1.362388e+00,6.832982e-01,1.551945e+00
9.713549e+00,1.961205e+01,1.107196e+01,2.522322e-01,-7.801680e-01,-5.792160e-01,1.003880e+00
1.289573e+01,1.592575e+01,1.045420e+01,-1.199101e+00,1.812615e+00,1.022216e+00,2.401737e+00
1.152196e+01,1.613175e+01,9.240442e+00,-1.688643e+00,1.225338e-01,-3.804377e-01,1.735299e+00
1.363571e+01,1.311158e+01,1.019834e+01,9.356966e-01,5.421368e-01,-3.443773e-01,1.134917e+00
1.352867e+01,1.475734e+01,1.324114e+01,3.843150e-01,1.603757e-01,1.081193e+00,1.158619e+00
1.548094e+01,1.347478e+01,1.295839e+01,7.573948e-01,-6.785784e-01,-2.902986e-01,1.057539e+00
1.319314e+01,1.665254e+01,9.611610e+00,-3.540098e-01,-4.086125e-01,3.032151e-01,6.198601e-01
1.503866e+01,1.392129e+01,9.063354e+00,-2.229036e+00,2.643376e-01,2.262804e-01,2.256032e+00
1.554689e+01,1.682116e+01,1.178758e+01,-4.664235e-01,8.234995e-01,-1.105493e+00,1.455272e+00
1.560319e+01,1.266139e+01,1.229252e+01,2.977264e-01,-3.909844e-01,-2.173142e+00,2.228017e+00
1.367354e+01,1.512233e+01,1.213880e+01,1.302455e+00,-1.332100e+00,3.375839e-01,1.893368e+00
1.598027e+01,1.597333e+01,1.084768e+01,6.699570e-01,-9.868663e-01,-8.822463e-01,1.483612e+00
1.293163e+01,1.587317e+01,1.211338e+01,-3.999430e-01,-9.712756e-01,-2.801066e-01,1.087102e+00
1.385056e+01,1.807959e+01,1.150537e+01,2.047579e-01,-1.219997e+00,6.827956e-01,1.412985e+00
1.449468e+01,1.538294e+01,1.338777e+01,-1.247456e+00,-4.880258e-01,-4.063138e-01,1.399788e+00
1.683028e+01,1.410991e+01,1.300817e+01,-1.298212e+00,1.395046e+00,-1.467538e+00,2.405239e+00
1.678473e+01,1.411066e+01,9.700215e+00,-1.437614e+00,-9.859724e-01,-2.701895e+00,3.215449e+00
1.383759e+01,1.671282e+01,1.468184e+01,9.652028e-01,-1.262109e+00,-2.059594e-01,1.602172e+00
1.610868e+01,1.663557e+01,1.351402e+01,-1.231895e+00,1.197405e-01,1.177627e+00,1.708423e+00
1.884546e+01,1.307321e+01,1.266609e+01,-4.723406e-01,-6.150110e-01,6.113678e-01,9.874790e-01
1.872945e+01,1.561100e+01,1.378347e+01,-6.131873e-01,-2.745076e-01,2.844854e-01,7.295787e-01
1.906041e+01,1.535683e+01,1.257637e+01,-1.484170e+00,-5.776168e-01,-5.037631e-01,1.670383e+00
1.760519e+01,1.578440e+01,1.415732e+01,-1.015401e+00,-1.267882e+00,6.932172e-01,1.766102e+00
2.010363e+01,1.499025e+01,1.308056e+01,1.349994e+00,-4.607386e-01,-1.492461e+00,2.064511e+00
1.245569e+00,1.527184e+01,7.989722e+00,1.261024e-01,8.727688e-01,-6.560308e-01,1.099092e+00
1.956803e+01,1.591968e+01,1.503347e+01,1.515588e+00,-1.204698e+00,-4.530427e-01,1.988354e+00
2.186292e+01,1.613544e+01,1.045094e+01,-5.192088e-01,1.495668e-01,1.356836e+00,1.460463e+00
1.181132e+00,1.409014e+01,1.379524e+01,9.300377e-01,1.727480e+00,-7.400019e-01,2.096846e+00
2.385253e+01,1.864997e+01,1.247110e+01,-1.704595e+00,7.063485e-01,-6.686297e-01,1.962559e+00
2.210171e+01,1.560910e+01,1.131987e+01,1.340688e+00,-6.160996e-01,1.040917e+00,1.805694e+00
2.519809e+00,1.431716e+01,9.304712e+00,5.438002e-01,-1.217087e-01,-1.893107e-02,5.575752e-01
1.101629e+00,1.213256e+01,1.392705e+01,-4.881892e-01,-1.090068e+00,-1.330043e+00,1.787621e+00
1.220506e+00,1.496169e+01,9.608426e+00,1.642604e+00,-8.813642e-01,1.509899e-01,1.870227e+00
1.140148e+00,1.596437e+01,1.177219e+01,-2.086125e-02,-1.287178e+00,-1.397635e+00,1.900170e+00
2.299185e+01,1.954064e+01,1.320250e+01,-8.523193e-01,7.528726e-02,6.589128e-01,1.079946e+00
4.369838e+00,1.813649e+01,1.142913e+01,-1.786715e-01,-1.517223e-01,-3.740015e-03,2.344294e-01
4.359284e+00,1.731089e+01,9.051373e+00,-2.919363e-01,-8.481292e-01,1.725053e-01,9.134046e-01
2.668863e+00,1.568408e+01,1.171707e+01,3.029017e-01,-2.375456e-01,-2.823996e-01,4.774169e-01
3.184857e+00,1.923501e+01,1.341559e+01,2.054460e-01,3.941531e-01,3.567261e-01,5.699282e-01
4.161345e+00,1.824462e+01,1.270210e+01,3.717463e-01,3.279233e-01,8.900242e-01,1.018760e+00
3.301669e+00,1.759770e+01,1.192380e+01,9.753351e-01,-6.444114e-01,-5.993824e-01,1.313699e+00
3.325920e+00,1.566616e+01,1.096150e+01,-1.156976e+00,-4.402670e-01,-2.246517e+00,2.565008e+00
1.519624e+00,1.925837e+01,1.609632e+01,-1.038278e+00,8.010528e-01,3.045610e-01,1.346278e+00
5.229209e+00,1.896074e+01,9.615484e+00,-5.190017e-01,-1.091838e+00,-1.178518e+00,1.688306e+00
8.903188e+00,1.675862e+01,1.332857e+01,6.372636e-02,4.498855e-01,-3.135298e-01,5.520498e-01
3.323275e+00,1.741363e+01,9.326930e+00,-9.695463e-01,4.579513e-01,1.958874e+00,2.233143e+00
4.396206e+00,1.835558e+01,1.461903e+01,-6.515616e-01,-2.700428e-01,4.966809e-01,8.626399e-01
9.067841e+00,1.915218e+01,1.202691e+01,9.114062e-02,8.232659e-01,9.165765e-01,1.235389e+00
9.170566e+00,1.780042e+01,1.329506e+01,-3.064618e-01,7.474258e-01,1.063103e-01,8.147797e-01
1.053969e+01,1.671161e+01,1.282431e+01,-2.566555e-01,-1.881408e+00,-7.904693e-01,2.056796e+00
6.862634e+00,2.060904e+01,1.082395e+01,-6.048620e-01,1.212107e+00,4.612891e-01,1.431030e+00
8.523803e+00,1.827607e+01,9.050189e+00,-1.227683e+00,1.131266e+00,-7.374880e-01,1.825064e+00
1.182227e+01,1.694803e+01,1.238530e+01,-2.260533e+00,7.976632e-01,-3.749226e-01,2.426282e+00
8.139005e+00,1.782211e+01,1.353847e+01,-8.952500e-01,-1.441347e+00,-3.337203e-01,1.729255e+00
6.795720e+00,1.922102e+01,1.297798e+01,8.379736e-01,-2.820665e-01,-2.786482e-01,9.270416e-01
1.164487e+01,1.829310e+01,1.249016e+01,-1.370580e+00,1.266164e+00,5.350187e-02,1.866688e+00
1.391123e+01,1.943559e+01,1.052178e+01,1.212613e+00,9.383992e-01,3.960372e-01,1.583625e+00
1.144979e+01,1.780222e+01,1.341361e+01,-1.132118e-01,1.018854e-01,1.908765e+00,1.914832e+00
1.049449e+01,1.590617e+01,1.210518e+01,2.354707e-01,-3.420245e-01,2.292271e-01,4.743124e-01
9.631957e+00,1.684138e+01,8.569614e+00,1.182090e+00,1.286196e+00,-6.406956e-01,1.860680e+00
1.184436e+01,1.597684e+01,1.191494e+01,8.058223e-01,1.055109e+00,9.054056e-01,1.606974e+00
1.322475e+01,1.900656e+01,1.672374e+01,9.143534e-02,1.289096e+00,1.694962e+00,2.131437e+00
1.204506e+01,1.963533e+01,1.255458e+01,-1.142226e+00,4.764035e-01,1.117603e+00,1.667536e+00
9.586747e+00,1.594325e+01,9.948883e+00,1.156763e+00,-7.295767e-01,2.393601e-02,1.367829e+00
1.471540e+01,1.976888e+01,1.320395e+01,-1.235087e+00,-1.839123e+00,-3.120432e-01,2.237227e+00
1.715641e+01,1.613758e+01,1.338011e+01,-1.720760e-01,-1.043085e+00,9.768778e-01,1.439419e+00
1.554678e+01,1.626949e+01,1.275962e+01,-5.606404e-01,-5.129342e-01,-8.829877e-01,1.164940e+00
1.422234e+01,1.711463e+01,1.149067e+01,-1.506691e+00,-1.113529e+00,1.997745e-01,1.884138e+00
1.800547e+01,2.040388e+01,1.122687e+01,6.205761e-01,-7.121914e-01,-7.481815e-01,1.205034e+00
1.392517e+01,1.684653e+01,1.254246e+01,-7.323486e-02,-9.381941e-01,-7.719763e-01,1.217177e+00
1.659370e+01,1.916599e+01,1.522356e+01,-4.946068e-01,4.612849e-01,8.906885e-01,1.118367e+00
1.569474e+01,1.642809e+01,1.456803e+01,-5.982736e-01,7.818736e-01,1.076229e+00,1.458604e+00
1.664259e+01,1.920964e+01,1.058829e+01,-4.702652e-01,2.205323e-01,6.041144e-01,7.967045e-01
2.113981e+01,1.779850e+01,1.291788e+01,8.662906e-01,4.113594e-01,9.555273e-01,1.353776e+00
1.498528e+01,1.703979e+01,1.396915e+01,-1.573188e+00,-1.208446e+00,6.560179e-01,2.089407e+00
1.856611e+01,1.832423e+01,1.180174e+01,-1.744062e-02,9.265727e-01,1.190885e+00,1.508989e+00
2.174167e+01,1.893067e+01,1.164786e+01,8.933403e-01,-8.161161e-01,-1.895738e+00,2.248983e+00
1.877467e+01,1.897682e+01,7.621931e+00,-1.418429e+00,-5.819867e-01,-2.564532e-01,1.554483e+00
2.008082e+01,1.712561e+01,1.328141e+01,1.002988e+00,9.152302e-02,8.652502e-02,1.010865e+00
2.371186e+01,1.684015e+01,9.855518e+00,2.945652e-01,3.092695e-01,-1.320912e+00,1.388245e+00
2.229311e+01,1.750299e+01,1.250596e+01,1.683605e+00,-2.070081e-01,-5.104278e-02,1.697052e+00
2.327654e+01,1.514206e+01,1.421291e+01,6.767083e-02,-5.321470e-01,-1.547790e+00,1.638113e+00
2.072090e+01,1.693878e+01,1.126483e+01,1.054632e+00,-1.251706e+00,1.993475e+00,2.579334e+00
2.381590e+01,1.482894e+01,1.310229e+01,-4.640576e-02,-4.730020e-01,-5.328163e-01,7.139871e-01
2.451168e+00,1.683924e+01,1.192964e+01,1.475937e-01,-8.615984e-02,1.063464e+00,1.077109e+00
2.602665e+00,1.548584e+01,1.303418e+01,-9.449530e-01,4.993112e-01,1.806331e+00,2.098828e+00
2.133133e+01,1.636242e+01,1.427971e+01,2.030208e-01,6.158703e-01,-2.554982e-01,6.969885e-01
2.309578e+01,1.976636e+01,1.042885e+01,3.266744e-01,-3.826358e-01,1.781873e+00,1.851540e+00
1.632702e+00,2.185164e+01,1.214802e+01,1.128499e+00,-7.565711e-01,-1.193462e+00,1.808387e+00
2.560586e+00,2.017571e+01,1.206722e+01,-5.086210e-02,-9.561653e-02,1.068744e-01,1.521566e-01
2.312575e+01,2.022986e+01,1.411652e+01,-3.637896e-01,-8.114744e-01,2.812179e-01,9.326935e-01
2.834007e+00,2.105544e+01,1.253466e+01,6.233462e-01,-4.579066e-01,5.246091e-02,7.752361e-01
2.423150e+00,1.930616e+01,1.146087e+01,-9.899931e-01,-1.737057e-01,5.728578e-01,1.156904e+00
4.088336e+00,2.083546e+01,1.379006e+01,-1.522311e-01,-1.920920e-01,-4.207870e-01,4.869654e-01
4.495222e-02,1.884729e+01,9.602023e+00,-1.056054e+00,-1.043845e+00,1.613191e+00,2.192543e+00
4.768931e+00,1.834331e+01,1.035140e+01,-3.677744e-01,4.559699e-01,-1.302190e+00,1.427889e+00
4.570242e+00,2.269256e+01,1.032612e+01,-1.695994e+00,-1.201143e+00,9.109491e-01,2.269134e+00
4.861989e+00,1.845166e+01,1.346107e+01,1.813237e-02,-1.113784e+00,4.011635e-01,1.183966e+00
3.775034e+00,2.005478e+01,9.193344e+00,-2.696750e-01,9.779537e-01,1.157737e+00,1.539309e+00
3.384102e+00,2.119833e+01,1.100922e+01,-6.912071e-01,-6.172939e-01,-3.064975e-02,9.272316e-01
5.935973e+00,1.945277e+01,1.257866e+01,1.350810e+00,-6.874676e-01,-6.316453e-01,1.642034e+00
4.972601e+00,2.007206e+01,9.236873e+00,-6.866752e-01,1.276295e+00,-1.899564e-02,1.449418e+00
4.547271e+00,2.159508e+01,1.059661e+01,4.779515e-01,1.472753e+00,1.782820e-02,1.548469e+00
7.833223e+00,2.192590e+01,1.021447e+01,2.483213e-01,1.142780e+00,-8.668271e-01,1.455678e+00
7.045265e+00,2.078178e+01,1.508364e+01,4.143771e-01,1.902903e-01,-8.825889e-01,9.934193e-01
9.820027e+00,2.091443e+01,1.475271e+01,4.827865e-01,-1.519665e+00,8.180048e-01,1.792093e+00
7.718540e+00,1.876716e+01,1.390568e+01,2.299708e-01,-3.964528e-01,1.461237e+00,1.531429e+00
1.474530e+01,1.689024e+01,9.727279e+00,-5.326758e-02,2.978921e-01,-7.130328e-01,7.745921e-01
1.151150e+01,1.633903e+01,1.325274e+01,-3.752798e-01,-8.495275e-02,1.833627e+00,1.873563e+00
1.252906e+01,2.178324e+01,1.548337e+01,-6.666940e-03,1.387958e+00,3.258474e-01,1.425710e+00
1.197220e+01,2.059597e+01,1.508399e+01,1.265149e+00,1.458821e+00,-5.262664e-01,2.001429e+00
1.068371e+01,1.686869e+01,1.063403e+01,1.736822e+00,-5.842561e-01,4.311560e-01,1.882499e+00
1.035434e+01,1.771731e+01,1.353206e+01,-2.876627e+00,6.918416e-01,-3.718166e-01,2.981925e+00
1.077098e+01,1.769104e+01,1.256890e+01,4.611900e-02,-2.823918e-01,-1.317111e+00,1.347833e+00
1.213768e+01,1.901001e+01,1.171362e+01,5.069955e-01,-6.801285e-01,1.299096e+00,1.551538e+00
1.472942e+01,1.944665e+01,1.196613e+01,-2.450731e-01,-1.205828e+00,3.618323e-02,1.231012e+00
1.287002e+01,1.898040e+01,1.275294e+01,1.994725e-01,-5.293199e-01,1.400154e+00,1.510100e+00
9.985869e+00,1.975972e+01,1.363463e+01,3.466381e-01,1.298674e+00,1.645918e+00,2.125031e+00
1.001521e+01,1.954182e+01,1.234017e+01,-1.844018e+00,3.203783e-01,1.021792e+00,2.132393e+00
1.308243e+01,1.671076e+01,1.105169e+01,2.355709e+00,1.072644e-01,5.855154e-01,2.429753e+00
1.249997e+01,2.123188e+01,1.318815e+01,4.051382e-01,-2.184055e+00,-2.355437e-01,2.233766e+00
1.599234e+01,1.872045e+01,8.245632e+00,1.377197e-01,1.398663e+00,1.793524e+00,2.278586e+00
1.562532e+01,1.775355e+01,1.347832e+01,-5.542973e-01,-9.330023e-01,-1.520251e+00,1.867860e+00
1.385245e+01,1.601406e+01,1.138467e+01,-1.059798e+00,-2.238753e-01,5.867460e-01,1.231894e+00
2.240367e+01,2.191776e+01,1.114146e+01,-9.811159e-01,1.743697e-02,-8.218298e-01,1.279960e+00
1.735518e+01,1.783105e+01,1.358123e+01,4.692187e-02,1.745595e+00,4.952153e-01,1.815087e+00
1.560313e+01,1.647567e+01,8.916662e+00,5.519068e-02,2.731495e-01,-1.752622e-01,3.292013e-01
1.670710e+01,1.967643e+01,1.288348e+01,4.577105e-02,-3.379677e-01,-6.584187e-01,7.415068e-01
1.973569e+01,1.882188e+01,1.198501e+01,-5.595325e-01,4.165330e-02,1.298780e-01,5.759165e-01
1.800252e+01,1.590713e+01,1.290555e+01,3.347627e-01,-9.549892e-01,1.741476e-01,1.026839e+00
1.649597e+01,1.840411e+01,1.383070e+01,1.560699e-01,-4.054378e-01,7.006107e-01,8.243743e-01
1.638425e+01,1.814805e+01,1.020829e+01,2.337788e+00,-1.725345e+00,-5.087298e-01,2.949724e+00
2.137642e+01,2.176255e+01,1.070890e+01,-8.371144e-01,1.237563e+00,5.100792e-01,1.578767e+00
2.103165e+01,1.796605e+01,1.081901e+01,1.012157e+00,6.354219e-02,-1.603243e+00,1.897073e+00
1.773319e+01,2.138571e+01,1.342542e+01,-1.194822e+00,4.555544e-01,-6.064313e-01,1.415234e+00
1.664600e+01,1.634321e+01,1.434564e+01,-3.850176e-01,4.245291e-01,1.891326e-01,6.035186e-01
2.324511e+01,1.686986e+01,1.226973e+01,4.902519e-01,-7.883545e-01,1.646359e+00,1.890066e+00
5.294818e-01,1.685253e+01,1.393897e+01,-1.476425e+00,-1.426548e+00,5.169289e-01,2.117094e+00
2.197541e+01,1.981981e+01,1.378124e+01,7.810898e-01,-8.835100e-01,-8.780009e-01,1.470230e+00
3.569279e-01,2.076851e+01,9.483101e+00,-7.265556e-01,8.855693e-01,8.301452e-01,1.414658e+00
2.342460e+01,1.843326e+01,8.737988e+00,5.581290e-01,1.923667e-01,-1.612889e-01,6.119862e-01
2.303966e+01,1.767796e+01,1.423705e+01,-6.972557e-01,-1.394585e+00,-1.950469e-01,1.571329e+00
2.937055e-01,1.763313e+01,1.237118e+01,7.303436e-01,-5.528239e-01,4.933089e-01,1.040370e+00
2.363656e+01,2.072026e+01,1.068927e+01,-1.210292e+00,-8.352460e-01,2.172564e-01,1.486487e+00
2.280985e+01,2.180436e+01,1.018024e+01,-9.916259e-02,-9.986274e-01,-4.847065e-01,1.114464e+00
3.500713e+00,1.963734e+01,1.172655e+01,-2.886802e-01,-4.664689e-02,3.218620e-02,2.941907e-01
2.227877e+01,1.988700e+01,1.691318e+01,8.363653e-01,2.434396e-01,8.557965e-01,1.221130e+00
2.046894e+01,2.112913e+01,1.086443e+01,-3.918217e-01,-1.857194e-01,-1.484078e+00,1.546125e+00
2.259404e+01,2.094763e+01,1.075973e+01,7.341012e-01,7.822642e-01,1.515331e-01,1.083422e+00
2.286332e+00,2.062638e+01,1.003314e+01,-4.363293e-01,-2.548709e-01,4.245736e-01,6.600039e-01
8.913736e-01,2.041172e+01,1.244572e+01,6.698308e-01,9.855670e-01,-2.028214e+00,2.352374e+00
4.871272e+00,2.353770e+01,8.632386e+00,-3.930273e-01,-1.621397e+00,2.456178e-01,1.686336e+00
2.840483e+00,2.249490e+01,1.141909e+01,1.241400e+00,-6.793526e-01,2.343715e+00,2.737808e+00
3.980653e+00,2.192778e+01,9.721066e+00,-5.037198e-01,9.783167e-01,-1.330202e-01,1.108391e+00
3.308398e+00,2.116423e+01,9.554842e+00,6.636964e-02,1.034287e+00,-1.395262e-02,1.036508e+00
4.795289e+00,1.969440e+01,1.222009e+01,-3.456738e-01,-1.592789e+00,-4.256114e-01,1.684522e+00
6.546595e+00,2.364931e+01,1.098115e+01,7.308816e-01,-9.794594e-01,-3.636530e-02,1.222641e+00
8.452129e+00,2.336506e+01,1.195276e+01,-4.464142e-01,2.590632e-01,-7.300137e-01,8.940466e-01
5.612113e+00,5.162901e-01,1.056724e+01,7.751781e-01,6.308274e-01,-2.487736e+00,2.680983e+00
9.310952e+00,1.902558e+01,1.559853e+01,1.383021e+00,-1.045165e+00,5.942460e-01,1.832552e+00
9.863114e+00,2.233379e+01,1.340914e+01,1.503060e+00,6.978686e-01,1.017493e+00,1.944608e+00
6.223008e+00,2.176948e+01,1.458511e+01,3.888652e-01,2.487069e-01,-3.380145e-02,4.628324e-01
7.439491e+00,1.925586e+01,1.212513e+01,7.570906e-01,8.179698e-02,2.279974e-01,7.948961e-01
1.169843e+01,2.075765e+01,1.243019e+01,1.484403e+00,-8.150043e-01,-1.138612e+00,2.040618e+00
1.080194e+01,2.196487e+01,1.048517e+01,6.320955e-01,1.041579e+00,3.395164e-01,1.264794e+00
9.668714e+00,2.379397e+01,1.208293e+01,-6.705265e-03,1.710832e-01,1.188995e+00,1.201259e+00
8.410665e+00,2.217456e+01,1.209178e+01,1.477111e-02,-4.487348e-01,8.813224e-01,9.890957e-01
1.287723e+01,2.145401e+01,9.083374e+00,1.172521e+00,-2.809044e-01,7.584569e-01,1.424419e+00
1.079351e+01,2.221699e-01,1.486797e+01,-8.294765e-01,-2.156122e-01,1.772109e-01,8.751706e-01
1.012289e+01,1.914023e+01,1.450684e+01,2.471095e+00,-4.797982e-01,-4.295146e-01,2.553625e+00
1.158946e+01,1.891098e+01,1.334713e+01,-1.128380e+00,1.789177e+00,1.330666e+00,2.499013e+00
1.130435e+01,2.075506e+01,1.096923e+01,2.369174e-01,-1.013043e+00,4.656492e-01,1.139831e+00
1.193744e+01,2.191761e+01,1.253681e+01,-9.254662e-01,-1.700487e-01,1.594451e+00,1.851399e+00
1.289090e+01,1.982810e+01,1.175786e+01,8.975810e-01,3.381352e-01,-1.121595e+00,1.475792e+00
9.872258e+00,2.164660e+01,1.098047e+01,2.844358e-01,8.327651e-01,-1.826115e-01,8.987483e-01
1.573750e+01,2.226643e+01,1.302519e+01,-1.084688e+00,1.050379e-01,6.358889e-01,1.261719e+00
1.645049e+01,2.077573e+01,1.391262e+01,-9.718496e-01,-4.737253e-01,6.158179e-01,1.244242e+00
1.471592e+01,1.911926e+01,1.008905e+01,9.030795e-01,1.292728e+00,1.130932e-02,1.576967e+00
1.072078e+01,2.221350e+01,1.145320e+01,5.268747e-02,1.310003e+00,-3.980556e-01,1.370158e+00
1.595532e+01,1.896762e+01,1.321459e+01,2.764081e-01,5.292747e-01,-3.897425e-01,7.130444e-01
1.389077e+01,2.016949e+01,1.437768e+01,7.346011e-02,-9.818333e-01,-4.373786e-01,1.077355e+00
1.504163e+01,2.086934e+01,1.249174e+01,2.341420e-01,-6.543893e-01,-9.642474e-02,7.016734e-01
1.600525e+01,1.804342e+01,1.117733e+01,-1.746885e+00,3.128550e-01,6.380221e-01,1.885884e+00
1.598672e+01,2.216075e+01,1.186249e+01,-6.073530e-02,1.380331e-01,-2.031997e-01,2.530455e-01
1.898130e+01,2.175285e+01,1.295209e+01,-7.404769e-01,-6.579542e-01,-1.658256e+00,1.931585e+00
1.582656e+01,1.788285e+01,1.250820e+01,1.013219e+00,-2.062453e-01,2.889979e-01,1.073624e+00
1.579898e+01,1.996093e+01,1.363857e+01,8.024116e-01,8.565520e-01,-6.366547e-01,1.335243e+00
2.103137e+01,1.939215e+01,1.096549e+01,-4.104004e-01,-1.887936e+00,-1.576697e+00,2.493733e+00
1.952950e+01,2.247321e+01,1.240303e+01,-2.468321e-01,-3.741960e-01,-1.429300e+00,1.497948e+00
1.976341e+01,2.231116e+01,1.389112e+01,-2.120911e+00,7.798910e-02,-7.754666e-01,2.259578e+00
2.048472e+01,1.762393e+00,1.337661e+01,-5.798656e-01,7.017016e-02,-1.516793e+00,1.625370e+00
2.094815e+01,1.951462e+01,1.427693e+01,-9.701728e-02,-2.331346e+00,-2.014931e+00,3.082942e+00
2.154922e+01,2.082252e+01,1.117033e+01,-1.014418e+00,-1.410454e+00,-1.645743e+00,2.393093e+00
2.268402e+01,1.867685e+01,1.093740e+01,-4.694209e-01,-2.240238e-01,-1.247616e+00,1.351699e+00
2.138365e+01,1.975429e+01,1.292175e+01,-1.048873e+00,-9.567988e-02,1.300459e+00,1.673464e+00
1.908686e+01,1.900422e+01,1.106791e+01,-1.387376e+00,2.239381e-01,-9.023152e-01,1.670070e+00
2.029772e+01,2.181670e+01,1.263545e+01,-5.680530e-01,-5.644132e-01,1.549396e+00,1.744097e+00
2.177000e+01,2.128736e+01,1.587656e+01,-6.423482e-01,-5.083581e-01,1.657879e-01,8.357780e-01
2.088890e+01,2.088144e+01,1.294994e+01,-3.781988e-01,5.085981e-01,9.354997e-01,1.129985e+00
1.921825e+00,2.174469e+01,1.084798e+01,-1.613474e+00,-1.456912e-01,-2.094963e-02,1.620174e+00
4.080841e-01,1.987383e+01,1.109533e+01,7.082141e-01,9.358781e-01,7.697542e-01,1.403551e+00
2.177267e+01,1.914208e-01,1.060271e+01,1.259796e-01,2.334859e-01,-3.540639e-01,4.424339e-01
2.183435e+01,2.216068e+01,1.517170e+01,9.401722e-02,-3.359508e-01,6.478264e-01,7.357861e-01
2.100640e+01,2.073908e-01,1.264231e+01,-5.364070e-02,-1.225166e+00,1.186164e+00,1.706135e+00
4.028666e+00,1.929098e+01,1.266346e+01,-1.499560e+00,-6.761509e-01,-1.071449e+00,1.963126e+00
2.350888e+01,1.916970e+01,1.164375e+01,-2.820649e-01,7.416492e-01,-8.317711e-02,7.978237e-01
1.736525e+00,2.210214e+01,1.489777e+01,5.439451e-01,-5.748788e-01,-8.591464e-01,1.168116e+00
3.120723e+00,5.451891e-01,1.302792e+01,1.576526e+00,1.233788e+00,3.975168e-01,2.041002e+00
5.870458e+00,4.946793e-01,1.161846e+01,-1.001694e+00,1.070236e+00,1.729470e-01,1.476045e+00
2.954221e+00,2.074516e+01,1.700083e+01,-1.520218e-01,1.065705e+00,2.237454e-01,1.099499e+00
5.260818e-01,2.075245e+01,1.155346e+01,-3.149655e-01,-2.679637e-01,-1.432657e+00,1.491145e+00
5.986001e+00,2.375930e+01,1.000200e+01,-6.693831e-01,-5.700071e-01,-7.873233e-02,8.827120e-01
7.490535e+00,6.178892e-02,9.137279e+00,-1.162997e+00,4.413444e-02,-1.289727e-01,1.170958e+00
5.016840e+00,2.238198e+01,1.185101e+01,3.462816e-01,-8.186964e-01,-2.886764e-02,8.893863e-01
7.068448e+00,2.318874e+01,1.202632e+01,-1.034715e+00,9.688759e-01,-3.985281e-01,1.472474e+00
8.296705e+00,5.722833e-01,8.941266e+00,4.487392e-01,-6.894414e-01,1.974604e-01,8.459828e-01
6.789486e+00,2.168759e+01,1.178376e+01,1.440081e-01,-2.071254e-02,3.123517e-01,3.445735e-01
9.335752e+00,2.108563e+01,1.275672e+01,5.275048e-01,4.334375e-03,1.260815e+00,1.366724e+00
3.849985e+00,1.722095e+00,1.468220e+01,5.275841e-01,4.497925e-01,1.398533e+00,1.560946e+00
9.176699e+00,2.360622e+01,1.012527e+01,-1.376241e-01,4.455718e-01,3.129930e+00,3.164480e+00
9.149550e+00,4.775538e-02,1.104248e+01,1.393836e+00,-2.804406e-01,1.478606e+00,2.051268e+00
7.640999e+00,2.236402e+01,1.362382e+01,-1.109104e+00,-6.795423e-01,-1.295314e+00,1.835682e+00
1.020009e+01,2.187941e+01,1.236955e+01,-1.372325e+00,1.512603e+00,6.154561e-01,2.133080e+00
7.744965e+00,2.156516e+01,1.118446e+01,3.601262e-01,4.528010e-01,-4.715317e-01,7.463657e-01
1.155509e+01,2.272073e+01,1.177649e+01,7.583052e-01,2.470305e-01,1.404622e+00,1.615244e+00
9.173647e+00,2.102172e+01,1.024085e+01,-1.124444e+00,-7.835230e-02,9.868984e-01,1.498160e+00
1.168566e+01,2.000750e+01,1.166619e+01,-1.310596e+00,-9.025998e-01,7.011988e-01,1.738973e+00
1.301470e+01,2.178815e+01,1.221813e+01,1.060875e-03,-2.225057e-01,-6.520753e-01,6.889936e-01
1.206189e+01,2.848312e-03,1.168991e+01,8.936601e-01,9.930485e-01,-5.785805e-01,1.455860e+00
1.514011e+01,2.208477e+01,1.402981e+01,5.316484e-01,-1.520694e-01,7.952880e-02,5.586590e-01
1.430879e+01,2.473062e+00,1.244415e+01,4.849542e-01,-1.721152e+00,5.916342e-01,1.883501e+00
1.318115e+01,2.048871e+01,1.364198e+01,-1.347906e-01,2.382465e-01,-2.122175e-01,3.463613e-01
1.323740e+01,2.111713e+01,1.104555e+01,-1.619380e+00,1.524965e+00,2.784554e-01,2.241751e+00
1.521821e+01,9.789268e-01,1.356018e+01,-1.436235e+00,9.482178e-01,-3.767914e-01,1.761777e+00
1.279696e+01,2.651809e-01,1.234834e+01,-2.239551e-01,3.597831e-01,1.277271e+00,1.345742e+00
1.386895e+01,2.296137e+01,1.085555e+01,-5.536923e-01,6.707408e-01,-8.147029e-01,1.191725e+00
1.755065e+01,1.962286e+01,1.038825e+01,-5.729689e-03,-8.850681e-01,-2.149883e+00,2.324946e+00
1.409396e+01,2.251806e+01,1.206424e+01,5.843104e-01,-5.112438e-01,-6.051076e-01,9.843496e-01
1.623896e+01,2.228922e+01,1.534671e+01,-5.073438e-01,5.124202e-01,5.238334e-01,8.912764e-01
1.645226e+01,2.056651e+01,1.254491e+01,-8.526852e-01,8.320007e-01,3.063590e-01,1.230103e+00
1.863325e+01,2.045263e+01,1.299115e+01,-1.009343e-01,-5.259170e-02,-3.383330e-01,3.569634e-01
1.881452e+01,2.276724e+01,1.546550e+01,-1.697655e-01,-7.835333e-01,1.177528e+00,1.424541e+00
1.746541e+01,2.259150e+01,1.374861e+01,-1.405340e+00,5.242540e-01,-1.216793e-01,1.504868e+00
2.227028e+01,2.110411e+01,1.307260e+01,2.247803e+00,-2.057488e-01,1.530360e+00,2.727078e+00
2.048556e+01,2.015729e+01,1.357273e+01,-7.400514e-01,1.032326e+00,-5.830448e-01,1.397610e+00
2.138306e+01,2.180211e+01,1.292464e+01,-6.015014e-01,-8.133876e-01,-1.901666e-01,1.029353e+00
1.924385e+01,2.139104e+01,1.396817e+01,-6.078712e-01,-8.482472e-01,-1.149986e+00,1.552900e+00
2.162107e+01,1.864509e+01,1.414451e+01,-7.637755e-01,-7.901655e-01,-5.992197e-01,1.251710e+00
1.879172e+01,2.307518e+01,8.762872e+00,-6.839807e-02,8.956936e-02,-1.419309e-01,1.812328e-01
2.095502e+01,2.242229e+01,1.377214e+01,1.135570e+00,4.662095e-01,8.344845e-01,1.484330e+00
1.864600e+01,2.214919e+01,1.182845e+01,-6.536341e-01,-1.285058e+00,-1.885963e-01,1.454022e+00
2.215496e+01,2.205188e+01,9.313675e+00,-8.647572e-01,-4.163447e-03,-5.149974e-01,1.006501e+00
2.191736e+01,1.919821e+01,1.034765e+01,-7.765430e-01,-1.037370e+00,-1.503368e-01,1.304514e+00
2.111161e+01,2.141062e+01,1.188776e+01,-1.541855e+00,-1.302106e+00,-1.239656e+00,2.368448e+00
2.009669e+01,2.413259e+00,1.065026e+01,1.568597e+00,-1.402589e+00,4.315469e-01,2.148019e+00
2.370507e+01,2.256530e+01,1.454360e+01,7.452525e-01,9.422356e-01,4.612514e-01,1.286842e+00
2.230792e+01,2.261895e+00,1.568469e+01,6.863165e-01,8.220897e-01,-4.348180e-01,1.155824e+00
2.356907e+01,2.077939e+01,1.705773e+01,-2.029279e-01,-1.116089e+00,-1.499478e+00,1.880231e+00
2.255613e+01,2.300789e+01,1.561874e+01,-9.989493e-01,-1.793533e+00,3.183036e-01,2.077493e+00
1.124522e+00,2.237499e+01,1.414424e+01,-1.213228e+00,6.325827e-01,-7.996823e-01,1.584795e+00
2.637807e+00,2.238078e+01,1.238788e+01,-1.818272e+00,-4.139206e-01,-1.488047e+00,2.385734e+00
1.944695e+00,2.308044e+01,1.494904e+01,2.157410e-01,5.196493e-01,1.683107e+00,1.774663e+00
2.127511e+00,9.140217e-01,1.345014e+01,-8.784548e-01,1.829810e-02,4.557281e-01,9.898008e-01
4.555903e+00,2.098342e+01,1.470724e+01,-1.615175e+00,-9.862214e-01,1.542372e-01,1.898739e+00
4.993864e+00,2.280250e+01,1.286029e+01,-9.446368e-01,3.433585e-01,1.598132e+00,1.887924e+00
3.176971e+00,9.982966e-01,1.513437e+01,-9.692499e-01,8.136767e-03,-1.815407e+00,2.057964e+00
2.475071e+00,1.501884e+00,1.106444e+01,7.517779e-01,-1.266771e+00,-2.017650e+00,2.498158e+00
4.584878e+00,3.419982e-01,1.453116e+01,-1.169868e+00,5.517749e-02,2.252570e+00,2.538839e+00
7.406395e+00,1.022243e+00,1.279691e+01,-1.388387e+00,-2.366472e-01,-8.292068e-02,1.410849e+00
4.575224e+00,1.722005e+00,1.260214e+01,-1.449849e+00,-2.702279e-01,3.462079e-01,1.514907e+00
3.230396e+00,2.310544e+01,1.414658e+01,-1.944350e+00,-4.153123e-01,9.273263e-01,2.193836e+00
1.109493e+01,2.083576e-01,1.343171e+01,-1.555247e+00,1.278087e+00,2.472295e-01,2.028158e+00
1.194510e+01,8.322312e-01,1.392489e+01,1.263157e-01,-1.603264e-01,-1.876699e+00,1.887766e+00
8.848077e+00,2.204582e+01,1.606049e+01,-1.187255e-01,-1.379693e+00,-4.415584e-01,1.453486e+00
7.374482e+00,4.817398e-01,1.366621e+01,6.551194e-01,1.539140e-01,-8.584226e-01,1.090761e+00
8.770862e+00,2.248355e+01,1.358835e+01,-3.180889e-01,-5.863372e-01,-1.593374e+00,1.727371e+00
1.214109e+01,2.291092e+01,1.258308e+01,7.471157e-01,2.156006e+00,-1.698654e-01,2.288099e+00
1.396478e+01,2.247927e+01,1.310754e+01,-5.290898e-01,8.767784e-01,-1.388004e+00,1.724886e+00
1.192634e+01,1.581487e+00,1.234679e+01,-1.697639e-02,-1.340584e+00,-1.360319e+00,1.909953e+00
1.173442e+01,2.392354e+01,1.553472e+01,-1.921967e+00,-3.142915e-01,-3.682105e-01,1.981998e+00
1.018453e+01,7.318897e-01,1.847744e+01,-7.741781e-01,-8.231752e-01,2.180248e-01,1.150871e+00
9.694781e+00,2.121096e+01,1.585435e+01,-7.748069e-02,-3.210455e-01,-1.015616e+00,1.067965e+00
1.001468e+01,2.591344e-01,1.429622e+01,6.303442e-01,3.568573e-01,-9.283079e-01,1.177470e+00
1.532532e+01,2.305509e+01,1.608599e+01,7.026065e-01,-7.342059e-01,1.397646e-01,1.025792e+00
1.329110e+01,2.216996e+00,1.398497e+01,1.055066e+00,8.491015e-01,9.823299e-01,1.673054e+00
1.193021e+01,2.212278e+01,1.356480e+01,-1.047364e+00,-1.197274e-01,8.017106e-01,1.324404e+00
1.176631e+01,2.423772e+00,1.303903e+01,-7.765388e-01,-1.061377e+00,-1.421920e+00,1.936850e+00
1.259858e+01,3.995932e-01,1.443941e+01,-2.650322e-01,-1.482758e+00,-1.605685e+00,2.201599e+00
1.429356e+01,1.903748e+00,1.473042e+01,1.563517e+00,1.662677e+00,2.334103e-02,2.282460e+00
1.748875e+01,2.030929e+01,1.484503e+01,-3.589346e-01,-7.355780e-01,-1.801421e-01,8.380694e-01
1.506632e+01,1.504976e+00,1.549896e+01,1.017428e+00,5.267134e-01,4.124317e-01,1.217656e+00
1.802305e+01,7.160836e-01,1.463842e+01,1.370313e-01,2.063606e+00,-1.383038e+00,2.487980e+00
1.877762e+01,3.881221e+00,1.364609e+01,1.717170e-01,-8.250014e-01,7.185740e-02,8.457408e-01
1.621165e+01,2.223623e+01,1.407160e+01,-3.370962e-01,-7.995323e-01,1.755013e-01,8.852607e-01
1.567922e+01,1.179830e+00,1.447937e+01,-2.407198e+00,5.405601e-01,8.226758e-01,2.600693e+00
1.737938e+01,2.371201e+01,1.421543e+01,2.882499e-01,1.360633e+00,1.325847e+00,1.921531e+00
1.612579e+01,2.371411e+00,1.273769e+01,-3.101482e-01,-9.000109e-01,-9.971817e-02,9.571600e-01
2.129024e+01,2.265258e+01,1.187271e+01,-5.207131e-01,2.488401e-01,-1.133654e-01,5.881456e-01
1.914925e+01,1.465351e+00,1.314112e+01,-1.936045e-01,-3.204560e-01,2.456561e-01,4.477965e-01
1.825308e+01,2.156529e+00,1.290817e+01,-1.853292e+00,4.872791e-01,-5.887188e-01,2.004675e+00
1.830883e+01,2.373529e+01,1.376197e+01,-6.722800e-02,-5.113499e-01,1.264606e-01,5.310279e-01
2.044528e+01,2.314632e+01,1.328315e+01,-1.268616e+00,1.692288e+00,-9.587062e-01,2.322142e+00
2.024981e+01,2.367083e+01,1.413492e+01,-1.283926e-01,6.764110e-01,1.346723e+00,1.512507e+00
1.989266e+01,1.340731e+00,1.128781e+01,-1.648686e-01,3.981612e-01,-1.522393e+00,1.582212e+00
1.939709e+01,2.039749e+01,1.409438e+01,-4.873880e-01,-6.421103e-01,5.278963e-01,9.636011e-01
2.039287e+01,2.209047e+01,1.156083e+01,3.912820e-01,8.746198e-01,4.200225e-01,1.046174e+00
2.017429e+01,3.219217e+00,1.877657e+01,-7.235191e-02,3.801220e-01,4.424814e-01,5.878072e-01
2.009513e+01,2.350445e+01,1.232530e+01,-1.223435e+00,1.910172e-03,-1.490567e-01,1.232483e+00
2.234716e+01,1.464112e+00,1.493475e+01,1.795766e+00,3.006300e-01,1.295506e+00,2.234612e+00
2.021804e+01,8.783701e-01,1.433465e+01,6.775223e-01,-4.545261e-01,-1.133204e+00,1.396346e+00
2.143141e+01,1.707965e+00,1.543609e+01,3.515671e-01,-4.986248e-01,1.704226e+00,1.810141e+00
2.257188e+01,2.014287e+00,1.369592e+01,-5.755258e-01,-9.728516e-01,1.438346e+00,1.829347e+00
2.347550e+01,7.814862e-01,1.336322e+01,-6.247117e-01,-5.689201e-01,1.507515e-01,8.582895e-01
2.357625e+01,2.343241e+01,1.288128e+01,-5.403129e-01,-9.027957e-01,1.295524e+00,1.668940e+00
2.272652e+01,2.387749e+01,1.325543e+01,-2.078826e+00,1.430426e+00,2.548589e-01,2.536255e+00
2.291704e+01,1.380134e+00,1.179465e+01,3.887937e-01,1.718180e-01,-2.088025e-01,4.735826e-01
2.367140e+01,1.806480e+00,1.692702e+01,1.947333e-01,1.183402e+00,4.553279e-03,1.199326e+00
2.163303e+00,1.305511e+00,1.455216e+01,1.368763e+00,-2.020643e+00,4.511023e-01,2.481935e+00
1.410724e+00,4.400948e-02,1.290548e+01,5.703312e-01,-5.385963e-01,-1.218640e+00,1.449292e+00
2.010807e+00,4.408393e-01,1.216862e+01,-1.792856e-01,-1.690609e+00,-1.424973e+00,2.218300e+00
4.413228e+00,2.335216e+00,1.152954e+01,-5.371159e-01,-2.359157e+00,5.770945e-02,2.420216e+00
3.566364e+00,8.405712e-02,1.502000e+01,6.263001e-01,-7.470798e-01,1.318373e+00,1.639661e+00
4.439429e+00,2.368665e+01,1.283960e+01,-3.406203e-01,9.913246e-01,-7.371750e-01,1.281473e+00
6.099022e+00,2.344671e+01,1.205825e+01,7.140874e-01,-5.556690e-01,1.098800e+00,1.423394e+00
3.022869e+00,2.389102e+00,1.111854e+01,-2.287617e-01,3.683022e-01,-9.449246e-01,1.039645e+00
5.185907e+00,1.049495e+00,1.643396e+01,-9.616172e-01,-1.038775e+00,-4.858575e-01,1.496602e+00
5.826484e+00,2.846821e+00,1.482341e+01,6.513084e-01,-1.894296e+00,1.982472e-02,2.003235e+00
7.688956e+00,2.308438e+00,1.513203e+01,1.377603e-01,1.676282e+00,1.003442e+00,1.958518e+00
6.680941e+00,1.530697e+00,1.198915e+01,1.787861e+00,2.344047e+00,-1.231539e+00,3.194947e+00
6.937710e+00,4.430637e+00,1.515200e+01,-1.855897e+00,-2.689640e-01,-1.476488e-01,1.881089e+00
2.454681e+00,1.927511e+00,1.347178e+01,-3.768513e-02,7.647053e-01,1.362173e+00,1.562597e+00
6.928007e+00,1.990016e+00,1.098321e+01,-6.721724e-01,2.152403e-01,8.868585e-01,1.133429e+00
9.561679e+00,2.376235e+00,1.299120e+01,-7.228632e-01,-5.342299e-01,-5.824682e-01,1.071075e+00
1.189080e+01,2.290530e+01,1.541324e+01,-9.419993e-01,-9.167814e-01,-4.155335e-01,1.378593e+00
1.050608e+01,1.457299e+00,1.175375e+01,-5.845746e-01,-4.026928e-01,-1.895318e+00,2.023887e+00
1.135186e+01,2.836622e+00,1.508528e+01,-8.070829e-01,2.769009e-01,-1.396037e+00,1.636147e+00
1.160550e+01,8.716620e+00,1.417388e+01,-1.877613e+00,2.782540e+00,-2.148322e-01,3.363646e+00
9.156831e+00,3.020053e+00,1.657396e+01,1.795060e+00,1.553562e-01,1.216669e+00,2.174088e+00
9.573884e+00,2.696973e-01,1.693888e+01,1.180745e+00,1.395586e+00,-2.149403e-01,1.840658e+00
1.286903e+01,3.025060e+00,1.439734e+01,-1.466119e+00,-1.991212e+00,-5.088611e-01,2.524553e+00
1.249414e+01,2.348442e+00,1.868333e+01,6.090283e-02,-1.029820e+00,1.666387e+00,1.959869e+00
1.386208e+01,1.338430e+00,1.573963e+01,-8.183168e-01,-6.486279e-01,1.237746e+00,1.619375e+00
1.427755e+01,1.793473e+00,1.369807e+01,1.232872e+00,-8.217860e-01,-5.636081e-01,1.585232e+00
1.378902e+01,2.349073e+01,1.317606e+01,5.655244e-02,6.803005e-01,-6.573942e-01,9.477205e-01
1.515120e+01,2.056798e+00,1.296735e+01,-4.669743e-01,4.454723e-01,-4.117524e-02,6.466885e-01
1.685607e+01,9.756773e-01,1.384877e+01,1.059686e+00,-5.191943e-01,1.283802e-01,1.187004e+00
1.438669e+01,5.822566e+00,1.302044e+01,9.134964e-01,-2.115990e-01,1.033692e+00,1.395625e+00
1.772832e+01,3.177043e+00,1.511222e+01,1.741880e+00,7.358851e-01,-8.268701e-01,2.063828e+00
1.646534e+01,1.872157e+00,1.482460e+01,-1.134999e+00,-2.521899e-01,1.288428e-01,1.169796e+00
1.892060e+01,2.831679e+00,1.345989e+01,-1.295650e-01,1.217644e-01,4.506140e-01,4.844241e-01
1.734390e+01,1.739589e+00,1.237313e+01,-1.009391e+00,3.364683e-01,2.113422e-01,1.084780e+00
1.816906e+01,2.396673e+00,1.154197e+01,3.827615e-01,1.018077e+00,-3.477417e-01,1.141889e+00
1.943182e+01,2.392464e+01,1.497095e+01,5.028910e-01,6.775550e-01,3.922938e-01,9.305238e-01
1.805111e+01,2.295433e+01,1.462086e+01,-6.282203e-01,3.879221e-01,4.537854e-02,7.397321e-01
1.751513e+01,3.250400e+00,1.368867e+01,7.588789e-02,-2.709869e-01,-2.440134e-01,3.724720e-01
1.943616e+01,2.251867e+00,1.502888e+01,1.179679e+00,5.607144e-01,-1.537868e-01,1.315178e+00
1.983961e+01,2.873569e+00,1.677899e+01,-4.415028e-01,1.619859e+00,-1.684464e-01,1.687377e+00
2.094946e+01,1.630397e+00,1.695445e+01,7.826771e-02,8.921627e-01,6.602533e-01,1.112661e+00
1.933239e+01,1.110609e+00,1.648395e+01,-9.892521e-02,-1.980787e-05,7.492395e-01,7.557421e-01
1.908180e+01,5.193528e-01,1.412540e+01,-6.917512e-01,-2.234918e-01,3.626851e-02,7.278625e-01
1.996201e+01,2.670733e+00,1.159490e+01,-2.088342e-01,-3.848471e-01,7.127665e-01,8.365136e-01
1.985230e+01,2.332326e+00,1.277221e+01,-1.021045e+00,-3.293801e-01,1.287270e+00,1.675735e+00
2.120242e+01,3.309905e+00,1.833887e+01,-2.691520e-01,-1.589683e+00,7.725843e-01,1.787854e+00
2.200262e+01,2.319462e+00,1.454377e+01,1.655627e+00,-1.376014e+00,6.557713e-02,2.153791e+00
2.194685e+01,2.308585e+01,1.423979e+01,5.677398e-01,-2.338522e-01,1.767232e+00,1.870862e+00
2.167115e+01,3.271977e+00,1.538431e+01,2.886932e-01,-1.303026e+00,3.533290e-01,1.380602e+00
2.084940e+01,8.669267e-01,1.514351e+01,-1.108623e+00,3.664779e-02,3.271907e-01,1.156478e+00
1.198179e+00,3.635442e+00,1.651123e+01,2.192895e-01,8.033344e-01,3.847580e-01,9.173182e-01
1.228557e+00,2.693726e+00,1.580714e+01,-7.507274e-03,-1.188918e+00,-1.488115e+00,1.904749e+00
4.781549e-01,3.473678e+00,1.769659e+01,6.894299e-01,7.256227e-01,1.626454e+00,1.909763e+00
3.742371e+00,4.112326e+00,1.502059e+01,-2.135208e+00,3.887052e-01,3.625360e-01,2.200372e+00
5.148426e-01,2.034992e+00,1.627817e+01,1.644974e-01,-8.762653e-01,-4.789415e-01,1.012070e+00
2.356365e+01,3.791783e+00,1.304977e+01,-1.646565e+00,1.313327e+00,2.453158e+00,3.233263e+00
2.065808e+00,2.742834e+00,1.395405e+01,-4.256539e-01,6.944739e-01,1.911878e+00,2.078161e+00
2.328738e+01,4.179576e+00,1.551869e+01,9.804362e-02,-5.537624e-01,-3.814286e-01,6.795241e-01
1.583151e+00,1.683055e+00,1.190712e+01,2.844438e-01,-3.634119e-01,7.018123e-01,8.399506e-01
2.391566e+00,3.993951e+00,1.237001e+01,1.441691e-01,9.699451e-01,7.886238e-01,1.258374e+00
3.189012e+00,1.300641e+00,1.711765e+01,-9.290148e-02,-2.381297e+00,1.893175e+00,3.043570e+00
5.186640e+00,6.653321e+00,1.356888e+01,4.221825e-01,-3.821828e-01,-1.977155e-01,6.028210e-01
3.951297e+00,1.604735e+00,1.354692e+01,5.273462e-01,-1.110600e+00,-1.439394e-01,1.237839e+00
7.951644e+00,1.890287e-02,1.124784e+01,2.058748e-01,4.522885e-01,7.797876e-01,9.246719e-01
6.144451e+00,3.754837e+00,1.531545e+01,2.050929e-01,8.344698e-02,3.810375e-01,4.406996e-01
4.117781e+00,2.048563e+00,1.682627e+01,1.543470e+00,6.629087e-02,3.255457e-01,1.578821e+00
6.310156e+00,1.287127e+00,1.299276e+01,-1.238183e-01,5.181232e-01,-1.348343e+00,1.449762e+00
7.621950e+00,4.999390e+00,1.308724e+01,-9.460049e-01,5.440132e-02,5.627345e-01,1.102068e+00
9.408637e+00,1.200944e+00,1.283277e+01,2.009355e+00,2.875021e-01,9.143649e-01,2.226258e+00
6.270049e+00,2.257944e+01,1.150080e+01,-7.897348e-02,2.922341e-01,-1.385126e-01,3.329013e-01
7.766019e+00,1.064832e+00,9.665593e+00,-1.348853e+00,-3.318854e-01,1.546814e+00,2.078987e+00
8.976837e+00,2.614055e+00,1.420266e+01,1.104279e+00,-1.305433e+00,-4.459426e-01,1.767046e+00
9.979223e+00,4.124768e+00,1.488286e+01,1.365510e+00,5.026594e-01,-1.191494e+00,1.880676e+00
5.022698e+00,5.453444e+00,1.532968e+01,8.471190e-01,-1.956249e+00,3.607529e-02,2.132093e+00
8.477175e+00,5.989695e+00,1.139541e+01,6.936311e-02,-7.859392e-01,1.236162e+00,1.466496e+00
1.003131e+01,6.296655e+00,1.328405e+01,-1.877174e-01,3.155968e-01,-2.337150e-01,4.352722e-01
7.978989e+00,3.702603e+00,1.380693e+01,-9.317433e-01,-1.141535e+00,-1.141647e+00,1.864029e+00
9.243048e+00,9.967461e-01,1.570444e+01,5.592160e-01,-1.564289e-01,1.960035e+00,2.044243e+00
1.280575e+01,3.572170e+00,1.635213e+01,-2.096904e+00,-2.091061e-01,1.610277e+00,2.652117e+00
1.088746e+01,5.462877e+00,1.337110e+01,4.859197e-01,5.070445e-01,-3.853249e-01,8.010539e-01
1.161824e+01,4.680522e+00,1.385912e+01,8.571357e-01,-9.049984e-02,5.173236e-01,1.005234e+00
1.548496e+01,2.254139e+00,1.426920e+01,-7.740439e-01,-2.535502e-01,4.391855e-01,9.253732e-01
1.340930e+01,8.468601e-01,1.376525e+01,1.450045e-01,1.241049e+00,-2.306524e-01,1.270602e+00
1.397783e+01,4.699942e+00,1.448043e+01,-7.585809e-01,1.023943e+00,-1.384138e+00,1.881420e+00
1.656521e+01,3.556345e+00,1.542701e+01,-1.888071e-01,2.733070e-01,9.807460e-01,1.035475e+00
1.377665e+01,1.953376e+00,1.779902e+01,9.299326e-01,2.765692e-01,3.444012e-01,1.029504e+00
1.853056e+01,4.576814e+00,1.262961e+01,1.267339e+00,-8.127249e-01,-8.525497e-01,1.730176e+00
1.565441e+01,4.592096e+00,1.200277e+01,2.159129e-01,-5.591953e-01,6.764602e-01,9.038341e-01
1.723676e+01,4.252992e+00,1.374414e+01,6.927455e-02,-3.743396e-01,3.326334e-01,5.055434e-01
1.136225e+01,4.886922e+00,1.240937e+01,3.332781e-01,-8.705754e-02,1.042687e+00,1.098112e+00
1.884919e+01,4.759995e+00,1.633273e+01,1.495386e-01,1.156293e+00,-1.887931e+00,2.218932e+00
1.936729e+01,3.964139e+00,1.174416e+01,3.149901e-01,4.249836e-01,-1.731551e-01,5.566080e-01
1.760246e+01,4.192341e+00,1.583481e+01,4.346295e-01,7.309540e-01,-7.396532e-01,1.127069e+00
1.311700e+01,4.647911e+00,1.619359e+01,1.373964e+00,-5.262941e-01,3.588436e-01,1.514441e+00
1.945350e+01,2.276334e+00,9.916740e+00,2.089789e-01,1.298012e+00,2.745128e-01,1.343080e+00
2.190214e+01,4.147916e+00,1.264529e+01,-1.220158e+00,-2.044045e+00,-1.095093e+00,2.620331e+00
1.950276e+01,4.367344e+00,1.570509e+01,9.982615e-01,-9.067805e-01,1.067939e+00,1.720253e+00
1.816380e+01,5.582680e+00,1.321974e+01,-7.751845e-01,-5.379550e-01,8.779222e-01,1.288819e+00
2.272702e+01,3.075205e+00,1.482436e+01,1.230727e+00,-1.862521e+00,-4.257745e-01,2.272655e+00
2.323329e+01,1.954936e+00,1.514675e+01,3.371860e-01,1.602346e-01,3.414656e-01,5.059331e-01
2.294028e+01,6.048477e+00,2.081677e+01,1.666674e+00,-8.593572e-01,1.331816e+00,2.300007e+00
2.279254e+01,3.022198e+00,1.912015e+01,-4.583941e-01,1.450733e+00,-1.962715e-01,1.534038e+00
2.383661e+01,4.424914e+00,1.666145e+01,1.199104e+00,-7.968652e-01,-3.086588e-01,1.472452e+00
2.232714e+01,2.981969e+00,1.306426e+01,1.272824e-01,2.018439e+00,-1.350650e-01,2.026953e+00
2.141850e+01,3.124119e+00,1.435713e+01,2.704971e+00,1.230328e-01,2.049343e-01,2.715511e+00
2.226237e+01,5.137636e+00,1.445316e+01,3.196885e-02,3.463045e-02,-2.984218e-01,3.021205e-01
1.003752e+00,5.188887e+00,1.308419e+01,-4.574660e-01,5.235949e-01,-5.201406e-02,6.972318e-01
2.336813e+01,5.152955e+00,1.466903e+01,7.727970e-01,5.683815e-01,5.272436e-02,9.607563e-01
6.727483e-01,6.838340e+00,1.579067e+01,-1.517233e+00,2.162200e+00,1.022177e+00,2.832305e+00
2.307672e+01,7.731443e+00,1.454204e+01,1.136388e+00,7.651172e-01,-6.346559e-01,1.509825e+00
2.383124e+01,6.529788e+00,1.286390e+01,-4.909294e-01,1.077757e+00,1.690744e+00,2.064265e+00
7.004341e-01,2.287366e+00,1.253719e+01,7.842210e-01,-8.362123e-01,-1.198907e+00,1.658805e+00
2.986530e+00,7.499372e+00,1.122813e+01,1.921239e-01,7.736119e-01,1.482812e+00,1.683484e+00
6.184562e-01,4.575444e+00,1.587609e+01,1.349326e+00,5.553524e-01,-8.312680e-01,1.679317e+00
9.506876e-01,3.515030e+00,1.514406e+01,1.996792e+00,2.030399e+00,-5.607794e-02,2.848306e+00
2.896655e+00,4.933294e+00,1.281533e+01,-1.976051e+00,1.243787e+00,-2.085025e+00,3.130353e+00
5.004478e+00,2.326266e+00,1.433871e+01,9.451984e-01,-1.362510e+00,7.045613e-01,1.801733e+00
7.919780e-01,2.322692e+00,1.046252e+01,-7.978263e-01,8.971481e-01,1.077045e+00,1.612894e+00
7.342192e+00,4.556969e+00,1.397068e+01,-1.120418e+00,-1.802027e+00,-5.617387e-01,2.195037e+00
1.414217e+00,3.082302e+00,1.222062e+01,-5.578252e-02,5.475743e-03,7.166329e-01,7.188215e-01
3.563538e+00,1.314679e+00,1.095805e+01,1.789022e+00,4.487905e-01,-1.251190e+00,2.228786e+00
2.892106e+00,4.711617e-01,1.162098e+01,4.594753e-01,-1.277052e-01,-4.225370e-01,6.371528e-01
7.432741e+00,6.337891e+00,1.231913e+01,1.396284e+00,-6.690256e-01,-7.020094e-01,1.700006e+00
8.511298e+00,6.671182e+00,9.649651e+00,-1.289190e-01,5.376521e-01,1.563714e-01,5.745797e-01
4.051979e+00,5.648816e+00,1.478503e+01,2.541568e+00,-5.106545e-01,2.257260e-01,2.602170e+00
4.898712e+00,3.765504e+00,1.308648e+01,-8.530171e-01,-6.593673e-01,1.048931e+00,1.504214e+00
1.069632e+01,6.589409e+00,1.407175e+01,2.100824e+00,-9.062310e-01,4.571886e-01,2.333182e+00
1.153294e+01,6.029284e+00,1.062024e+01,-1.336344e+00,-9.507863e-01,-2.234918e-01,1.655222e+00
1.062873e+01,1.080540e+01,1.607566e+01,-9.215661e-01,-1.844162e+00,3.953416e-01,2.099170e+00
1.140350e+01,9.530731e+00,1.629889e+01,-6.390454e-01,5.352350e-01,-3.456662e-01,9.024082e-01
7.769593e+00,5.533552e+00,1.462703e+01,8.857673e-01,2.600425e-01,4.774123e-01,1.039292e+00
9.672533e+00,8.162183e+00,1.193742e+01,-2.267835e-02,-1.062340e+00,5.244827e-01,1.184974e+00
9.772217e+00,7.290922e+00,1.370829e+01,-2.386247e+00,-1.906241e-01,-5.124609e-01,2.448087e+00
9.001202e+00,5.585777e+00,1.252569e+01,-5.627974e-01,-1.584936e+00,3.580667e-01,1.719585e+00
8.452030e+00,3.247684e+00,1.227639e+01,-4.721072e-01,-7.027740e-01,-9.013132e-01,1.236585e+00
1.050332e+01,5.218797e+00,1.451245e+01,3.443263e-01,-1.052638e+00,-3.332234e-01,1.156566e+00
1.315374e+01,1.586763e+00,1.858759e+01,3.448179e-01,-7.749716e-01,-1.543003e-02,8.483622e-01
1.276387e+01,6.670418e+00,1.350422e+01,-7.962767e-01,2.003524e+00,9.392492e-01,2.351671e+00
1.664277e+01,4.485893e+00,1.239826e+01,5.817704e-01,9.865645e-01,-1.270033e+00,1.710190e+00
1.345685e+01,6.344611e+00,1.484508e+01,1.386107e+00,-3.064984e-01,8.918114e-01,1.676473e+00
1.482594e+01,4.307046e+00,1.553546e+01,-8.590074e-01,5.507090e-01,7.150304e-01,1.245971e+00
1.269136e+01,1.054488e+01,1.432675e+01,-1.311932e-01,1.283568e+00,-3.772002e-01,1.344261e+00
1.544153e+01,6.986952e+00,1.799738e+01,3.215533e-01,1.271937e-01,1.154750e+00,1.205414e+00
1.406887e+01,5.590850e+00,1.509940e+01,1.192695e-01,3.750584e-01,-1.520955e-01,4.219325e-01
1.506719e+01,5.486699e+00,1.473747e+01,-9.532315e-01,-2.318959e+00,6.739262e-01,2.596228e+00
1.517771e+01,4.679003e+00,1.393086e+01,7.861304e-01,9.368728e-01,-1.281146e+00,1.771176e+00
1.757298e+01,6.114114e+00,1.400197e+01,-1.422778e-01,-3.966910e-01,2.050947e-01,4.686902e-01
1.681854e+01,5.689738e+00,1.621738e+01,-2.294423e+00,-3.924799e-01,8.352585e-01,2.473070e+00
2.057839e+01,3.590008e+00,1.407653e+01,-5.310280e-01,5.485622e-01,5.453960e-01,9.382793e-01
1.363845e+01,7.051331e+00,1.604334e+01,7.145608e-01,5.029726e-01,1.428317e+00,1.674416e+00
1.819104e+01,6.844733e+00,1.358414e+01,-3.857773e-01,2.033413e-01,-8.985090e-01,9.987443e-01
2.061573e+01,6.083344e+00,1.449117e+01,1.594508e-01,-1.825222e-01,-1.498387e-01,2.849395e-01
1.836608e+01,6.492517e+00,1.229636e+01,-1.032813e+00,-2.668461e-01,-4.885455e-01,1.173280e+00
1.983569e+01,5.114479e+00,1.455242e+01,1.179769e-01,-6.296237e-01,5.196341e-01,8.248419e-01
2.263241e+01,3.302757e+00,1.573146e+01,-5.236306e-02,-1.432295e+00,-1.268878e+00,1.914226e+00
1.903348e+01,8.488432e+00,1.576312e+01,4.319773e-01,1.386369e+00,1.437838e+00,2.043526e+00
2.299534e+01,5.605887e+00,1.762703e+01,-3.693752e-02,1.063225e+00,5.842214e-01,1.213724e+00
1.941001e+01,7.865385e+00,1.210400e+01,-2.518222e-01,1.819599e+00,-1.446605e-01,1.842629e+00
2.217112e+01,4.332155e+00,1.542451e+01,-7.068013e-01,1.523714e-01,-1.687297e+00,1.835690e+00
2.372339e+01,5.193941e+00,1.587873e+01,4.458165e-01,-7.645149e-01,5.351983e-02,8.866226e-01
2.547734e+00,4.677592e+00,1.394191e+01,-9.902144e-01,-7.691092e-01,3.323217e-01,1.297109e+00
2.201145e+01,6.543211e+00,1.434511e+01,-1.619898e+00,8.726796e-01,7.791471e-01,1.998177e+00
2.106608e+01,6.548337e+00,1.712844e+01,5.255337e-01,7.007320e-01,-1.067957e-03,8.759065e-01
2.205318e+01,6.410178e+00,1.304932e+01,8.213144e-01,-8.797900e-01,2.022736e-01,1.220452e+00
2.301651e+01,7.028730e+00,1.534387e+01,5.866872e-01,-2.647144e-01,1.405975e-01,6.588196e-01
4.500449e-01,1.036117e+01,1.744068e+01,1.069312e+00,1.564088e+00,-6.953337e-01,2.018239e+00
5.165201e-01,4.343203e+00,1.442900e+01,-8.572339e-01,3.190724e-01,1.454031e+00,1.717808e+00
2.444597e+00,3.359120e+00,1.063321e+01,1.220193e-01,-3.654986e-01,-1.016664e+00,1.087236e+00
2.375389e+01,5.255496e+00,1.177045e+01,-3.361154e-01,4.580974e-01,-2.815940e-01,6.341308e-01
5.173640e+00,7.973270e+00,1.392337e+01,-5.155907e-02,2.768973e-01,2.190374e+00,2.208409e+00
3.615595e+00,6.641905e+00,1.194506e+01,-3.490279e-01,-1.414501e+00,1.496279e+00,2.088417e+00
2.495588e+00,2.291617e+00,1.204517e+01,-6.038780e-01,2.589073e-02,-1.434085e+00,1.556258e+00
1.479507e+00,4.531279e+00,1.505348e+01,7.473152e-01,-7.047558e-01,1.396752e+00,1.733804e+00
4.977089e+00,4.722673e+00,1.432239e+01,-1.526051e+00,-4.014367e-01,2.340574e+00,2.822813e+00
6.183646e+00,2.842003e+00,1.038853e+01,5.500720e-02,1.285161e+00,4.229262e-01,1.354079e+00
4.543971e+00,5.898454e+00,1.302005e+01,1.154869e-01,1.177082e+00,1.195687e+00,1.681823e+00
5.368686e+00,7.348258e-01,1.252652e+01,5.013787e-01,1.343666e+00,1.466283e+00,2.051050e+00
2.667918e+00,3.005971e+00,1.552434e+01,9.333188e-01,-3.353329e-01,-1.039630e-01,9.971662e-01
8.993728e+00,9.418981e+00,1.521586e+01,1.152045e+00,8.055362e-01,4.162986e-01,1.466083e+00
8.628019e+00,9.529932e+00,1.629038e+01,-5.374240e-01,4.081691e-01,-9.518842e-01,1.166838e+00
5.843976e+00,7.558830e-01,1.392455e+01,-8.843776e-01,-1.147025e+00,-3.545797e-01,1.491146e+00
7.615086e+00,1.009383e+01,1.613787e+01,-4.397013e-02,1.736131e+00,3.964091e-01,1.781354e+00
7.803577e+00,1.134335e+01,1.229894e+01,1.379511e+00,-1.151239e+00,-1.268195e+00,2.199255e+00
7.652562e+00,7.516506e+00,1.454405e+01,-4.299226e-01,7.156527e-02,3.100134e-01,5.348489e-01
8.359448e+00,8.328329e+00,1.744789e+01,5.044803e-01,1.184219e+00,5.523491e-02,1.288381e+00
8.340359e+00,1.126467e+01,1.547305e+01,8.826339e-01,9.150825e-02,-7.072907e-01,1.134758e+00
1.204400e+01,8.078189e+00,1.528033e+01,3.725079e-01,-1.013422e-01,-2.220453e+00,2.253763e+00
1.437083e+01,8.460046e+00,1.466157e+01,-3.007091e-03,9.566193e-02,5.048394e-02,1.082076e-01
1.351376e+01,6.877595e+00,1.147640e+01,3.340631e-01,-1.380725e+00,-2.107747e-01,1.436115e+00
1.082565e+01,8.980538e+00,1.718830e+01,-3.657211e-01,-1.401978e+00,-6.244823e-01,1.577743e+00
1.272646e+01,4.906888e+00,1.364798e+01,3.541935e-01,-1.158973e+00,8.313383e-01,1.469624e+00
1.180004e+01,7.891245e+00,1.116936e+01,6.379228e-01,7.284674e-01,7.478289e-01,1.223462e+00
1.422827e+01,5.700085e+00,1.403517e+01,1.621347e-02,3.877126e-01,2.576516e-01,4.657986e-01
1.644224e+01,5.460523e+00,1.194572e+01,1.540128e+00,1.029567e+00,-1.149801e+00,2.180378e+00
1.244976e+01,7.620758e+00,1.306183e+01,3.826608e-01,1.412282e+00,-6.135343e-01,1.586630e+00
1.350956e+01,1.275319e+01,1.375744e+01,-1.344254e+00,-1.723650e-01,2.166805e-01,1.372472e+00
1.417700e+01,6.691004e+00,1.225816e+01,-1.171077e+00,1.527202e-01,1.096018e+00,1.611211e+00
1.572859e+01,1.306752e+01,1.689949e+01,3.955835e-01,-2.052596e+00,9.104297e-01,2.280026e+00
1.258901e+01,6.584396e+00,1.546934e+01,6.758935e-01,1.461290e+00,2.854205e-01,1.635135e+00
1.418721e+01,8.446690e+00,1.352817e+01,-2.026828e-01,-2.425151e-01,7.683801e-01,8.308441e-01
1.738314e+01,3.011182e+00,1.200223e+01,-8.489932e-01,-1.648587e-01,-6.050952e-01,1.055513e+00
1.377007e+01,8.190752e+00,1.731354e+01,8.294519e-02,-1.374201e+00,4.930043e-01,1.462314e+00
1.148766e+01,6.906796e+00,1.127373e+01,-2.279115e+00,-1.122500e+00,-4.528308e-01,2.580587e+00
1.582129e+01,9.421760e+00,1.797787e+01,-5.768365e-01,-4.342546e-02,-2.351206e-01,6.244259e-01
1.643899e+01,8.375901e+00,1.763377e+01,5.796106e-01,-7.025893e-02,6.026719e-02,5.869556e-01
1.460131e+01,6.007680e+00,1.635959e+01,1.037700e+00,2.085090e+00,4.495098e-01,2.372021e+00
1.561164e+01,8.923542e+00,1.705466e+01,5.057836e-01,5.478955e-01,-5.260380e-01,9.125363e-01
1.902056e+01,7.031619e+00,1.432693e+01,-2.315535e-01,-5.522707e-01,6.076198e-02,6.019236e-01
1.810406e+01,8.125724e+00,1.662691e+01,4.056114e-01,-4.504472e-01,-1.333987e+00,1.465246e+00
1.681682e+01,6.443047e+00,1.474237e+01,-1.375244e-01,-2.881327e-01,-7.008868e-02,3.268728e-01
2.069961e+01,7.374363e+00,1.516691e+01,-1.197319e-02,-2.219723e+00,-8.474491e-01,2.376022e+00
2.117297e+01,5.682960e+00,1.606095e+01,-2.036211e+00,6.944767e-01,1.376846e+00,2.554243e+00
2.072790e+01,4.156603e+00,1.906122e+01,3.729187e-01,1.081520e+00,-6.981180e-01,1.340195e+00
2.020067e+01,5.845077e+00,1.657875e+01,1.971682e+00,-2.518035e-01,-6.419567e-01,2.088790e+00
2.126668e+01,7.129918e+00,1.805193e+01,4.449892e-01,-9.639563e-01,3.169238e-01,1.108002e+00
2.098659e+01,4.945651e+00,1.445528e+01,5.071083e-02,1.004141e+00,1.698319e-01,1.019663e+00
2.154947e+01,5.572150e+00,1.502163e+01,6.480794e-01,-5.040644e-01,-2.695918e-01,8.641571e-01
1.829943e+01,7.908688e+00,1.521840e+01,-7.790582e-01,-2.326373e-01,-7.989505e-01,1.139901e+00
2.206954e-01,7.504891e+00,1.451720e+01,1.058556e+00,9.684529e-01,1.642248e+00,2.180692e+00
6.519632e+00,4.961709e+00,9.282315e+00,-5.538672e-01,-1.339856e+00,-1.262275e+00,1.922322e+00
2.069943e+01,9.023849e+00,1.931710e+01,8.635854e-01,-7.911307e-02,-8.018113e-01,1.181076e+00
1.911469e+00,5.117351e+00,1.216380e+01,5.548371e-03,-4.894089e-01,-3.582404e-01,6.065378e-01
4.637245e+00,6.445718e+00,1.531746e+01,-1.073166e+00,-2.543246e+00,4.732994e-01,2.800678e+00
5.310987e+00,5.575076e+00,1.168366e+01,1.474828e-01,-7.195913e-02,8.697346e-01,8.850806e-01
3.304981e+00,9.109142e+00,9.992264e+00,-1.396583e+00,1.584246e+00,8.385362e-01,2.272317e+00
1.256737e+00,6.370780e+00,1.389387e+01,-1.201447e+00,7.505147e-02,-1.174614e+00,1.681911e+00
3.900307e+00,8.445181e+00,1.269141e+01,-7.298233e-01,2.669455e-01,-2.405319e-01,8.134848e-01
7.348820e+00,1.027838e+01,1.385716e+01,3.339493e-01,-1.037529e+00,-1.313471e+00,1.706808e+00
4.822915e+00,9.438524e+00,1.544371e+01,6.134118e-01,4.607513e-01,3.136490e-02,7.678213e-01
4.008040e+00,8.605713e+00,1.367989e+01,-2.076667e+00,-6.554771e-01,-5.814512e-02,2.178435e+00
6.713941e+00,7.156547e+00,1.198021e+01,-1.264222e+00,1.300497e-01,9.710672e-01,1.599419e+00
4.505294e+00,9.923766e+00,1.352582e+01,4.392079e-01,-6.308056e-01,-1.027392e+00,1.283103e+00
6.659727e+00,6.612833e+00,1.296167e+01,-1.005903e+00,-6.266805e-01,-1.039593e-01,1.189696e+00
6.047641e+00,8.953369e+00,1.473282e+01,-1.534857e-01,9.605025e-01,5.292774e-01,1.107365e+00
7.913854e+00,9.069240e+00,1.702955e+01,-1.277078e-01,-1.264061e+00,1.684117e+00,2.109599e+00
9.799775e+00,9.221567e+00,1.687212e+01,-8.571747e-01,-9.218068e-01,4.280441e-01,1.329548e+00
9.956882e+00,9.062246e+00,1.489266e+01,7.265903e-01,-8.740582e-01,-3.755285e-01,1.197052e+00
5.794066e+00,9.553191e+00,1.580841e+01,-8.342614e-01,9.103139e-01,-9.739257e-01,1.572639e+00
8.745806e+00,1.131304e+01,1.686710e+01,7.948556e-01,-7.416056e-01,8.566778e-01,1.384078e+00
9.883298e+00,5.346869e+00,1.362487e+01,-2.047598e-01,2.084578e+00,-9.491044e-02,2.096759e+00
8.038672e+00,8.588293e+00,1.478236e+01,2.095854e-01,-1.349814e-01,-3.638388e-02,2.519321e-01
1.105911e+01,7.210085e+00,1.698992e+01,5.793603e-01,8.701081e-01,1.746865e-01,1.059840e+00
1.082688e+01,1.200276e+01,1.538544e+01,2.725904e-01,-6.206133e-01,1.553253e+00,1.694716e+00
1.252026e+01,7.015110e+00,9.684807e+00,-1.197805e+00,7.498167e-01,4.593514e-02,1.413886e+00
8.348214e+00,1.018237e+01,1.534441e+01,1.946842e+00,9.660692e-01,3.056064e-01,2.194739e+00
1.150369e+01,8.473198e+00,1.614621e+01,1.168632e+00,1.088011e+00,4.153150e-01,1.649834e+00
1.346147e+01,1.145133e+01,1.471437e+01,-6.654802e-01,3.982714e-02,7.562524e-02,6.709466e-01
1.193630e+01,1.230742e+01,1.321776e+01,7.512802e-01,1.027508e+00,-1.486569e+00,1.957059e+00
1.120578e+01,1.171607e+01,1.251085e+01,-9.531833e-01,-1.629130e-01,5.356784e-01,1.105464e+00
1.325622e+01,1.397859e+01,1.370843e+01,-9.866089e-01,8.427473e-02,1.601940e+00,1.883271e+00
1.364089e+01,9.224715e+00,1.721428e+01,-4.974041e-01,1.779367e+00,-6.549231e-01,1.960225e+00
1.531017e+01,1.213896e+01,1.568706e+01,-4.020349e-02,-2.583825e-01,7.259150e-01,7.715765e-01
1.247078e+01,8.935976e+00,1.578485e+01,2.316774e+00,4.637050e-01,4.606307e-01,2.407207e+00
1.337012e+01,1.192804e+01,1.729961e+01,2.164785e-02,1.324429e-01,4.401780e-01,4.601809e-01
1.718866e+01,8.654116e+00,1.501497e+01,4.255437e-01,5.225678e-01,5.381160e-01,8.623998e-01
1.582180e+01,1.106416e+01,1.507135e+01,2.771081e+00,-6.450717e-01,9.643152e-01,3.004149e+00
1.504570e+01,9.492124e+00,1.902532e+01,-2.732664e+00,9.488819e-01,-1.714469e-01,2.897796e+00
1.339213e+01,1.084746e+01,1.665959e+01,-8.245320e-04,-9.428327e-01,1.878781e+00,2.102082e+00
1.694766e+01,9.638817e+00,1.465993e+01,-2.816175e+00,1.416177e+00,-7.055771e-01,3.230207e+00
1.809243e+01,1.010572e+01,1.501689e+01,-4.115435e-02,2.018692e+00,-2.241700e+00,3.016957e+00
1.743590e+01,8.694578e+00,1.398822e+01,-1.598743e+00,2.072682e+00,1.755704e+00,3.151902e+00
1.706435e+01,1.182247e+01,1.525304e+01,-1.232133e+00,-1.096693e-01,-4.727823e-01,1.324274e+00
2.023953e+01,7.055294e+00,1.432950e+01,-8.268075e-01,8.797013e-02,7.516181e-01,1.120839e+00
2.018499e+01,8.109976e+00,1.128318e+01,-2.187831e-01,1.928528e+00,1.740373e+00,2.606911e+00
1.856004e+01,1.003361e+01,1.748015e+01,9.065214e-02,9.995700e-02,1.033266e+00,1.042040e+00
1.496242e+01,6.993219e+00,1.598203e+01,-1.912315e-01,-2.263999e-02,1.746269e+00,1.756854e+00
2.110509e+01,8.825394e+00,1.554534e+01,-1.154470e-01,-2.161491e-02,4.536867e-01,4.686436e-01
2.017626e+01,8.376313e+00,1.610813e+01,1.102648e+00,2.063365e-01,-7.461053e-01,1.347249e+00
2.154592e+01,7.526745e+00,1.338212e+01,-1.435937e+00,-7.419133e-02,-3.851466e-01,1.488542e+00
2.035155e+01,8.571283e+00,1.708575e+01,2.680221e-01,-3.811954e-01,3.827816e-01,6.030485e-01
2.133492e+01,5.579893e+00,1.371203e+01,1.002579e+00,4.282815e-01,8.585008e-01,1.387664e+00
1.566571e+00,7.397387e+00,1.220347e+01,1.975726e-02,-1.333036e+00,9.940657e-01,1.662992e+00
2.293031e+01,7.041510e+00,1.368339e+01,-2.272063e-01,2.864875e-01,4.430947e-01,5.744830e-01
2.214154e+01,5.321685e+00,1.833439e+01,1.441941e+00,-3.237715e+00,-1.419261e+00,3.817891e+00
2.210910e+01,1.223072e+01,1.616851e+01,-3.058469e-01,-1.767424e-01,-6.722714e-01,7.594268e-01
2.082751e+01,9.034887e+00,1.402003e+01,-1.485775e+00,-7.533218e-01,-1.275495e-01,1.670716e+00
1.626167e+00,1.106093e+01,1.397128e+01,-1.211059e+00,-1.390258e+00,-6.174775e-01,1.944418e+00
2.334695e+01,1.231559e+01,1.498149e+01,-5.693021e-01,1.085145e+00,-1.352707e+00,1.825229e+00
2.758506e+00,1.052842e+01,1.273452e+01,1.720446e+00,-1.205638e+00,-7.497760e-01,2.230619e+00
4.685845e-01,1.174355e+01,1.610954e+01,1.150531e+00,-1.062086e+00,7.247654e-01,1.725408e+00
4.411179e+00,7.262249e+00,1.471953e+01,-7.583372e-01,-2.013814e+00,-1.084426e-01,2.154595e+00
3.366257e+00,1.294201e+01,1.261787e+01,-1.009442e+00,9.117025e-01,-5.837060e-01,1.480165e+00
2.268027e+01,1.104353e+01,1.479653e+01,4.343838e-02,1.870428e+00,-1.256868e-01,1.875149e+00
5.281983e+00,1.222939e+01,1.451420e+01,5.108774e-01,-1.003671e+00,2.156908e-01,1.146680e+00
5.321262e+00,8.377124e+00,1.532548e+01,-7.595705e-02,-7.543094e-01,2.055150e+00,2.190524e+00
6.814510e-01,1.049659e+01,1.383708e+01,-1.680014e-02,1.513862e+00,-6.591227e-01,1.651212e+00
3.830059e+00,9.082721e+00,1.550383e+01,-1.190854e+00,-8.970428e-01,2.337416e+00,2.772424e+00
3.557724e+00,1.138863e+01,1.343732e+01,1.328550e-01,1.722403e+00,9.563893e-01,1.974589e+00
5.873133e+00,8.544920e+00,1.645309e+01,-1.276656e+00,2.727596e-01,1.704941e-01,1.316555e+00
7.981132e+00,1.072946e+01,1.317854e+01,-8.244104e-02,1.610264e+00,6.066466e-01,1.722720e+00
4.478938e+00,1.107879e+01,1.390255e+01,-4.644384e-01,1.364424e-01,-2.182703e-01,5.310005e-01
9.682264e+00,1.206584e+01,1.171488e+01,7.822451e-02,-9.564079e-01,1.715551e+00,1.965693e+00
7.591378e+00,1.213760e+01,1.578663e+01,7.922461e-02,4.506196e-01,1.923120e+00,1.976797e+00
6.713325e+00,1.214154e+01,1.122445e+01,-7.167167e-01,6.896433e-01,1.020489e-01,9.998523e-01
8.425199e+00,1.300862e+01,1.276643e+01,-4.998120e-01,-2.637974e-01,7.386593e-02,5.699625e-01
1.028385e+01,1.149271e+01,1.244447e+01,-2.606344e+00,1.400583e+00,2.140480e+00,3.651892e+00
1.066233e+01,1.257543e+01,1.178216e+01,1.820191e+00,8.995416e-01,-2.014327e+00,2.860032e+00
8.031317e+00,1.024131e+01,1.130292e+01,-7.708857e-01,-1.391848e+00,1.649810e+00,2.292025e+00
1.163783e+01,9.063443e+00,1.519169e+01,2.139252e+00,-9.729683e-01,-1.237445e+00,2.656000e+00
8.768092e+00,1.081982e+01,1.169900e+01,-5.774587e-01,1.179813e-01,1.418014e+00,1.535624e+00
1.276404e+01,1.283997e+01,1.208708e+01,1.619428e+00,-4.629147e-01,-5.506789e-01,1.772028e+00
1.162667e+01,1.100447e+01,1.350928e+01,8.813626e-03,1.005264e+00,5.660751e-01,1.153722e+00
1.207848e+01,1.431633e+01,1.391250e+01,-4.246164e-02,1.014144e+00,-1.533544e+00,1.839035e+00
1.095779e+01,1.304242e+01,1.775164e+01,1.030037e+00,-4.281314e-02,7.921568e-01,1.300124e+00
1.235499e+01,1.141372e+01,1.479465e+01,3.268220e-01,1.041083e+00,7.667597e-01,1.333637e+00
1.464034e+01,9.171268e+00,1.533306e+01,4.038104e-01,3.337697e-01,5.416421e-01,7.535524e-01
1.583657e+01,1.153378e+01,1.231181e+01,-1.020464e-01,9.540792e-01,-6.911309e-01,1.182515e+00
1.427415e+01,1.195869e+01,1.791279e+01,4.317158e-01,7.027136e-01,-9.043477e-01,1.223940e+00
1.404404e+01,9.620437e+00,1.356403e+01,3.514458e-01,1.236199e+00,-3.726422e-01,1.338120e+00
1.452706e+01,1.109702e+01,1.477408e+01,2.356337e-02,8.823899e-02,7.769274e-01,7.822772e-01
1.406880e+01,1.390302e+01,1.539358e+01,-8.513772e-01,1.761947e-01,8.214155e-01,1.196082e+00
1.315527e+01,9.860663e+00,1.310099e+01,-1.475992e+00,-1.907177e+00,-1.585708e+00,2.886234e+00
9.384772e+00,1.329342e+01,1.362409e+01,-1.385300e+00,-5.400546e-01,-7.571303e-01,1.668521e+00
1.403191e+01,1.051811e+01,1.548808e+01,1.227607e+00,-1.769291e+00,-3.362461e-01,2.179558e+00
1.778617e+01,1.272138e+01,1.716765e+01,-1.017930e+00,-7.758931e-01,1.558506e+00,2.016713e+00
1.744500e+01,1.309064e+01,1.606099e+01,1.855198e+00,-4.640969e-01,-5.008507e-01,1.976866e+00
1.960919e+01,1.025812e+01,1.591268e+01,7.165616e-01,4.134679e-01,1.166755e-01,8.354816e-01
1.922046e+01,1.074227e+01,1.684816e+01,-6.732782e-01,-2.044529e+00,-4.279704e-01,2.194666e+00
1.786522e+01,9.636410e+00,1.369838e+01,9.365873e-01,9.189056e-02,1.752109e+00,1.988851e+00
1.872231e+01,1.128847e+01,1.625424e+01,3.792378e-01,3.314154e-01,1.603002e+00,1.680260e+00
1.889255e+01,1.091361e+01,1.814569e+01,-4.833409e-01,4.816551e-01,9.896776e-01,1.202111e+00
1.810924e+01,1.007545e+01,1.990257e+01,5.126717e-01,4.139816e-01,6.076883e-01,8.963806e-01
2.221494e+01,6.367383e+00,1.553728e+01,2.160823e-01,6.919445e-01,1.404390e+00,1.580440e+00
2.125775e+01,7.990321e+00,1.632285e+01,-7.822399e-01,5.839586e-01,-1.705497e+00,1.965102e+00
2.367585e+01,4.381722e+00,1.769578e+01,-4.194726e-01,-7.725899e-01,-7.806039e-01,1.175668e+00
2.023461e+01,8.521463e+00,1.481514e+01,-6.134859e-01,-4.632348e-01,-6.749917e-01,1.023018e+00
2.318017e+01,1.384829e+01,1.280027e+01,2.898907e-01,-3.655634e-01,-1.482984e+00,1.554643e+00
1.448996e+00,1.016765e+01,1.627500e+01,2.560566e-01,-9.732436e-01,-9.689099e-02,1.011017e+00
7.851502e-01,8.026748e+00,1.575590e+01,9.157473e-01,9.407148e-01,1.121985e+00,1.726959e+00
2.152444e+01,6.836096e+00,1.628751e+01,-4.233575e-02,6.180287e-01,8.921118e-01,1.086101e+00
2.793416e+00,1.362313e+01,1.328753e+01,4.007825e-01,8.887716e-02,7.459206e-01,8.514243e-01
2.663780e-01,1.228686e+01,1.294338e+01,3.757443e-01,2.126668e-01,-3.459866e-01,5.532790e-01
2.632519e+00,1.097465e+01,1.364482e+01,3.905641e-01,1.648554e-01,-1.017489e+00,1.102271e+00
3.571080e+00,1.043430e+01,1.389029e+01,3.235537e-02,4.173162e-01,-1.044075e+00,1.124853e+00
2.329650e+01,1.032144e+01,1.240264e+01,1.349803e+00,1.212814e+00,1.348295e+00,2.260704e+00
3.397995e+00,1.259129e+01,1.356147e+01,-1.820013e+00,2.549743e+00,6.830761e-01,3.206280e+00
2.353603e+00,1.293732e+01,1.250305e+01,-1.210234e+00,1.642048e+00,4.889651e-01,2.097635e+00
3.480808e+00,1.397709e+01,1.103360e+01,2.224061e+00,1.849669e+00,9.618827e-01,3.048432e+00
4.039177e+00,1.321672e+01,1.142628e+01,-1.729621e-01,1.232548e+00,-1.094723e+00,1.657561e+00
4.404121e+00,1.247742e+01,1.325800e+01,1.596579e+00,-9.197927e-01,-1.550547e+00,2.408169e+00
4.004330e+00,1.307910e+01,1.740839e+01,1.644483e-01,-3.731464e-01,-2.622310e-01,4.848160e-01
1.794197e+00,1.395136e+01,1.299905e+01,3.931167e-01,-3.182094e-01,3.444585e-01,6.119229e-01
4.113459e+00,1.212223e+01,1.422821e+01,-1.465718e-01,-1.860854e-01,3.861088e-01,4.529802e-01
3.147519e+00,1.078512e+01,1.144047e+01,1.413228e-01,9.643048e-01,-7.932799e-02,9.778286e-01
6.368874e+00,1.367267e+01,1.454132e+01,9.682423e-02,7.932664e-01,-1.110055e-01,8.068264e-01
7.451029e+00,1.508737e+01,1.210686e+01,9.675079e-01,6.242028e-01,1.078421e+00,1.577559e+00
4.377372e+00,1.250430e+01,1.218328e+01,1.276971e+00,-4.432034e-01,-1.466809e+00,1.994645e+00
7.680615e+00,1.277059e+01,1.195701e+01,8.728970e-01,-2.102994e+00,-1.132714e+00,2.543143e+00
5.537091e+00,1.152432e+01,1.320769e+01,1.081877e+00,-1.161617e+00,4.216953e-01,1.642448e+00
7.935972e+00,1.376859e+01,1.142516e+01,2.027218e-01,1.509855e+00,-1.153457e+00,1.910817e+00
6.998873e+00,1.192996e+01,1.225215e+01,1.276612e-01,2.253059e+00,-2.327859e-01,2.268647e+00
1.042304e+01,1.366116e+01,1.251002e+01,3.123288e-01,-1.246941e+00,5.259806e-02,1.286537e+00
9.911680e+00,9.610774e+00,1.404466e+01,-6.532000e-01,4.021715e-01,1.333734e-01,7.785889e-01
1.021781e+01,1.488651e+01,1.271623e+01,-2.652018e+00,4.368991e-01,9.241086e-01,2.842192e+00
9.604658e+00,1.175952e+01,1.316922e+01,2.455280e-01,1.140743e+00,-6.453605e-01,1.333442e+00
8.539211e+00,1.395900e+01,1.341489e+01,2.644375e-01,-4.314245e-01,-1.892659e+00,1.959136e+00
1.167171e+01,1.376670e+01,1.474397e+01,-7.048552e-01,-3.519007e-01,-2.220842e-01,8.185208e-01
1.214689e+01,1.512717e+01,1.467725e+01,-2.121166e+00,-4.625501e-01,-8.206368e-01,2.320936e+00
1.268610e+01,1.304315e+01,1.310841e+01,6.542751e-01,1.344981e+00,1.360047e+00,2.021578e+00
1.451515e+01,1.442218e+01,1.303585e+01,1.212545e+00,8.847290e-01,5.284655e-01,1.591316e+00
1.461437e+01,1.327691e+01,1.252778e+01,5.308399e-01,1.192581e+00,-1.391912e+00,1.908261e+00
1.070740e+01,1.154265e+01,1.340442e+01,-1.621402e+00,-1.218841e+00,6.333287e-01,2.124999e+00
1.291588e+01,1.494996e+01,1.404347e+01,-7.205580e-01,9.125410e-01,9.933298e-01,1.529261e+00
1.366495e+01,1.339436e+01,1.451633e+01,-4.925189e-01,-4.699122e-03,-4.014561e-02,4.941747e-01
9.761561e+00,1.247360e+01,1.511165e+01,-6.034554e-01,-1.320841e-01,-1.787036e-01,6.430704e-01
1.607395e+01,1.203440e+01,1.709296e+01,3.185668e-01,3.799650e-01,7.946070e-01,9.366207e-01
1.540303e+01,1.395409e+01,1.630146e+01,-6.467737e-01,-2.211753e+00,6.842368e-01,2.403820e+00
1.472810e+01,1.299210e+01,1.628815e+01,-3.954592e-02,-1.173777e+00,3.060090e-01,1.213655e+00
1.760406e+01,1.111642e+01,1.834270e+01,1.492118e+00,-9.051798e-01,8.219421e-02,1.747147e+00
1.371859e+01,1.243108e+01,1.638476e+01,-9.094209e-01,3.403039e-01,-1.700933e-01,9.857915e-01
1.721007e+01,1.102449e+01,1.406931e+01,-3.164735e-01,-7.256407e-01,-1.700796e+00,1.876011e+00
2.020147e+01,1.311879e+01,1.296841e+01,1.128062e+00,-3.463261e-01,1.138188e+00,1.639493e+00
1.867039e+01,1.204187e+01,1.286271e+01,5.275402e-01,-1.423930e-01,-2.004369e+00,2.077515e+00
1.737582e+01,1.321642e+01,1.328276e+01,-5.003159e-01,1.452642e+00,2.067500e+00,2.575857e+00
1.935841e+01,1.485088e+01,1.488983e+01,-3.670088e-01,8.376915e-01,-9.484768e-01,1.317585e+00
1.843338e+01,1.369474e+01,1.354872e+01,5.752295e-01,1.337198e+00,3.442461e-02,1.456081e+00
2.035018e+01,1.222750e+01,1.532814e+01,-1.474572e-01,1.235500e+00,1.756714e+00,2.152730e+00
1.825044e+01,1.123922e+01,2.003913e+01,9.821639e-01,-7.599029e-01,4.756094e-01,1.329775e+00
2.092162e+01,1.063122e+01,1.479149e+01,9.412106e-02,-2.615749e-01,1.032232e+00,1.069010e+00
2.204317e+01,1.125147e+01,1.563480e+01,5.761199e-01,-6.108907e-01,2.183912e+00,2.339780e+00
1.920278e+01,1.452988e+01,1.375144e+01,-1.623491e+00,3.982202e-01,5.391089e-01,1.756400e+00
2.161621e+01,1.190130e+01,1.724072e+01,-1.213644e+00,-1.968232e+00,-3.992458e-01,2.346543e+00
2.217794e+01,8.878352e+00,1.285839e+01,-1.491436e+00,-4.877450e-01,-3.220079e-01,1.601864e+00
2.329157e+01,1.203778e+01,1.384197e+01,-6.083244e-01,1.355756e+00,6.142692e-02,1.487248e+00
4.683793e-01,1.034992e+01,1.281837e+01,-5.459894e-01,1.125218e+00,1.011651e+00,1.608620e+00
2.082783e+01,1.299783e+01,1.390244e+01,-4.762165e-01,2.427302e-01,2.459982e+00,2.517382e+00
4.368646e-01,1.228953e+01,1.490049e+01,-7.444337e-01,-7.299819e-01,-9.332491e-01,1.399289e+00
3.026071e+00,1.314786e+01,1.145249e+01,3.481412e-01,-1.481095e-01,-1.088173e+00,1.152068e+00
3.660069e+00,1.360893e+01,1.396214e+01,6.686527e-01,1.394909e+00,6.094241e-01,1.662608e+00
1.003182e+00,1.616745e+01,1.659866e+01,4.104245e-01,4.173941e-01,-2.842567e-02,5.860667e-01
2.222270e+00,1.497197e+01,1.394394e+01,2.292582e-01,-5.980176e-01,6.805986e-01,9.345581e-01
3.623309e+00,1.482643e+01,1.338573e+01,1.895914e-02,-4.830272e-01,1.017753e+00,1.126719e+00
5.571156e+00,1.291081e+01,1.524591e+01,-1.471199e+00,-9.706189e-01,-1.256794e+00,2.164731e+00
7.809679e-01,1.692033e+01,1.292732e+01,8.210169e-02,-8.042350e-01,-3.501123e-01,8.809729e-01
5.132035e+00,1.418558e+01,1.245247e+01,-2.451244e-01,2.892372e-01,1.817194e+00,1.856324e+00
6.366127e+00,1.345207e+01,1.328308e+01,-7.557291e-01,1.081761e+00,-3.054955e-01,1.354497e+00
5.182907e+00,1.373395e+01,1.338969e+01,1.209611e+00,5.618557e-01,6.525294e-01,1.484802e+00
4.032258e+00,1.718222e+01,1.291963e+01,6.532363e-01,-5.054546e-01,6.943291e-01,1.079025e+00
8.085932e+00,1.300743e+01,1.075706e+01,-6.898029e-02,-2.197118e-02,-1.265203e+00,1.267273e+00
7.058245e+00,1.419696e+01,1.374562e+01,1.387401e+00,5.304572e-01,-1.423653e+00,2.057438e+00
5.668611e+00,1.273862e+01,1.363069e+01,-4.750675e-01,-1.161306e+00,-4.748139e-01,1.341555e+00
3.130452e+00,1.816241e+01,1.588608e+01,-1.128126e+00,4.356390e-02,-1.201069e+00,1.648373e+00
3.371872e+00,1.391654e+01,1.202775e+01,-5.137679e-01,-6.615336e-01,4.840846e-01,9.674307e-01
5.172823e+00,1.515519e+01,1.200086e+01,5.145381e-01,6.745555e-01,8.531718e-01,1.203194e+00
5.322768e+00,1.682723e+01,1.429406e+01,2.614241e-01,-9.594578e-02,-9.574773e-01,9.971514e-01
8.484243e+00,1.572223e+01,1.327275e+01,8.376576e-02,8.807797e-01,-5.733896e-02,8.866101e-01
7.043744e+00,1.552476e+01,1.467041e+01,5.601550e-02,9.352546e-01,3.624037e-02,9.376312e-01
8.640587e+00,1.395351e+01,1.555427e+01,9.863166e-01,1.089813e-01,3.613534e-01,1.056065e+00
8.684347e+00,1.494534e+01,1.217242e+01,1.944394e-01,-8.470306e-01,-1.335467e+00,1.593342e+00
9.838517e+00,1.710545e+01,1.427417e+01,-6.005575e-01,5.837510e-01,3.423571e-02,8.382163e-01
1.251659e+01,1.391329e+01,1.821767e+01,-8.396665e-01,-2.350128e-01,4.217941e-01,9.685975e-01
9.743737e+00,1.525337e+01,1.179952e+01,1.225632e+00,1.736054e+00,-1.825656e+00,2.801620e+00
1.307838e+01,1.409916e+01,1.519970e+01,-3.284842e-01,8.116675e-01,5.711876e-01,1.045448e+00
1.226860e+01,1.333884e+01,1.745153e+01,4.543630e-01,1.370020e+00,1.602134e+00,2.156440e+00
1.378986e+01,1.396521e+01,1.234584e+01,-9.569670e-01,6.601926e-01,4.090452e-02,1.163320e+00
1.506626e+01,1.513645e+01,1.429292e+01,2.960699e-02,-1.447045e-01,1.823577e-01,2.346706e-01
1.277905e+01,1.795945e+01,1.529510e+01,-1.796979e-01,9.859542e-01,6.306785e-01,1.184125e+00
1.451539e+01,1.344676e+01,9.950679e+00,-2.018587e+00,-1.733157e+00,-2.108664e-01,2.668893e+00
1.732518e+01,1.446102e+01,1.095162e+01,-4.551078e-03,9.320680e-01,-2.029220e+00,2.233048e+00
1.240178e+01,1.327696e+01,1.513422e+01,-8.793969e-01,1.524750e+00,8.698340e-01,1.963367e+00
1.584310e+01,1.525853e+01,1.836166e+01,5.820835e-01,3.958839e-01,8.337632e-01,1.091195e+00
1.340878e+01,1.739410e+01,1.335317e+01,-1.925841e+00,-1.456485e+00,1.076124e+00,2.643531e+00
1.554634e+01,1.558355e+01,1.540012e+01,5.640624e-01,9.944145e-01,1.260454e+00,1.701697e+00
1.566537e+01,1.633902e+01,1.615236e+01,-1.271676e+00,-2.471969e-01,-3.182389e-01,1.333995e+00
1.587047e+01,1.448960e+01,1.493818e+01,2.286571e+00,5.893293e-01,5.933301e-01,2.434699e+00
1.657101e+01,1.370229e+01,1.499019e+01,1.565543e+00,-5.939807e-01,1.854078e+00,2.498268e+00
1.890494e+01,1.306835e+01,1.424492e+01,-1.228370e+00,-6.778642e-01,1.214802e+00,1.855839e+00
2.171830e+01,1.372808e+01,1.586572e+01,6.232506e-02,-1.617366e-01,4.435940e-01,4.762550e-01
2.232247e+01,1.357650e+01,1.508805e+01,1.066933e+00,-8.225668e-01,1.565874e-01,1.356275e+00
1.730812e+01,1.484118e+01,1.487225e+01,7.874557e-01,-2.318319e-01,1.978736e+00,2.142248e+00
1.927302e+01,1.261388e+01,1.177121e+01,6.120780e-01,3.412240e-01,-9.478177e-01,1.178742e+00
1.776958e+01,1.534475e+01,1.169591e+01,1.103879e+00,1.252280e-01,1.344076e+00,1.743781e+00
1.725409e+01,1.597316e+01,1.517058e+01,1.540795e+00,5.387977e-01,9.330970e-01,1.880166e+00
1.953817e+01,1.319150e+01,1.531786e+01,-2.148017e-01,-4.914177e-01,-1.098349e+00,1.222294e+00
2.063333e+01,1.612204e+01,1.514689e+01,5.499764e-02,6.609863e-01,-5.291386e-01,8.484783e-01
2.023963e+01,1.717893e+01,1.225491e+01,1.262095e-01,2.624531e-01,3.410789e-01,4.484922e-01
1.800431e+01,1.370205e+01,1.226572e+01,-9.831619e-02,5.227708e-01,-6.045498e-01,8.052551e-01
1.795968e+01,1.543641e+01,1.679918e+01,1.963684e+00,4.200851e-02,4.477928e-01,2.014532e+00
2.257699e+01,1.007996e+01,1.419687e+01,-4.221265e-01,-1.210826e+00,2.461123e-01,1.305703e+00
7.956770e-01,1.412208e+01,1.262068e+01,6.061967e-01,-1.308837e+00,-3.919157e-02,1.442936e+00
2.384387e+01,1.347968e+01,1.440762e+01,-3.470123e-01,-1.106979e+00,1.598448e+00,1.975059e+00
2.096583e+01,1.046869e+01,1.377394e+01,2.697199e-01,-1.108604e-01,-6.747413e-01,7.350610e-01
2.216571e+01,1.551233e+01,1.373884e+01,-1.074728e+00,8.922898e-02,5.289715e-01,1.201172e+00
2.116544e+01,1.527336e+01,1.427237e+01,-1.297918e-01,-2.090953e+00,8.810835e-02,2.096829e+00
2.291714e+01,1.591232e+01,1.196288e+01,6.885205e-01,2.923552e-01,-8.524383e-01,1.134100e+00
2.094057e+01,1.383894e+01,1.283934e+01,-1.076668e-03,8.248056e-01,6.930501e-01,1.077323e+00
7.084088e-01,1.582940e+01,1.291155e+01,-3.934780e-01,1.371147e+00,2.263715e+00,2.675682e+00
2.237903e+00,1.923584e+01,9.595437e+00,-1.436892e-02,-1.373492e+00,6.987189e-01,1.541070e+00
1.680066e+00,1.612929e+01,1.309847e+01,-1.802218e+00,6.214117e-01,8.760986e-03,1.906363e+00
1.303955e-01,1.813718e+01,1.128153e+01,-5.907235e-01,2.681169e-01,-4.666585e-01,7.991314e-01
4.631212e-02,1.774211e+01,1.345200e+01,-2.564054e+00,-2.448903e-01,-1.533023e+00,2.997416e+00
4.516269e+00,1.586026e+01,1.263497e+01,2.260740e-01,8.500554e-02,-3.951318e-01,4.631031e-01
2.468486e+00,1.817042e+01,1.103654e+01,-2.234585e-01,-1.130972e-01,-4.888531e-01,5.492741e-01
3.483357e+00,1.705803e+01,1.583714e+01,-5.666175e-01,5.282076e-01,5.182694e-01,9.320203e-01
4.577418e+00,1.725729e+01,1.210483e+01,-2.718964e-01,-2.538360e-01,3.161405e-01,4.881651e-01
6.100619e+00,1.620803e+01,1.458331e+01,-3.365657e-01,5.684814e-01,3.583726e-01,7.515840e-01
5.952830e+00,1.455728e+01,1.311975e+01,5.314013e-01,-8.193799e-01,-2.384900e-01,1.005310e+00
1.010501e+01,1.628499e+01,1.480125e+01,6.766979e-01,-6.880623e-01,3.409604e-01,1.023525e+00
3.666529e+00,1.657811e+01,1.207986e+01,-1.420357e+00,-7.401241e-01,-1.263498e-01,1.606600e+00
6.362335e+00,1.537443e+01,1.379818e+01,-1.761819e+00,-2.873041e+00,9.102901e-01,3.490988e+00
7.560301e+00,1.222186e+01,1.341014e+01,-2.228196e-01,5.091846e-01,1.469315e+00,1.570925e+00
8.886323e+00,1.861850e+01,1.412029e+01,1.735620e-01,-4.348390e-01,-1.487461e+00,1.559407e+00
7.494694e+00,1.553368e+01,1.364685e+01,2.422844e+00,1.275025e-01,-8.395622e-01,2.567351e+00
8.891965e+00,1.987916e+01,1.750330e+01,4.124446e-01,3.692269e-01,3.327321e-02,5.545684e-01
1.112496e+01,1.434198e+01,1.326483e+01,9.552177e-01,-7.505366e-01,-2.338358e-01,1.237104e+00
8.229404e+00,1.776420e+01,1.751246e+01,-7.239248e-01,1.808231e+00,2.309699e-01,1.961406e+00
8.979787e+00,1.555841e+01,1.116230e+01,3.868186e-02,8.024052e-01,5.150154e-01,9.542491e-01
1.344079e+01,1.843050e+01,1.360076e+01,2.957337e-01,3.130455e-01,6.887523e-01,8.123027e-01
1.266259e+01,1.517978e+01,1.588339e+01,8.208224e-02,-5.400956e-01,7.187195e-01,9.027727e-01
1.192258e+01,1.642038e+01,1.430120e+01,-1.663185e-01,8.100222e-01,-9.396844e-01,1.251721e+00
1.103629e+01,1.556638e+01,1.117746e+01,-2.484723e-01,9.169304e-01,-8.295755e-01,1.261228e+00
1.030255e+01,1.582451e+01,1.320225e+01,5.102508e-01,-6.857188e-01,-1.283776e+00,1.542286e+00
1.263629e+01,1.489543e+01,1.271026e+01,8.398793e-01,1.221193e+00,4.132703e-01,1.538669e+00
1.207922e+01,1.693040e+01,1.537417e+01,1.095437e+00,-1.544543e+00,-8.219987e-01,2.064286e+00
1.623044e+01,1.539728e+01,1.469184e+01,6.151985e-01,-1.900367e+00,1.143357e+00,2.301550e+00
1.383799e+01,1.563749e+01,1.411215e+01,2.819655e-02,-1.257592e+00,-2.410301e-01,1.280792e+00
1.473642e+01,1.603891e+01,1.634155e+01,-2.867476e-01,-1.727238e+00,9.083863e-01,1.972496e+00
1.298136e+01,1.654145e+01,1.380244e+01,-7.370020e-01,7.178383e-01,8.338791e-01,1.324318e+00
1.836814e+01,1.383832e+01,9.233748e+00,-1.416239e+00,-4.556639e-01,-1.629184e-01,1.496631e+00
1.472172e+01,1.605165e+01,1.464482e+01,-6.869306e-01,8.740450e-01,3.169666e-01,1.155983e+00
1.367925e+01,1.464529e+01,1.600284e+01,1.102488e+00,-4.047804e-01,1.811068e-01,1.188330e+00
1.328046e+01,1.519019e+01,1.499734e+01,-5.436401e-01,1.117901e-01,-1.047633e+00,1.185570e+00
1.435503e+01,1.550152e+01,1.545814e+01,-8.510464e-01,-1.511027e+00,1.834115e+00,2.524175e+00
1.713754e+01,1.762286e+01,1.630147e+01,-1.215116e+00,2.603593e-02,5.159731e-03,1.215406e+00
1.718326e+01,1.468088e+01,1.761461e+01,9.041368e-01,1.345392e-01,-1.553190e-01,9.271937e-01
1.799811e+01,1.490499e+01,1.278101e+01,-5.215745e-01,1.140554e+00,-1.749123e+00,2.152286e+00
1.949326e+01,1.462431e+01,1.110678e+01,-8.421623e-01,5.750267e-01,1.337166e+00,1.681638e+00
1.920090e+01,1.785719e+01,1.355598e+01,2.371825e-01,-3.234228e-01,-1.564207e+00,1.614807e+00
1.889284e+01,1.465728e+01,9.117285e+00,-2.154500e-02,8.358907e-01,-1.388907e+00,1.621185e+00
1.852073e+01,1.427127e+01,1.462364e+01,-6.357058e-01,1.426518e-01,7.452651e-01,9.898947e-01
1.910897e+01,1.536158e+01,1.579055e+01,-6.627596e-01,7.674839e-01,-5.425336e-01,1.150054e+00
2.203125e+01,1.630130e+01,9.492539e+00,2.473469e-01,-3.180622e-01,-1.053391e+00,1.127819e+00
2.170315e+01,1.913353e+01,1.588510e+01,-4.415619e-01,1.016318e+00,-1.404676e-01,1.116965e+00
1.898366e+01,1.693897e+01,1.653032e+01,-2.701404e-01,-1.135339e-01,-1.567482e-01,3.323188e-01
2.193925e+01,1.230594e+01,1.124975e+01,-6.815089e-01,-7.291127e-01,1.531723e+00,1.828178e+00
2.228720e+01,1.443533e+01,1.225739e+01,1.422021e+00,-6.337298e-01,-7.226641e-01,1.716392e+00
2.312875e+01,1.399254e+01,1.618523e+01,8.718790e-01,-2.222370e-02,-3.879691e-01,9.545611e-01
1.917407e+01,1.670445e+01,1.403215e+01,1.341726e+00,-6.758187e-01,-9.988827e-02,1.505635e+00
2.241831e+01,1.627473e+01,1.285307e+01,-6.087593e-01,-1.039417e+00,-3.007582e-01,1.241544e+00
2.377534e+01,1.711460e+01,1.478104e+01,-8.313233e-01,-9.876544e-01,-5.836891e-01,1.416775e+00
2.066036e+01,1.597985e+01,1.248343e+01,-4.113229e-01,-5.596361e-01,-2.034111e+00,2.149415e+00
2.376272e+01,1.868432e+01,1.552496e+01,7.753800e-03,3.232558e-01,-3.537463e-01,4.792607e-01
9.203068e-01,1.830204e+01,1.316038e+01,3.081584e-01,5.769899e-01,3.914915e-01,7.623284e-01
2.954171e+00,1.845333e+01,9.996236e+00,1.358574e+00,7.619676e-01,-1.035418e+00,1.870403e+00
2.572539e+00,1.916741e+01,1.569069e+01,1.512535e+00,-8.966767e-01,9.204145e-01,1.984680e+00
1.892975e+00,1.555115e+01,1.231244e+01,6.405510e-01,3.594799e-01,1.736356e+00,1.885328e+00
4.129122e+00,1.831258e+01,9.429407e+00,1.866567e-01,1.377570e-01,6.127940e-01,6.552360e-01
1.240536e+00,1.636855e+01,1.469694e+01,2.123594e+00,-4.917870e-01,-1.604802e+00,2.706824e+00
3.711916e+00,1.755176e+01,1.484725e+01,7.866578e-01,2.985622e-01,7.149050e-02,8.444411e-01
2.532819e+00,2.134318e+01,1.155819e+01,9.452157e-01,1.571219e-01,1.474943e+00,1.758857e+00
7.200309e-01,1.878968e+01,1.496173e+01,-8.258560e-01,2.506987e-01,1.762096e+00,1.962109e+00
6.445246e+00,1.860720e+01,1.197542e+01,-1.283688e+00,-6.238751e-01,2.081811e+00,2.524086e+00
7.644068e+00,1.982800e+01,1.476986e+01,3.456787e-01,-2.638865e-02,-1.093949e+00,1.147569e+00
5.538793e+00,1.901601e+01,1.400041e+01,-9.783339e-02,-1.515998e+00,-2.248050e-02,1.519318e+00
5.360278e+00,1.755377e+01,1.277322e+01,-4.743740e-01,1.368470e+00,1.217182e+00,1.891896e+00
7.302901e+00,1.978034e+01,1.371213e+01,6.346727e-01,1.240035e+00,-3.935173e-01,1.447533e+00
9.045741e+00,1.952525e+01,1.458049e+01,1.694937e+00,5.571315e-03,7.257287e-01,1.843780e+00
7.642490e+00,1.798556e+01,1.571391e+01,-1.001841e+00,-1.314408e+00,-7.189736e-01,1.802297e+00
1.186358e+01,1.888264e+01,1.447357e+01,2.085509e+00,-2.098614e-02,-8.461738e-01,2.250733e+00
9.709963e+00,2.054446e+01,1.185988e+01,-2.207651e-01,-2.353477e+00,-4.523751e-01,2.406707e+00
8.738908e+00,1.806246e+01,1.552315e+01,2.238673e-01,2.167473e+00,-9.451766e-02,2.181052e+00
9.402412e+00,2.143950e+01,1.372230e+01,1.021815e+00,2.435260e+00,2.636913e-01,2.654078e+00
1.246429e+01,1.559176e+01,1.347490e+01,7.290910e-01,-3.269230e-01,1.272275e+00,1.502377e+00
1.075024e+01,2.058384e+01,1.394031e+01,2.897482e-01,1.233512e+00,1.012287e-01,1.271123e+00
9.888529e+00,1.535609e+01,1.464935e+01,1.774588e-01,5.966777e-02,4.447442e-01,4.825445e-01
1.074838e+01,1.764167e+01,1.457960e+01,8.843547e-02,-8.530822e-01,-1.139234e+00,1.425982e+00
1.218534e+01,1.716054e+01,1.361100e+01,-7.946527e-01,3.457141e-02,8.244256e-01,1.145577e+00
1.313922e+01,1.799836e+01,1.638297e+01,1.090949e+00,-8.593317e-01,-1.091381e-02,1.388790e+00
1.306194e+01,1.860764e+01,1.456006e+01,3.299345e-01,1.120809e+00,6.033736e-01,1.314964e+00
1.358492e+01,1.593353e+01,1.298668e+01,2.163520e-01,4.510280e-01,-7.775888e-01,9.245965e-01
1.397244e+01,2.124041e+01,1.234663e+01,1.086058e-01,1.850175e-01,-7.836439e-01,8.124805e-01
1.640690e+01,1.992951e+01,1.165389e+01,4.641929e-01,-9.352109e-03,5.423657e-01,7.139490e-01
1.489144e+01,1.693461e+01,1.768571e+01,7.380940e-01,-5.960116e-01,1.132530e+00,1.477375e+00
1.432641e+01,1.784803e+01,1.349189e+01,2.119458e+00,1.449847e+00,6.329792e-01,2.644772e+00
1.498265e+01,1.858079e+01,1.284352e+01,7.436256e-02,-1.156905e+00,-2.040491e+00,2.346820e+00
1.655182e+01,1.777443e+01,1.749656e+01,5.131423e-01,6.569613e-02,7.662042e-01,9.244998e-01
1.759877e+01,1.657732e+01,1.207356e+01,-6.599218e-02,1.562947e-01,-9.056577e-01,9.214114e-01
1.314117e+01,1.998193e+01,1.571253e+01,1.634459e+00,-2.952089e-03,5.142704e-01,1.713458e+00
1.720989e+01,1.842202e+01,1.701464e+01,1.392668e+00,-7.406370e-01,2.137288e+00,2.656326e+00
2.083907e+01,1.881054e+01,1.333375e+01,1.453551e+00,6.442259e-01,1.408695e-01,1.596145e+00
1.744496e+01,1.776879e+01,1.213330e+01,8.989982e-01,2.992723e-01,1.541459e+00,1.809381e+00
1.634390e+01,1.557135e+01,1.364482e+01,-3.034732e-01,-1.182712e+00,8.574268e-02,1.224033e+00
1.922699e+01,1.789161e+01,1.241725e+01,1.848219e+00,-2.758981e-01,3.703404e-02,1.869065e+00
1.723407e+01,1.451015e+01,1.211713e+01,-9.660927e-02,9.606917e-01,2.583711e-01,9.995086e-01
1.648419e+01,1.628127e+01,1.216135e+01,-1.528539e+00,-5.959046e-01,1.157340e+00,2.007727e+00
2.006285e+01,1.518458e+01,1.199967e+01,-2.775174e-02,-1.609746e-01,-1.309060e+00,1.319212e+00
2.020469e+01,1.631741e+01,1.412026e+01,3.601738e-01,-6.790776e-01,1.403028e-01,7.813811e-01
1.879416e+01,1.851253e+01,1.601935e+01,5.655882e-01,3.710605e-01,7.243957e-01,9.911231e-01
1.936625e+01,1.802391e+01,1.119734e+01,6.709417e-01,-8.334546e-01,1.169627e+00,1.585193e+00
1.893160e+01,1.685220e+01,1.298365e+01,3.514928e-01,2.086988e-03,-9.948780e-02,3.653072e-01
2.189949e+01,1.342799e+01,1.274865e+01,8.832568e-01,-7.485898e-01,1.511921e+00,1.904320e+00
1.785584e+01,1.698736e+01,1.291368e+01,1.329454e+00,9.987218e-01,7.701879e-01,1.832507e+00
1.971144e+01,1.621470e+01,1.207085e+01,-1.263891e+00,-2.575879e-02,4.487543e-01,1.341441e+00
2.278508e+01,1.633926e+01,1.411483e+01,4.173166e-01,6.417914e-01,1.101524e+00,1.341419e+00
2.066744e+01,2.066943e+01,1.608365e+01,-2.482085e-01,-1.074871e+00,8.718242e-01,1.406070e+00
2.594860e-01,1.771602e+01,9.291451e+00,-7.468412e-01,2.527336e+00,-4.869130e-01,2.679979e+00
1.920521e+00,2.151722e+01,1.381078e+01,1.249512e+00,1.324544e-01,-6.998970e-01,1.438290e+00
1.250287e+00,1.966290e+01,1.170014e+01,1.142691e+00,-1.035926e+00,4.716965e-01,1.612881e+00
1.237112e+00,2.064284e+01,1.342255e+01,-2.144531e+00,-4.003617e-01,-1.003022e+00,2.401115e+00
2.981386e+00,2.217561e+01,1.342511e+01,-2.228771e-01,1.290183e+00,-5.822216e-01,1.432909e+00
2.596133e+00,1.455301e+01,1.241933e+01,1.458946e+00,9.145460e-01,-7.597686e-01,1.882064e+00
2.306965e+01,2.036713e+01,1.173127e+01,1.989177e-01,-5.233596e-01,-5.271649e-01,7.690100e-01
2.043888e+00,1.864790e+01,1.338073e+01,2.524273e-01,-7.266449e-02,-2.980541e-01,3.972857e-01
5.703353e+00,2.087161e+01,1.051259e+01,-6.899509e-01,5.244525e-01,1.234360e+00,1.508220e+00
4.113166e+00,1.929325e+01,1.382972e+01,2.924101e-01,-9.069140e-01,-4.688042e-01,1.061967e+00
1.542984e+00,1.867179e+01,1.718649e+01,4.331431e-01,2.151146e+00,1.427175e-01,2.198956e+00
2.783352e+00,1.845557e+01,1.460102e+01,1.200469e-01,-8.919824e-01,1.265599e+00,1.552992e+00
6.549526e+00,1.943952e+01,1.038024e+01,1.385602e+00,-1.295350e+00,-2.487453e-01,1.913034e+00
3.490656e+00,2.030832e+01,1.298129e+01,6.229217e-02,1.843380e+00,1.456789e+00,2.350353e+00
4.372290e+00,1.915035e+01,1.679463e+01,-2.261338e+00,6.924372e-02,-1.658567e+00,2.805225e+00
2.314168e+00,1.821482e+01,1.214901e+01,1.798857e-01,4.446729e-01,-8.169419e-01,9.473578e-01
1.088343e+01,1.864664e+01,1.512660e+01,2.737172e-01,-2.640102e-01,-1.585613e+00,1.630580e+00
7.209665e+00,1.965181e+01,1.594359e+01,-1.013379e+00,-1.657346e+00,1.257837e+00,2.314279e+00
5.961601e+00,2.232188e+01,1.263042e+01,3.681748e-01,1.044132e-01,3.941306e-01,5.493575e-01
4.980692e+00,1.955781e+01,1.322567e+01,1.418939e+00,-4.852628e-01,1.319612e+00,1.997559e+00
1.061514e+01,2.338751e+01,1.263153e+01,-1.300174e-01,4.845252e-02,6.772152e-01,6.912833e-01
7.972779e+00,1.682917e+01,1.503633e+01,-1.459443e+00,-9.596859e-02,3.735196e-01,1.509536e+00
9.878012e+00,1.812487e+01,1.588096e+01,1.008573e-01,-1.403541e+00,-5.712168e-01,1.518680e+00
1.209830e+01,1.833868e+01,1.607686e+01,-3.696904e-01,-1.338240e+00,-1.711950e+00,2.204162e+00
1.188118e+01,1.785644e+01,1.155281e+01,-1.701913e-01,1.376522e+00,6.236514e-01,1.520762e+00
1.139439e+01,1.531578e+01,1.377682e+01,6.791471e-02,-1.283751e+00,-1.243579e+00,1.788608e+00
6.408472e+00,1.726293e+01,1.623395e+01,9.824754e-02,1.623880e-01,3.631575e-01,4.097631e-01
1.129629e+01,2.012207e+01,1.315894e+01,-8.571804e-01,1.917433e-01,7.916092e-01,1.182442e+00
1.476213e+01,2.010276e+01,1.080841e+01,-1.973337e+00,4.211943e-01,1.037608e+00,2.268941e+00
1.572869e+01,1.725684e+01,1.823784e+01,-1.125054e+00,1.225675e+00,5.588928e-01,1.755103e+00
9.975352e+00,1.834278e+01,1.243906e+01,6.282114e-01,-1.131351e+00,-2.338160e+00,2.672377e+00
1.304943e+01,1.855400e+01,1.175651e+01,-1.957115e+00,9.865204e-01,1.152334e-01,2.194721e+00
1.732824e+01,1.820062e+01,1.081966e+01,1.206261e+00,-8.168059e-01,-3.916617e-01,1.508521e+00
1.106269e+01,1.962012e+01,1.404240e+01,1.678304e-03,-6.399833e-01,-5.353793e-01,8.343935e-01
1.830497e+01,1.792812e+01,1.291838e+01,-1.981854e-01,-1.616092e+00,2.768532e-01,1.651568e+00
1.707078e+01,1.949938e+01,1.393843e+01,-2.110929e+00,-1.109498e+00,5.847509e-01,2.455390e+00
1.488802e+01,2.292060e+01,1.272179e+01,1.329931e+00,9.486055e-01,-8.489092e-01,1.840982e+00
1.817569e+01,1.968984e+01,1.337654e+01,3.764122e-01,-3.724279e-01,-1.342708e+00,1.443348e+00
1.935678e+01,2.091816e+01,1.497223e+01,-1.241533e+00,-2.363593e+00,-8.182118e-01,2.792391e+00
1.466383e+01,1.436923e+01,1.052728e+01,-7.610415e-01,-9.317150e-01,-1.880514e+00,2.232400e+00
1.615698e+01,2.122113e+01,1.594952e+01,-3.313392e-02,9.915770e-01,2.101376e-01,1.014140e+00
1.562409e+01,1.892685e+01,1.436451e+01,2.426486e+00,-7.707184e-01,-6.257945e-01,2.621729e+00
1.606408e+01,2.142357e+01,1.479083e+01,-3.814941e-01,-7.319108e-01,3.645697e-01,9.022983e-01
1.992423e+01,1.751865e+01,1.445187e+01,-1.044228e+00,-5.357294e-01,-6.068219e-01,1.321231e+00
2.116454e+01,1.710379e+01,1.513324e+01,3.648331e-01,-9.540592e-01,1.174691e+00,1.556673e+00
1.846206e+01,1.767555e+01,1.432540e+01,-2.396274e-01,8.345633e-01,-1.975581e-01,8.904754e-01
1.624372e+01,1.733583e+01,1.425546e+01,7.588552e-01,-9.571495e-01,-2.716365e-01,1.251312e+00
1.856935e+01,1.979934e+01,1.171122e+01,1.092559e+00,-1.817675e+00,8.329245e-01,2.278462e+00
2.177324e+01,1.681786e+01,1.340846e+01,-1.751254e-01,3.009246e-01,6.767159e-01,7.610315e-01
2.178202e+01,1.542443e+01,1.526806e+01,7.874737e-01,-3.225539e-01,-5.133470e-02,8.525204e-01
1.865392e+01,1.868380e+01,1.495885e+01,-1.825278e+00,-2.306974e+00,-1.596322e+00,3.346941e+00
1.728414e+00,1.966357e+01,1.505506e+01,-5.033331e-01,7.221546e-01,-6.764097e-01,1.110127e+00
2.426484e+00,2.018497e+01,1.314230e+01,-1.042788e+00,-2.461899e-01,-1.628341e-01,1.083758e+00
2.056528e+01,1.855915e+01,1.458141e+01,-1.412254e+00,1.716805e+00,6.991192e-01,2.330375e+00
2.385797e+01,1.791492e+01,1.785820e+01,-2.297949e-01,-3.703578e-01,9.407924e-01,1.036851e+00
2.336546e+01,2.065672e+01,1.301350e+01,9.651943e-01,-1.554494e-01,-3.851193e-01,1.050753e+00
2.265157e+01,2.110534e+01,1.410502e+01,3.120731e-01,-7.037315e-01,1.257941e+00,1.474802e+00
2.184996e+01,1.950754e+01,1.484261e+01,-1.319720e-01,3.197428e-02,-7.623694e-01,7.743682e-01
7.523296e-01,1.944926e+01,1.671007e+01,1.185553e+00,-2.228142e+00,-3.176851e-01,2.543831e+00
3.177333e+00,2.241152e+01,8.059067e+00,4.210245e-01,-1.547750e-01,9.778842e-01,1.075860e+00
1.412191e+00,2.290709e+01,1.249920e+01,3.221996e-01,6.510457e-01,4.861184e-02,7.280359e-01
6.308281e+00,2.071110e+01,1.206910e+01,-8.252048e-01,9.082470e-01,-4.223095e-01,1.297775e+00
2.329342e+01,2.162666e+01,1.248792e+01,5.894975e-01,1.546839e+00,6.967653e-01,1.796023e+00
1.341996e+00,2.360690e+01,1.105746e+01,1.044105e+00,1.657315e-01,-7.914998e-02,1.060135e+00
5.800370e+00,2.010954e+01,1.118772e+01,1.901837e-01,-2.518237e-01,-5.887195e-01,6.679638e-01
1.585309e+00,2.263647e+01,1.130810e+01,1.497347e+00,2.237726e+00,-2.892249e-01,2.707973e+00
2.624407e+00,2.228740e+01,1.434826e+01,-3.616596e-01,-3.082660e-01,-1.193756e+00,1.284866e+00
4.077920e+00,2.259361e+01,1.247715e+01,-1.023900e-01,-3.044722e-01,-3.448809e-01,4.713065e-01
6.519736e+00,2.083211e+01,1.323508e+01,4.586878e-02,1.023919e+00,-1.603724e+00,1.903272e+00
8.152425e+00,2.129791e+01,1.531702e+01,1.268751e+00,-6.761169e-01,1.405602e+00,2.010617e+00
1.805760e+00,2.116311e+01,1.283115e+01,4.715221e-01,-3.696387e-01,-4.157527e-01,7.292573e-01
5.696205e+00,1.896237e+01,1.638932e+01,-4.326025e-02,5.117093e-01,5.032460e-01,7.190093e-01
7.178010e+00,2.078617e+01,1.662091e+01,1.069077e+00,2.648475e-01,1.733689e+00,2.053959e+00
6.211106e+00,2.075680e+01,1.451982e+01,1.335694e+00,5.808115e-01,8.608659e-01,1.691896e+00
3.113198e+00,2.281454e+01,1.522695e+01,1.260374e+00,-6.306526e-01,1.298742e+00,1.916506e+00
9.652285e+00,1.812569e+01,1.472552e+01,1.126607e+00,3.024553e-01,-2.967164e-01,1.203646e+00
5.465294e+00,2.120358e+01,1.242497e+01,-6.963571e-01,2.247184e-01,-1.255371e+00,1.453054e+00
1.124664e+01,1.962257e+01,1.511412e+01,2.353794e-01,-1.793207e-01,-1.996300e+00,2.018111e+00
1.131489e+01,2.126795e+01,1.328251e+01,5.740511e-01,8.204627e-01,3.131810e-01,1.049179e+00
1.024943e+01,2.065469e+01,1.071496e+01,8.242535e-01,4.958836e-01,-3.125725e-01,1.011433e+00
9.214694e+00,2.178447e+01,1.190301e+01,4.205269e-01,-1.196660e-01,-2.659516e-01,5.117549e-01
1.030856e+01,2.048278e+01,1.273033e+01,-1.606580e-01,8.914554e-01,-5.505642e-01,1.060012e+00
9.222584e+00,2.295579e+01,1.130166e+01,5.944973e-01,1.699636e+00,7.638957e-01,1.955946e+00
1.498783e+01,2.182826e+01,1.201824e+01,4.782023e-01,-1.182060e+00,-1.451477e-02,1.275207e+00
1.378780e+01,2.015048e+01,1.247999e+01,1.504206e-01,9.296850e-01,3.584258e-01,1.007675e+00
1.279021e+01,1.968120e+01,1.451037e+01,-1.081605e+00,3.969357e-01,3.966713e-01,1.218514e+00
1.254571e+01,1.792113e+01,1.281020e+01,-9.948344e-01,-3.907475e-01,-1.442703e+00,1.795486e+00
1.540762e+01,2.029503e+01,1.172683e+01,-8.943194e-01,1.454601e+00,1.178340e+00,2.074647e+00
1.669237e+01,2.171559e+01,1.332563e+01,-1.539926e+00,-2.604610e-03,-9.227216e-02,1.542690e+00
1.424563e+01,2.003040e+01,1.534729e+01,1.700669e+00,-1.195642e+00,4.699010e-01,2.131347e+00
1.518909e+01,2.085722e+01,1.418582e+01,7.821488e-01,1.699800e-02,1.387242e+00,1.592635e+00
1.465676e+01,1.888430e+01,1.382944e+01,2.134808e-01,-4.359517e-01,5.919770e-01,7.655487e-01
1.400696e+01,1.902568e+01,1.266484e+01,-2.981734e-01,1.160363e+00,4.722828e-02,1.198991e+00
1.855229e+01,2.024074e+01,1.655660e+01,6.789385e-01,-8.885310e-02,-2.129564e-01,7.170794e-01
1.255936e+01,2.088638e+01,1.178441e+01,2.078121e+00,-8.557733e-01,1.258063e+00,2.575589e+00
1.570780e+01,1.833277e+01,1.536348e+01,-1.996833e-01,-5.583596e-01,1.269559e+00,1.401221e+00
1.455782e+01,2.161496e+01,1.304792e+01,-1.069187e-01,4.700801e-01,3.338447e-01,5.863950e-01
1.885210e+01,2.170862e+01,1.571237e+01,-7.757512e-02,7.312489e-01,1.078437e+00,1.305285e+00
1.728197e+01,1.979811e+01,1.576621e+01,-1.251491e+00,-2.635471e-01,4.545943e-01,1.357329e+00
1.915335e+01,1.884215e+01,1.291113e+01,-1.503136e+00,2.263239e-01,3.452602e-01,1.558796e+00
2.182330e+01,1.882890e+01,1.305447e+01,-2.370298e+00,2.829930e-01,2.667562e-01,2.401990e+00
2.036185e+01,1.964893e+01,1.254051e+01,-8.316000e-03,-1.666327e+00,9.839489e-01,1.935166e+00
1.815526e+01,1.890238e+01,1.259447e+01,-2.125850e-01,-6.403034e-01,6.380688e-01,9.286079e-01
2.203663e+01,1.790193e+01,1.354980e+01,-9.628622e-01,-8.348860e-01,7.413096e-01,1.474340e+00
2.089649e+01,1.546881e+01,1.145896e+01,-2.251797e-01,-3.457981e-01,5.110581e-01,6.568581e-01
1.969983e+01,1.947558e+01,1.350957e+01,1.509808e+00,-7.022894e-01,4.141561e-01,1.715884e+00
2.034362e+01,2.049084e+01,1.454208e+01,5.366799e-01,2.236660e-01,-7.716967e-02,5.865210e-01
5.566488e-01,2.048971e+01,1.651881e+01,-4.086681e-01,-1.559568e+00,-6.176273e-01,1.726478e+00
2.229061e+01,1.994754e+01,1.104371e+01,3.670389e-01,-3.548460e-01,-5.921524e-01,7.818425e-01
2.144244e+01,1.886291e+01,1.688433e+01,-1.578920e+00,1.480939e+00,-9.984270e-02,2.167057e+00
2.203842e+01,2.218813e+01,1.626832e+01,9.340774e-01,-9.430737e-01,1.393028e-01,1.334651e+00
1.868772e+01,2.106859e+01,1.059014e+01,1.035554e+00,-7.863163e-02,-9.052463e-02,1.042473e+00
2.129442e+01,2.367365e+00,1.073336e+01,9.544340e-01,-9.910164e-01,1.657280e-01,1.385830e+00
2.265150e+01,1.978451e+01,1.582442e+01,3.563483e-01,-1.203675e+00,-1.006934e+00,1.609265e+00
2.322281e+01,2.317888e+01,1.402962e+01,1.912724e+00,2.401284e-01,3.704091e-01,1.963002e+00
2.238367e+01,1.964616e+01,1.230159e+01,-9.458514e-01,7.743529e-01,9.742064e-01,1.563117e+00
2.382575e+01,2.329372e+01,9.846848e+00,8.313616e-01,-1.016857e+00,-4.965943e-01,1.404196e+00
1.784684e+00,2.355278e+01,1.389916e+01,1.383878e-01,4.299818e-01,-1.415717e-01,4.733688e-01
2.299329e+01,1.545904e-01,1.218591e+01,4.627921e-01,9.038085e-01,-1.494191e+00,1.806558e+00
3.508434e+00,1.890202e+01,1.081099e+01,-8.755729e-01,-3.751925e-01,9.607948e-01,1.352969e+00
2.912483e+00,1.375453e-01,1.397087e+01,1.106557e+00,-8.961291e-03,5.004516e-01,1.214496e+00
9.357157e+00,2.290722e+01,1.257242e+01,-7.924903e-01,1.876620e+00,1.556798e+00,2.563857e+00
3.906880e+00,2.066093e+01,1.179905e+01,3.307048e-02,-8.722316e-01,6.852356e-01,1.109698e+00
7.811639e+00,2.326653e+01,1.396195e+01,-1.031757e+00,1.138286e-01,5.712684e-01,1.184832e+00
4.893392e+00,2.182438e+01,1.306308e+01,7.642524e-01,-1.094407e+00,1.203792e+00,1.797477e+00
4.555171e+00,1.986911e+01,1.466529e+01,3.399223e-01,-6.519294e-01,2.475971e-01,7.757986e-01
3.521752e+00,2.171963e+01,1.429032e+01,1.807774e+00,-4.242315e-01,1.922892e-01,1.866814e+00
9.899654e+00,2.341499e+01,1.485116e+01,8.764188e-01,4.336281e-01,3.221485e-02,9.783563e-01
5.887365e+00,2.208807e+01,1.599920e+01,-5.205579e-01,1.209450e+00,-1.447007e-02,1.316799e+00
9.157269e+00,2.166248e+01,1.500915e+01,-4.954540e-01,-9.269076e-01,5.622726e-01,1.191966e+00
6.057238e+00,2.424827e-02,1.629806e+01,-1.522161e+00,2.671684e-01,6.751237e-01,1.686459e+00
5.905021e+00,2.158530e+01,1.360285e+01,4.627249e-01,2.302362e-01,-1.188573e+00,1.296082e+00
8.413830e+00,2.112455e+01,1.221285e+01,-3.689109e-02,-1.807827e-01,-7.151067e-01,7.385262e-01
8.355254e+00,1.940824e+01,1.572528e+01,1.599064e+00,6.221311e-01,9.385088e-01,1.955723e+00
4.971985e+00,2.158985e+01,9.554184e+00,-1.288969e+00,-5.396328e-01,-2.628919e-01,1.421885e+00
1.173030e+01,1.802546e+01,1.706947e+01,-4.725782e-01,-5.158139e-01,1.084033e+00,1.290163e+00
1.116597e+01,2.248503e+01,1.426324e+01,-8.033030e-01,-4.029691e-01,-1.844956e-01,9.174521e-01
1.252576e+01,2.378454e+01,1.337113e+01,4.730415e-01,5.354674e-01,-6.057493e-02,7.170516e-01
1.226189e+01,2.292467e+01,1.414290e+01,-8.114744e-01,-8.330378e-01,1.442544e-01,1.171858e+00
1.167816e+01,2.381190e+01,1.432881e+01,-1.181195e+00,-1.851426e+00,2.093927e-01,2.206093e+00
1.319326e+01,1.286742e+00,1.119913e+01,2.010860e+00,-2.585868e-01,-2.923164e-02,2.027629e+00
1.273969e+01,2.134439e+01,1.704632e+01,-5.766173e-01,-9.562788e-01,-1.386981e+00,1.780639e+00
1.220663e+01,2.063515e+01,1.399687e+01,3.606632e-01,8.052900e-02,-3.063842e-01,4.800356e-01
1.559128e+01,2.136151e+01,1.330238e+01,-2.895782e-01,-2.860317e+00,-6.998674e-01,2.958899e+00
1.448094e+01,2.291447e+01,1.388417e+01,-3.439577e-01,6.161327e-02,1.015447e+00,1.073888e+00
1.487499e+01,1.972699e+01,1.434172e+01,4.466408e-01,2.056009e+00,-7.015656e-01,2.217849e+00
1.204950e+01,2.196560e+01,1.649883e+01,1.754090e+00,4.189763e-01,1.231257e+00,2.183659e+00
2.114265e+01,2.267582e-01,1.614459e+01,1.807071e-01,-2.370483e-01,-7.303546e-01,7.888377e-01
1.723841e+01,2.346742e+01,1.321719e+01,2.345381e+00,-1.432319e+00,1.268707e+00,3.026874e+00
1.423557e+01,2.069853e+01,1.350780e+01,-9.382284e-01,4.128347e-01,-2.005399e-01,1.044472e+00
1.352019e+01,2.043951e+00,1.298871e+01,1.009970e+00,1.011651e+00,-1.582881e+00,2.132836e+00
1.729865e+01,2.201908e+01,1.502675e+01,-5.808583e-01,-7.238669e-01,8.382289e-01,1.250603e+00
1.867487e+01,2.256007e+01,1.347318e+01,-1.311360e-01,-1.497807e+00,3.331577e-01,1.540005e+00
1.641055e+01,2.292602e+01,1.664749e+01,5.662537e-03,1.640536e+00,-3.429089e-01,1.676001e+00
1.788105e+01,2.124146e+01,1.234259e+01,-1.383270e+00,3.960740e-01,5.770713e-01,1.550265e+00
1.947488e+01,2.360949e+01,1.349774e+01,4.120798e-02,1.874508e+00,-1.177599e-01,1.878656e+00
2.022134e+01,1.247223e+00,1.244971e+01,-6.627253e-01,-1.761691e+00,5.435474e-01,1.959133e+00
1.929687e+01,1.983291e-01,1.271306e+01,-1.925186e+00,5.050967e-01,-1.371352e-01,1.995061e+00
1.941111e+01,2.162148e+01,1.096800e+01,-8.468083e-01,1.437377e+00,-6.984217e-01,1.808572e+00
2.212478e+01,2.200048e+01,1.373234e+01,-8.537480e-01,-6.696064e-01,2.441746e-01,1.112151e+00
2.917216e-01,2.266397e+01,1.358468e+01,-8.086259e-01,1.178582e+00,9.526701e-01,1.717705e+00
2.311710e+01,2.204134e+01,1.363703e+01,-5.644522e-01,-6.040980e-01,-7.303504e-01,1.103156e+00
2.065986e+01,2.316312e+01,1.657050e+01,-5.237111e-01,-6.031447e-01,7.071235e-02,8.019084e-01
2.171509e+01,2.391149e+01,1.353815e+01,-2.064086e-01,5.197584e-01,-1.557664e+00,1.655013e+00
2.268544e+01,2.228548e+01,1.469819e+01,1.362956e+00,-4.490276e-02,-4.026604e-01,1.421901e+00
2.235829e+01,2.201559e+01,1.260246e+01,2.958756e-01,-9.824041e-01,-1.082430e+00,1.491414e+00
1.294676e+00,2.230408e+01,1.754378e+01,-5.722403e-01,-1.574035e+00,-6.148160e-01,1.784108e+00
2.218234e+01,7.359345e-01,1.279398e+01,4.260586e-01,2.184814e+00,1.012724e+00,2.445516e+00
2.330771e+01,2.965751e+00,2.122342e+01,-3.224333e-02,8.878005e-02,6.757461e-01,6.823154e-01
3.820654e+00,2.134870e+01,1.823313e+01,3.423690e-01,6.168889e-01,-9.820918e-02,7.123296e-01
2.379067e+01,1.830370e+00,1.945492e+01,-8.363009e-01,1.873330e+00,-9.905074e-01,2.278128e+00
1.415620e+00,2.286136e+01,1.581238e+01,-1.180334e+00,6.902241e-01,5.773460e-01,1.484226e+00
4.167515e+00,2.255284e+01,1.353587e+01,-4.014162e-02,-4.086001e-02,-1.655973e+00,1.656963e+00
3.147561e+00,2.265861e+01,1.625140e+01,-7.613123e-01,2.688464e-01,-1.615465e+00,1.805990e+00
1.268531e+00,2.067779e+01,1.507360e+01,7.489574e-01,9.668631e-01,-4.729239e-01,1.311266e+00
5.031943e+00,2.007547e+01,1.662854e+01,-3.492947e-02,-1.205378e+00,1.634774e-01,1.216915e+00
7.357697e-01,2.193120e+01,1.526382e+01,-1.001984e+00,3.910271e-01,6.584556e-01,1.261125e+00
3.633396e+00,1.728510e+00,2.175170e+01,7.672528e-01,4.338722e-01,1.900191e-01,9.016813e-01
7.182480e-01,2.315198e+01,1.498226e+01,-1.049016e+00,9.265792e-01,6.469620e-01,1.541928e+00
1.887188e-01,2.261849e+01,1.778084e+01,-5.300859e-01,-8.500821e-01,8.308700e-01,1.301528e+00
4.838461e+00,2.179302e+01,1.418151e+01,-6.693013e-01,2.023477e+00,6.176100e-02,2.132190e+00
5.253738e+00,2.198335e+01,1.676570e+01,-1.128998e+00,9.331776e-01,1.033789e+00,1.792813e+00
5.883999e+00,2.360113e+01,1.493375e+01,-2.809743e-01,-1.120855e+00,-5.459758e-01,1.278027e+00
7.690687e+00,2.364116e+01,1.263327e+01,-4.647141e-01,1.356257e+00,-4.397263e-01,1.499584e+00
1.012987e+01,2.229798e+00,1.477678e+01,5.373182e-01,-5.310684e-01,-8.350830e-01,1.126103e+00
8.834852e+00,5.232787e-01,1.381388e+01,-3.136784e-01,-6.815360e-01,-4.667449e-01,8.835928e-01
5.271663e+00,1.754065e+00,1.346519e+01,-2.939971e-01,5.334170e-01,-6.360492e-01,8.806399e-01
1.254011e+01,2.379501e+01,1.630430e+01,2.571798e-01,-7.935972e-02,-3.839774e-01,4.689116e-01
9.633689e+00,2.361324e+01,1.343175e+01,4.779770e-01,8.130938e-01,-1.433341e+00,1.715823e+00
9.507583e+00,2.295909e+01,1.866402e+01,4.947745e-01,-1.021475e+00,1.051858e+00,1.547456e+00
6.864001e+00,2.265376e+01,1.601957e+01,1.604568e+00,-4.328678e-01,-8.397743e-01,1.862051e+00
1.161399e+01,2.311916e+01,1.346400e+01,5.736198e-01,-5.790833e-01,4.631620e-02,8.164082e-01
1.244760e+01,1.018631e+00,1.922573e+01,-4.204565e-01,1.391463e-01,7.767839e-01,8.941692e-01
1.030056e+01,2.332328e+01,1.649499e+01,9.688519e-01,3.987689e-01,1.095575e+00,1.515907e+00
1.158584e+01,2.385139e+01,1.750247e+01,9.813149e-01,-1.243922e-01,6.081689e-02,9.910354e-01
8.569801e+00,2.257390e+01,1.499424e+01,3.047499e-01,-7.426820e-01,-2.562229e-01,8.426738e-01
1.269067e+01,2.267185e+00,1.763934e+01,3.434828e-01,1.714251e+00,5.538840e-02,1.749201e+00
1.468144e+01,6.675657e-02,1.535174e+01,-1.247235e+00,-5.530894e-01,1.294468e-01,1.370496e+00
1.198722e+01,1.547511e+00,1.831779e+01,1.091358e+00,-4.139701e-01,1.582176e-01,1.177908e+00
1.600358e+01,2.308111e+01,1.782371e+01,2.035844e+00,-7.212934e-03,-1.057236e+00,2.294006e+00
1.582244e+01,2.355213e+01,1.286494e+01,1.142252e+00,1.354826e+00,5.986285e-01,1.870467e+00
1.655699e+01,6.083667e-01,1.482549e+01,8.485659e-02,4.257118e-01,-1.161219e+00,1.239702e+00
1.615994e+01,1.236870e+00,1.561617e+01,4.121800e-01,4.952194e-01,1.492998e-01,6.613812e-01
1.738284e+01,8.052089e-01,1.297336e+01,-1.510766e+00,-1.302907e-01,1.332153e+00,2.018421e+00
1.489850e+01,2.385070e+01,1.325735e+01,-6.444795e-02,-9.648389e-02,-3.029819e-01,3.244390e-01
1.812861e+01,5.583579e-01,1.680968e+01,6.866381e-02,-1.252411e+00,1.319737e-01,1.261216e+00
1.629238e+01,1.076901e-02,1.386398e+01,-2.491925e-01,-1.652822e+00,-4.701100e-01,1.736353e+00
1.724203e+01,2.374412e+01,1.528634e+01,1.597317e+00,1.766340e-01,-7.958889e-01,1.793337e+00
1.917630e+01,2.277729e+01,1.735147e+01,-8.365426e-01,1.260946e-01,-9.288645e-01,1.256381e+00
2.102335e+01,2.218889e+01,1.667933e+01,1.414118e+00,-1.703837e+00,7.290416e-01,2.331157e+00
1.612710e+01,1.994016e+01,1.460114e+01,1.500251e+00,-2.752197e-01,-5.462671e-01,1.620156e+00
2.003487e+01,2.273065e+01,1.566586e+01,1.681205e+00,-2.904509e-01,7.290836e-01,1.855364e+00
2.040615e+01,1.779831e+00,1.517416e+01,-1.465689e-01,-3.094127e-01,-1.438715e+00,1.478891e+00
2.043029e+01,2.325715e+01,1.859001e+01,-4.215142e-01,5.284755e-01,-2.899125e-01,7.355337e-01
2.001419e+01,1.325893e+00,1.931726e+01,-1.133712e+00,5.033137e-01,1.344037e+00,1.828951e+00
2.335083e+01,2.283348e+01,1.629094e+01,9.607437e-01,-2.268560e-01,4.100992e-02,9.880151e-01
2.364612e+01,2.333285e+01,1.528350e+01,-1.297534e+00,-1.211083e+00,-5.869829e-01,1.869456e+00
2.240551e+01,1.482984e+00,1.734986e+01,-1.193103e+00,-1.292966e+00,-1.769054e-01,1.768205e+00
2.042614e+01,2.360126e+01,1.754559e+01,1.150535e+00,5.594716e-01,-8.824142e-01,1.554154e+00
2.331521e+01,2.224821e+01,1.547927e+01,-1.248428e+00,2.868239e-01,-3.103701e+00,3.357648e+00
2.365785e+01,2.299875e+00,1.427603e+01,1.306013e+00,9.365740e-02,8.416801e-02,1.312070e+00
2.225676e+01,5.299889e-01,1.567560e+01,2.146884e+00,-8.302862e-01,7.027184e-01,2.406720e+00
2.381176e+01,1.011766e-01,1.442385e+01,-1.398050e+00,-5.372405e-01,-2.330327e-01,1.515743e+00
2.252033e+01,3.646054e+00,2.154321e+01,3.640302e-01,1.041933e-01,-1.272577e+00,1.327715e+00
2.302606e+01,1.132723e+00,1.633359e+01,9.092357e-03,7.494946e-01,1.585671e+00,1.753903e+00
2.303644e+01,2.309180e+00,1.755873e+01,-3.290022e-01,1.112250e+00,-7.160060e-01,1.363087e+00
1.176664e+00,1.224952e+00,1.486968e+01,2.859184e-01,5.838175e-01,-4.340773e-01,7.816747e-01
3.674186e-01,2.222730e-01,1.525109e+01,-1.470003e+00,4.225706e-01,5.961021e-01,1.641588e+00
2.796282e-01,1.397166e+00,1.528737e+01,-7.002278e-01,4.713203e-01,-8.009073e-01,1.163578e+00
4.199483e+00,3.013340e+00,1.456932e+01,6.556880e-01,2.912128e-01,9.575700e-01,1.196525e+00
3.535063e+00,2.678547e+00,1.197213e+01,-7.192869e-01,4.735995e-01,-9.249562e-01,1.263809e+00
5.692953e+00,2.291204e-02,1.722750e+01,8.262919e-01,-4.164545e-03,8.629665e-01,1.194775e+00
4.111633e+00,2.149684e+01,1.720811e+01,-9.743798e-01,4.159328e-01,1.376010e+00,1.736611e+00
7.578376e+00,2.362550e+01,1.612175e+01,-3.235853e-01,-8.557095e-01,-6.902827e-01,1.146053e+00
2.774544e+00,3.551228e+00,1.954535e+01,-9.469427e-01,1.053605e+00,3.922115e-01,1.469902e+00
4.319885e-01,9.114378e-01,1.622938e+01,-1.678078e-01,5.619717e-01,7.700872e-01,9.679906e-01
4.293392e+00,1.062885e+00,1.538782e+01,1.682755e-01,-1.077111e+00,-3.141236e-01,1.134530e+00
4.752632e+00,2.565975e-01,1.597128e+01,3.730929e-01,-4.556169e-01,1.438720e+00,1.554574e+00
4.462152e+00,2.539203e+00,1.339131e+01,-5.267779e-02,6.095306e-01,-1.082948e+00,1.243816e+00
4.135648e+00,8.441196e-01,1.672000e+01,-1.154479e+00,-1.770265e-01,-4.675637e-01,1.258085e+00
8.566611e+00,3.127910e+00,1.523059e+01,1.920771e+00,1.823251e+00,1.068738e+00,2.855837e+00
7.408851e+00,1.956513e+00,1.624272e+01,-1.104643e+00,1.465418e+00,1.744383e+00,2.531908e+00
4.954652e+00,2.650612e+00,1.234305e+01,1.185202e+00,-6.497681e-01,-1.470181e-01,1.359601e+00
1.053251e+01,1.661328e+00,1.074215e+01,-4.559366e-01,-1.692713e-01,-1.190879e+00,1.286361e+00
8.945939e+00,1.983982e+00,1.510516e+01,-3.033062e-01,-6.199371e-01,7.495088e-01,1.018862e+00
1.005504e+01,1.187294e+00,1.738660e+01,2.794662e+00,4.418627e-02,6.962088e-01,2.880415e+00
9.147234e+00,1.885020e-01,1.496683e+01,-3.971806e-01,-5.433576e-02,-3.715416e-01,5.465784e-01
1.232500e+01,1.725287e+00,1.444783e+01,-8.148582e-01,-5.046737e-01,-4.162168e-01,1.044953e+00
8.634392e+00,2.353687e+01,1.322103e+01,-6.813070e-01,-1.168566e+00,-1.037595e+00,1.704796e+00
1.069365e+01,2.362004e+01,1.567095e+01,2.083361e-01,4.244621e-02,-1.277316e-01,2.480342e-01
1.026253e+01,3.190691e+00,1.526147e+01,-6.108349e-01,-1.802871e+00,1.502893e+00,2.425315e+00
1.276406e+01,2.567525e+00,1.655959e+01,3.416710e-01,-4.202957e-01,4.857697e-01,7.275712e-01
1.139008e+01,2.801030e+00,1.136724e+01,5.970696e-01,7.943973e-01,1.477547e-01,1.004684e+00
1.512599e+01,4.610654e+00,1.645125e+01,1.284368e+00,6.550168e-01,6.851768e-01,1.596282e+00
1.306890e+01,3.832240e+00,1.512502e+01,-4.029715e-01,6.292021e-02,1.366540e+00,1.426105e+00
1.468113e+01,9.347477e-01,1.461446e+01,2.109219e-01,-7.909620e-02,1.558613e+00,1.574807e+00
1.426669e+01,7.533482e-02,1.408809e+01,5.655908e-01,-1.307034e+00,1.199219e-01,1.429200e+00
1.388066e+01,3.955945e+00,1.570974e+01,3.467284e-01,9.685133e-01,1.015348e+00,1.445396e+00
9.697195e+00,2.323677e+00,1.578923e+01,1.265544e-01,-5.928429e-01,-5.165670e-01,7.964422e-01
1.402900e+01,2.346624e+01,1.619351e+01,-6.761456e-01,3.565019e-01,5.193397e-01,9.241105e-01
1.834746e+01,1.246533e+00,1.569127e+01,-3.575352e-01,1.298924e+00,1.260274e+00,1.844811e+00
1.583888e+01,2.722978e+00,1.518150e+01,-1.184109e+00,9.191551e-02,1.089729e+00,1.611853e+00
1.683874e+01,4.390392e+00,1.491878e+01,-1.529923e+00,6.074794e-01,-3.760124e-01,1.688515e+00
1.742880e+01,2.294250e+01,1.612598e+01,-3.875614e-02,1.317055e+00,-3.223268e-01,1.356477e+00
2.298630e+01,4.817968e+00,1.049106e+01,1.435268e+00,-4.163794e-01,-1.817472e+00,2.352992e+00
1.781995e+01,5.313736e+00,1.635849e+01,3.355216e-01,-3.876706e-01,-4.984301e-01,7.150495e-01
1.859155e+01,2.972808e+00,1.708357e+01,5.249881e-01,5.139503e-01,-8.914176e-01,1.155155e+00
1.987373e+01,8.270032e-01,1.556791e+01,1.265088e+00,-4.301108e-01,4.517830e-01,1.410515e+00
1.829889e+01,2.234439e+00,1.527765e+01,6.273938e-02,-1.218811e+00,2.021417e+00,2.361263e+00
2.017631e+01,6.411365e-01,1.722924e+01,-7.677079e-01,-9.162851e-01,-1.101946e-01,1.200457e+00
2.012754e+01,3.985898e+00,1.699323e+01,3.683565e-01,7.370410e-01,5.830264e-01,1.009374e+00
1.974173e+01,4.220024e+00,1.868679e+01,3.798253e-01,-6.254928e-01,5.749634e-01,9.306403e-01
2.390097e+01,6.429529e+00,2.016232e+01,-4.244041e-01,7.300647e-01,2.216380e-01,8.730617e-01
2.263121e+01,1.970601e+00,1.956219e+01,6.183638e-01,-1.152295e+00,-2.555450e-01,1.332464e+00
2.220851e+01,2.364252e+01,1.643485e+01,1.336091e+00,-6.826863e-01,9.927880e-01,1.799119e+00
2.185879e+01,4.934885e+00,1.941889e+01,-5.132335e-01,4.169431e-01,-5.490524e-01,8.594816e-01
2.336246e+01,3.943761e+00,1.950522e+01,1.921037e+00,8.675945e-01,6.702713e-01,2.211870e+00
2.191753e+01,1.482848e+00,1.629905e+01,-9.757182e-01,-4.154571e-01,1.248642e+00,1.638211e+00
2.287913e+01,4.734648e+00,1.644937e+01,2.723452e-01,1.067266e+00,-1.120239e+00,1.571039e+00
2.337272e+01,2.457098e+00,1.620214e+01,1.659920e+00,1.354452e+00,1.325042e+00,2.519049e+00
2.318576e+01,3.584847e+00,1.656242e+01,1.052344e-01,8.476407e-01,2.015774e-01,8.776118e-01
8.817406e-01,4.321339e+00,1.716763e+01,-9.124948e-02,-1.402630e+00,-5.558855e-01,1.511525e+00
2.050572e+00,3.014564e+00,1.653417e+01,-4.144769e-01,1.209367e+00,5.605798e-01,1.395926e+00
1.520752e+00,3.604234e+00,1.333575e+01,5.514862e-01,-2.156809e-01,7.170419e-01,9.299486e-01
1.973698e+00,3.697835e+00,1.560289e+01,-3.871816e-01,1.982456e-01,-5.424324e-01,6.953012e-01
1.352134e+00,2.082767e-01,1.462764e+01,7.175277e-02,1.048126e+00,-2.832775e-01,1.088100e+00
2.653649e+00,4.486357e+00,1.510302e+01,6.068775e-01,6.052349e-01,6.005934e-01,1.046576e+00
2.541976e+00,2.975690e+00,1.292525e+01,1.485060e+00,9.912851e-01,-1.657603e+00,2.436328e+00
1.963352e+00,4.502867e+00,1.319158e+01,2.000816e-01,8.709577e-02,-6.246629e-01,6.616812e-01
1.326306e+00,2.001779e+00,1.338680e+01,-5.137446e-01,-3.137721e-01,1.355500e+00,1.483161e+00
4.718511e+00,4.926961e+00,1.320943e+01,4.647612e-01,-4.999338e-01,7.289572e-01,9.986568e-01
5.042455e+00,1.782246e+00,1.541939e+01,1.564343e+00,-6.587072e-01,-1.365738e-01,1.702856e+00
5.697637e+00,4.649846e+00,1.275651e+01,-3.594692e-01,7.381273e-01,-5.100840e-01,9.665587e-01
4.120586e+00,5.776839e+00,1.590789e+01,-1.577511e-01,2.242054e+00,4.436125e-01,2.290957e+00
4.985705e+00,4.274957e+00,1.692908e+01,2.977103e-02,-2.618805e-01,-7.672964e-01,8.113023e-01
5.151294e+00,3.503399e+00,1.608412e+01,7.705281e-01,8.157807e-01,-8.754897e-01,1.423269e+00
9.562306e+00,7.101140e+00,1.492244e+01,4.126641e-01,7.959720e-02,5.103748e-01,6.611428e-01
6.020185e+00,6.297480e+00,1.420205e+01,-5.311268e-01,-5.950613e-01,-1.009578e+00,1.286639e+00
5.951669e+00,7.437822e+00,1.350139e+01,6.910556e-01,-4.045934e-01,-1.892383e+00,2.054840e+00
1.083605e+01,9.622200e-01,1.418999e+01,1.080524e+00,1.081799e+00,-2.201263e-01,1.544758e+00
8.068023e+00,6.568283e+00,1.531065e+01,-6.347897e-01,1.492766e+00,-6.941506e-01,1.764413e+00
1.169839e+01,1.396650e+00,1.573541e+01,-7.264573e-01,5.427693e-01,-2.079830e+00,2.268928e+00
7.799394e+00,7.258887e+00,1.331028e+01,8.515781e-01,2.447997e-01,-2.418073e-02,8.863954e-01
1.093230e+01,4.048040e+00,1.450916e+01,1.445568e-02,-4.134868e-02,-1.179126e+00,1.179939e+00
1.102616e+01,5.979748e+00,1.498495e+01,-6.669482e-02,4.301703e-01,1.137808e-01,4.499342e-01
8.892524e+00,3.698356e+00,1.435607e+01,3.114504e-01,-1.356097e+00,-8.501711e-01,1.630580e+00
1.034737e+01,2.540674e+00,1.882934e+01,-7.342940e-01,5.670644e-01,4.633238e-01,1.037024e+00
1.428433e+01,5.010804e+00,1.603065e+01,1.347279e+00,1.045455e-01,-3.952189e-01,1.407938e+00
1.035221e+01,4.801001e+00,1.552064e+01,6.383025e-01,-1.781820e+00,-9.933295e-03,1.892726e+00
1.063421e+01,1.312648e+00,1.521672e+01,-5.124433e-02,5.693087e-01,-9.499569e-01,1.108673e+00
1.224160e+01,5.337758e+00,1.597589e+01,-8.517460e-01,-1.459090e+00,1.005834e-04,1.689501e+00
1.269940e+01,5.273467e+00,1.266704e+01,-5.657154e-01,1.454414e+00,4.475739e-01,1.623477e+00
1.795746e+01,4.252674e+00,1.483731e+01,1.652113e+00,-1.010598e-01,-1.910835e+00,2.528039e+00
9.984014e+00,3.307243e+00,1.415708e+01,-5.093161e-01,8.642785e-01,-3.938816e-01,1.077740e+00
1.527795e+01,3.032206e+00,1.359266e+01,6.149196e-01,-5.574208e-01,-1.416297e+00,1.641567e+00
1.577472e+01,3.587157e+00,1.437285e+01,-1.726223e-01,-4.046267e-02,1.420895e-01,2.272116e-01
1.595567e+01,5.614734e+00,1.423739e+01,2.839010e-02,-2.708683e-01,6.777514e-01,7.304263e-01
1.858316e+01,3.285691e+00,1.451302e+01,5.175571e-01,1.730821e+00,-5.912348e-01,1.900833e+00
1.575308e+01,4.910644e+00,1.788913e+01,-1.651258e+00,-1.487064e+00,-3.237100e-01,2.245619e+00
1.579951e+01,4.741541e+00,1.475642e+01,-2.878542e-01,-4.105644e-01,-6.622408e-01,8.306540e-01
1.908184e+01,3.614062e+00,1.648854e+01,-1.229669e-01,1.059174e+00,-2.939830e-01,1.106073e+00
1.917173e+01,2.355277e+00,1.598674e+01,7.645504e-02,-9.217136e-01,1.295997e+00,1.592171e+00
1.510325e+01,6.491946e+00,1.938805e+01,-1.995967e+00,9.138309e-01,-1.602155e-01,2.201054e+00
2.140374e+01,2.018244e+00,1.776996e+01,-1.635264e-01,5.529632e-02,9.193480e-01,9.354140e-01
2.120260e+01,4.380385e+00,1.705222e+01,-1.801657e-01,3.268336e-01,-3.125808e-01,4.868127e-01
2.147179e+01,2.329560e+01,1.711433e+01,1.430788e+00,-4.150060e-01,2.597716e-01,1.512238e+00
1.818037e+01,4.893373e+00,1.400198e+01,-7.643914e-01,-5.139467e-01,2.394880e-01,9.517300e-01
1.952624e+01,5.604771e+00,1.590388e+01,-1.755796e-01,4.814771e-01,-1.204988e+00,1.309444e+00
1.903471e+01,5.543147e+00,1.801473e+01,9.849021e-01,-1.215209e-01,-9.219191e-01,1.354524e+00
2.057077e+01,4.452808e+00,2.020586e+01,8.010293e-01,1.300085e+00,8.079273e-01,1.727604e+00
1.904096e+01,5.609130e+00,1.691069e+01,8.592862e-01,-4.554517e-01,-1.115314e+00,1.479775e+00
2.267012e+01,5.290643e+00,1.560224e+01,-2.096070e-01,3.620154e-01,1.436407e+00,1.496080e+00
3.037002e+00,3.898428e+00,1.337987e+01,2.855145e-01,-3.464644e-02,-9.834685e-01,1.024661e+00
2.339214e+01,3.133339e+00,1.828119e+01,-6.303120e-01,3.406053e-01,5.864312e-01,9.258546e-01
2.037295e+00,4.657378e+00,1.670528e+01,-2.888522e-01,5.688790e-01,2.612624e-01,6.894323e-01
2.274920e+01,4.116764e+00,1.458048e+01,-1.340768e+00,-1.369322e+00,-1.455760e-01,1.921951e+00
3.497006e+00,8.399168e+00,1.464638e+01,1.050932e+00,-1.024127e-01,-9.186883e-01,1.399619e+00
2.374306e+01,7.104673e+00,1.634069e+01,1.440315e+00,2.692570e-01,-3.610924e-01,1.509104e+00
2.202585e+00,5.379778e+00,1.477973e+01,1.195860e-01,-1.573927e+00,-7.981614e-01,1.768787e+00
8.213361e-01,3.813132e+00,1.974426e+01,-2.611855e-01,-6.885986e-01,2.088172e+00,2.214238e+00
1.737109e+00,4.688221e+00,1.774650e+01,4.680708e-01,1.847112e-01,6.747185e-01,8.416969e-01
4.009695e+00,3.276009e+00,1.271435e+01,-2.703641e-01,6.329553e-01,-1.333583e+00,1.500724e+00
1.795913e+00,8.174898e+00,1.460624e+01,1.192309e+00,-6.699000e-01,6.895633e-01,1.531621e+00
5.017469e+00,2.975907e+00,1.071606e+01,1.911657e+00,-1.647320e+00,-1.666244e+00,3.023982e+00
6.817549e+00,2.492106e+00,1.446973e+01,1.432106e-01,-1.088431e+00,-1.502033e+00,1.860456e+00
6.790588e+00,2.810628e+00,1.545300e+01,-3.557295e-01,9.043532e-01,2.494203e+00,2.676835e+00
5.529421e+00,7.667837e+00,1.688301e+01,2.108759e-02,-7.242850e-01,-1.435311e-01,7.386708e-01
6.282777e+00,5.173443e+00,1.570484e+01,-6.595889e-01,-4.082278e-01,-5.551476e-01,9.538848e-01
5.872158e+00,4.650062e+00,1.656801e+01,2.031325e+00,-1.397719e+00,-1.149361e-01,2.468423e+00
8.987526e+00,2.329023e+01,1.432577e+01,4.738954e-01,5.465954e-01,-1.336828e+00,1.520017e+00
4.827852e+00,5.283487e+00,1.649739e+01,-2.396386e+00,1.124066e-01,-8.730940e-02,2.400609e+00
4.268311e+00,4.706281e+00,1.584058e+01,3.698585e-01,-8.601199e-01,8.382343e-01,1.256677e+00
3.287608e+00,6.489389e+00,1.567691e+01,1.209426e+00,2.277596e-02,-4.106183e-01,1.277434e+00
1.016161e+01,9.729441e+00,1.769949e+01,-9.333712e-03,9.185124e-02,-5.907501e-01,5.979210e-01
6.026248e+00,2.862309e+00,1.146181e+01,4.499578e-01,5.780414e-01,1.205990e+00,1.411030e+00
8.644234e+00,8.344768e+00,1.626327e+01,6.746753e-01,8.872852e-01,5.184392e-01,1.229325e+00
8.511036e+00,6.782610e+00,1.435960e+01,-4.676214e-01,-1.589922e-01,-3.460846e-01,6.030944e-01
6.752300e+00,5.429653e+00,1.364892e+01,-5.511122e-01,-1.558013e-01,-2.403716e-01,6.211096e-01
5.403919e+00,7.037888e+00,1.466059e+01,1.960718e+00,-6.505224e-01,1.093044e+00,2.337165e+00
1.095683e+01,4.256477e+00,1.765721e+01,8.293253e-01,-7.258640e-01,2.050522e-01,1.121029e+00
9.996876e+00,8.235134e+00,1.405326e+01,-1.235317e+00,-8.873053e-01,-7.795832e-01,1.709113e+00
1.153596e+01,5.000744e+00,1.520792e+01,-1.458179e-02,-6.790994e-01,1.214187e+00,1.391272e+00
9.599920e+00,6.786813e+00,1.744709e+01,1.709820e+00,-1.031815e+00,-1.360654e+00,2.416507e+00
1.145776e+01,9.742454e+00,1.377841e+01,-8.793875e-03,1.740729e+00,5.659751e-01,1.830449e+00
1.233162e+01,1.126159e+01,1.741198e+01,-4.072383e-01,4.041618e-01,7.093558e-01,9.123461e-01
1.025605e+01,3.587882e+00,1.986905e+01,-6.421882e-01,-3.729514e-01,1.320724e+00,1.515193e+00
1.161477e+01,6.049116e+00,1.826660e+01,5.328670e-01,2.372462e-01,-5.813287e-01,8.235145e-01
1.611567e+01,7.258849e+00,1.610385e+01,6.785640e-01,-9.095763e-02,4.094020e-01,7.977044e-01
1.219129e+01,7.020177e+00,1.696516e+01,-9.326660e-04,5.469573e-01,-3.011546e-01,6.243855e-01
1.436184e+01,3.986359e+00,1.690243e+01,2.291714e-01,1.173576e-01,8.538621e-01,8.918368e-01
1.117421e+01,7.548689e+00,1.588070e+01,-3.202899e-01,-9.065684e-01,1.196603e-01,9.689017e-01
1.919232e+01,5.201338e+00,1.327398e+01,3.828072e-01,-1.224140e+00,4.135291e-01,1.347615e+00
1.723645e+01,7.533730e+00,1.533290e+01,-8.782322e-01,6.701345e-01,2.208684e+00,2.469546e+00
1.588563e+01,5.240768e+00,1.681626e+01,-8.752866e-03,8.112748e-02,9.788226e-02,1.274332e-01
1.470469e+01,8.594696e+00,1.850613e+01,-2.859714e-04,9.140259e-01,-1.908435e-01,9.337369e-01
1.638319e+01,5.520845e+00,1.517717e+01,1.582333e+00,9.240409e-01,2.079119e+00,2.771347e+00
1.386201e+01,5.796317e+00,1.811934e+01,-1.252317e-01,5.815960e-02,-6.062558e-01,6.217810e-01
1.584774e+01,5.923612e+00,1.848829e+01,-3.342335e-01,1.100735e+00,-1.195822e-01,1.156559e+00
1.547297e+01,1.032886e+01,1.853310e+01,9.529156e-01,2.024883e-01,1.057571e+00,1.437882e+00
1.533906e+01,7.968137e+00,2.039332e+01,-4.159188e-01,-2.378886e+00,4.413309e-01,2.454966e+00
1.748809e+01,5.111136e+00,1.861163e+01,1.498651e+00,2.668712e-02,4.025680e-01,1.552007e+00
1.885704e+01,5.675343e+00,2.028862e+01,-3.015561e-01,-5.279465e-01,-1.267335e-01,6.210676e-01
1.614057e+01,7.416309e+00,1.723778e+01,1.030509e+00,1.377200e+00,9.234201e-01,1.952264e+00
1.996339e+01,5.099809e+00,1.827969e+01,-6.303380e-01,7.326332e-01,-4.381023e-01,1.061137e+00
2.220755e+01,4.735433e+00,1.723288e+01,-1.043736e+00,4.080648e-01,1.457240e+00,1.838328e+00
2.178231e+01,3.826089e+00,1.619301e+01,-1.609168e+00,1.005622e+00,-1.171702e+00,2.230153e+00
1.856092e+01,5.922615e+00,1.586452e+01,1.007600e-01,4.515045e-01,-2.816487e-02,4.634676e-01
2.277037e+01,3.540736e+00,1.749866e+01,8.824321e-02,-1.100071e+00,5.831244e-01,1.248190e+00
2.143675e+01,4.477271e+00,1.816627e+01,-1.734551e-01,-6.173243e-01,9.494005e-02,6.482203e-01
7.514949e-01,5.801564e+00,1.606302e+01,5.230497e-01,2.243681e-02,-7.909230e-01,9.484954e-01
3.358471e-01,8.088743e+00,1.700834e+01,-5.344907e-01,3.977230e-01,-1.019126e+00,1.217572e+00
9.524912e-01,7.453319e+00,1.652566e+01,-8.228823e-01,6.132905e-03,1.613684e+00,1.811394e+00
2.393750e+01,8.876594e+00,1.642447e+01,-6.899229e-02,4.428698e-01,1.626192e+00,1.686829e+00
2.296714e+01,6.560035e+00,1.981010e+01,1.942933e+00,-3.790794e-01,-3.157973e-01,2.004599e+00
1.196965e+00,7.051392e+00,1.849629e+01,-5.345710e-01,6.469034e-01,4.656514e-01,9.597299e-01
2.316611e+00,6.805067e+00,1.843863e+01,-1.474282e+00,2.458581e-01,1.214390e-01,1.499567e+00
3.398287e+00,5.158954e+00,1.532758e+01,1.077309e+00,1.032706e+00,-1.224755e+00,1.930570e+00
1.214197e+00,6.461073e+00,1.504120e+01,1.035377e+00,-8.759667e-01,1.462721e+00,1.994712e+00
2.286648e+00,6.741497e+00,1.512536e+01,-1.729752e+00,-4.271139e-02,1.068883e-01,1.733578e+00
2.248191e+00,6.265511e+00,1.421088e+01,6.563290e-01,-4.390273e-02,-5.869028e-01,8.815612e-01
3.555579e+00,5.571819e+00,1.682700e+01,-1.241364e-01,5.830113e-01,-2.893892e-01,6.626146e-01
6.945334e+00,8.557137e+00,1.660239e+01,-5.316691e-01,-7.961076e-02,-1.767969e+00,1.847897e+00
4.731295e+00,8.459169e+00,1.615983e+01,1.144432e-01,9.011913e-01,1.514121e+00,1.765731e+00
3.103280e+00,6.766146e+00,1.352735e+01,-1.305451e+00,1.381333e+00,-1.512819e+00,2.429178e+00
5.334988e+00,6.738906e+00,1.654449e+01,-3.113144e-01,-1.586627e+00,1.088451e+00,1.949110e+00
6.643354e+00,7.861843e+00,1.757650e+01,2.156945e-01,-1.057863e+00,-1.912893e+00,2.196533e+00
8.862256e+00,9.267557e+00,1.742147e+01,-1.154042e+00,3.146013e-02,-5.115600e-01,1.262734e+00
5.251671e+00,7.303742e+00,1.565615e+01,5.681548e-01,-1.299698e-01,-1.284845e+00,1.410857e+00
7.734374e+00,8.907050e+00,1.260581e+01,-7.808676e-01,3.885828e-01,-9.345875e-02,8.772032e-01
1.030600e+01,7.663614e+00,1.771845e+01,4.477982e-01,4.901340e-01,-3.325523e-01,7.425265e-01
5.819401e+00,1.044112e+01,1.746710e+01,4.533762e-01,-3.729399e-02,2.135678e-02,4.554085e-01
7.703741e+00,6.039039e+00,1.361456e+01,1.131278e-02,9.078148e-02,-6.273898e-01,6.340246e-01
1.057641e+01,1.211666e+01,1.735941e+01,1.488457e+00,4.688755e-01,8.885703e-01,1.795802e+00
9.492154e+00,8.319785e+00,1.697712e+01,-4.792584e-01,9.488612e-01,-1.368013e+00,1.732480e+00
9.239486e+00,9.616159e+00,1.843571e+01,8.042724e-01,-8.324540e-01,-9.322569e-01,1.486249e+00
9.148806e+00,7.688357e+00,1.792572e+01,-1.140950e+00,1.112141e+00,2.821472e+00,3.240266e+00
1.247631e+01,8.381758e+00,1.666837e+01,-1.452484e+00,-1.004674e+00,7.389129e-01,1.914437e+00
9.692864e+00,5.727079e+00,1.574293e+01,2.748206e-02,1.544226e-01,1.536610e+00,1.544594e+00
9.486666e+00,4.454646e+00,1.399218e+01,-4.917380e-01,-1.997725e-01,-2.887706e-01,6.042381e-01
8.456828e+00,4.663704e+00,1.437674e+01,1.944690e-01,-1.106936e+00,-4.545557e-01,1.212331e+00
8.747802e+00,5.826807e+00,1.489093e+01,1.779840e+00,-3.678850e-01,7.178386e-02,1.818880e+00
1.350627e+01,8.964896e+00,1.550620e+01,-6.071371e-01,1.201953e+00,3.582193e-01,1.393423e+00
1.170858e+01,1.036882e+01,1.472142e+01,7.873478e-01,1.097793e+00,8.892211e-01,1.617337e+00
1.208506e+01,5.439526e+00,1.436810e+01,-6.440266e-01,-3.102739e-01,2.050116e-01,7.436867e-01
1.423210e+01,1.118686e+01,1.717490e+01,3.823834e-01,4.711476e-01,-1.189008e+00,1.334893e+00
1.456906e+01,4.827656e+00,1.999118e+01,4.116272e-01,-4.676567e-01,-2.857869e-01,6.854297e-01
1.349447e+01,7.482132e+00,2.045901e+01,-7.877766e-01,-1.007909e+00,9.108537e-01,1.570391e+00
1.344327e+01,4.387077e+00,1.290448e+01,1.334933e+00,6.689571e-02,-3.006584e-01,1.370006e+00
1.625003e+01,7.498962e+00,1.513328e+01,-6.628810e-01,6.864326e-01,9.901910e-01,1.375165e+00
1.785304e+01,5.534115e+00,1.754630e+01,1.560838e+00,2.663683e-01,-4.134543e-01,1.636494e+00
1.324952e+01,9.693484e+00,1.630088e+01,-9.568470e-01,-1.431124e+00,-5.792514e-02,1.722506e+00
1.143645e+01,6.920130e+00,1.502400e+01,-1.095718e+00,-2.405189e+00,4.493077e-01,2.680934e+00
1.681518e+01,7.938713e+00,1.430028e+01,-8.737595e-01,3.085163e-01,9.259781e-01,1.309990e+00
1.414747e+01,5.407853e+00,1.906817e+01,-8.524358e-01,9.829405e-01,-1.433584e+00,1.935971e+00
1.466954e+01,9.367843e+00,1.638116e+01,-9.992367e-01,-1.075764e-01,3.055793e-03,1.005015e+00
1.756976e+01,8.655452e+00,1.739223e+01,7.111089e-01,7.236234e-01,7.474757e-01,1.260169e+00
1.833443e+01,6.241400e+00,1.485219e+01,2.400433e-01,-2.474583e-01,-8.128074e-01,8.828999e-01
2.026887e+01,6.276091e+00,1.560460e+01,4.532113e-01,4.374703e-01,1.038030e+00,1.214203e+00
1.538035e+01,6.776210e+00,1.691164e+01,2.580251e-01,-1.250315e+00,1.090548e+00,1.679035e+00
1.737194e+01,5.081299e+00,1.541006e+01,-6.033720e-01,2.321092e-01,-1.319534e-01,6.598061e-01
1.889843e+01,5.675906e+00,1.416023e+01,-3.346683e-01,-8.766979e-01,1.441943e+00,1.720407e+00
1.737026e+01,7.646931e+00,1.791704e+01,2.677968e-01,1.025027e+00,4.601001e-01,1.155027e+00
2.227609e+01,8.378299e+00,1.581884e+01,2.582255e-02,3.673599e-01,-3.411238e-01,5.019816e-01
2.342661e+01,5.943143e+00,1.645567e+01,3.153247e-01,8.044155e-01,-1.310065e-01,8.738860e-01
2.154015e+00,7.182978e+00,1.655914e+01,-1.895420e-01,7.185708e-01,-1.096946e+00,1.324976e+00
2.952763e+00,8.539794e+00,1.812509e+01,-9.705107e-01,-4.104843e-02,-3.971395e-01,1.049426e+00
1.853108e+01,6.362859e+00,1.763584e+01,-2.636647e-01,1.440337e-01,1.905934e+00,1.929469e+00
4.050905e+00,6.432531e+00,1.395705e+01,-7.864175e-01,-6.380888e-01,-1.332416e+00,1.673602e+00
3.425775e+00,7.215140e+00,1.478971e+01,-8.237171e-01,-8.539591e-01,-1.276093e-01,1.193332e+00
2.053217e+00,8.333741e+00,1.611826e+01,-2.220075e+00,-1.107269e+00,8.828588e-01,2.633290e+00
1.340688e+00,8.368505e+00,1.699871e+01,-8.072375e-02,-1.051486e+00,3.890522e-03,1.054587e+00
3.201945e+00,9.391719e+00,1.432828e+01,-7.225700e-01,-7.524903e-01,1.448975e+00,1.785462e+00
3.130748e+00,9.071186e+00,1.714376e+01,3.347809e-01,1.042101e+00,4.744000e-01,1.192941e+00
3.571729e+00,5.738243e+00,1.299057e+01,-1.372647e+00,-8.094336e-01,-1.890969e-01,1.604712e+00
2.357676e+01,1.244494e+01,1.897243e+01,8.034360e-01,1.467694e+00,1.173045e-01,1.677318e+00
3.954657e+00,7.840891e+00,1.562594e+01,5.683206e-01,6.786143e-01,1.492281e+00,1.735053e+00
1.408107e+00,6.435938e+00,1.663693e+01,-4.649745e-01,1.148828e+00,2.203328e-01,1.258791e+00
5.537263e+00,9.475839e+00,1.293552e+01,-1.189263e+00,1.771600e+00,7.121622e-01,2.249464e+00
6.797572e+00,8.952307e+00,1.319150e+01,-1.201943e+00,1.229722e+00,-1.708487e+00,2.424008e+00
6.252865e+00,8.134129e+00,1.562822e+01,1.439288e+00,2.647424e-02,6.784874e-01,1.591413e+00
4.605731e+00,8.426818e+00,1.470821e+01,9.690462e-02,6.750437e-02,-7.491154e-01,7.583674e-01
9.104993e+00,1.133373e+01,1.476788e+01,3.792066e-01,5.505554e-01,-3.410789e-01,7.504956e-01
3.982851e+00,7.584018e+00,1.835161e+01,-1.751971e+00,8.502472e-01,-3.990689e-01,1.987857e+00
6.266632e+00,1.030757e+01,1.329593e+01,1.240277e+00,-1.509441e+00,-4.944403e-01,2.015235e+00
7.394820e+00,1.021148e+01,1.510063e+01,-2.470551e+00,-1.120656e+00,1.990046e+00,3.364488e+00
5.292139e+00,1.036463e+01,1.625372e+01,7.646806e-01,-4.348411e-01,-1.992396e+00,2.177950e+00
4.939233e+00,1.240044e+01,1.893200e+01,9.012735e-01,-1.022913e+00,-3.414573e-01,1.405432e+00
5.735569e+00,1.017641e+01,1.987000e+01,-2.726660e+00,-1.959442e+00,6.841490e-01,3.426682e+00
1.261298e+01,1.231725e+01,1.665070e+01,2.011607e-02,2.596373e-01,-7.020637e-02,2.697130e-01
8.901953e+00,1.156668e+01,1.234331e+01,1.092387e-02,1.728580e+00,5.775310e-01,1.822540e+00
6.442191e+00,1.174888e+01,1.808244e+01,-8.228825e-01,-1.864645e-01,1.271313e-01,8.532684e-01
1.018860e+01,7.703220e+00,1.653170e+01,-3.533533e-01,3.222548e-01,5.551416e-01,7.327271e-01
1.433977e+01,1.028213e+01,1.892925e+01,3.507262e-02,-1.335259e-01,-5.924859e-01,6.083574e-01
1.138073e+01,1.064321e+01,1.673142e+01,-4.682217e-01,1.024513e+00,-5.468084e-01,1.252141e+00
1.067808e+01,1.057263e+01,1.512993e+01,-2.429102e-03,1.289751e-01,-4.207636e-01,4.400938e-01
1.285664e+01,7.992060e+00,1.799514e+01,5.897487e-01,-3.034934e-02,1.001068e+00,1.162266e+00
1.141265e+01,8.281675e+00,2.050501e+01,-3.764093e-01,2.600062e-01,1.639650e-01,4.859750e-01
1.215400e+01,9.479825e+00,1.701194e+01,3.893437e-01,-4.204779e-01,9.777775e-01,1.133331e+00
1.178325e+01,1.262392e+01,1.579290e+01,8.855551e-01,-6.371604e-01,5.000120e-02,1.092100e+00
1.152489e+01,8.296743e+00,1.201942e+01,7.163998e-02,4.550159e-01,-6.460828e-02,4.651301e-01
1.528914e+01,7.958749e+00,1.638673e+01,5.383746e-01,-1.863688e-01,1.422252e-01,5.872040e-01
1.425605e+01,1.027610e+01,1.670487e+01,3.916255e-01,-1.674167e-01,-4.407644e-01,6.129210e-01
1.547557e+01,9.766622e+00,1.572351e+01,-7.790560e-01,3.265516e-01,-1.107012e+00,1.392494e+00
1.615758e+01,1.239066e+01,1.507991e+01,-7.298423e-01,1.450433e+00,5.991371e-01,1.730720e+00
2.059907e+01,1.133220e+01,1.948285e+01,1.604079e-01,9.053686e-01,1.196639e+00,1.509095e+00
1.676447e+01,1.273788e+01,1.698542e+01,8.052747e-02,-1.374850e+00,2.780578e-01,1.404996e+00
1.325455e+01,1.056617e+01,1.944548e+01,-1.126512e+00,1.352547e-01,2.300980e+00,2.565508e+00
1.566134e+01,8.151917e+00,1.452057e+01,8.599572e-01,4.952634e-01,-1.860118e-01,1.009660e+00
1.765934e+01,1.188369e+01,1.657580e+01,1.059984e+00,-2.062038e+00,1.201793e-01,2.321640e+00
1.665177e+01,8.356264e+00,1.872822e+01,2.490198e-01,-1.142468e+00,1.550912e+00,1.942311e+00
1.494319e+01,1.210983e+01,1.675353e+01,8.622664e-01,-2.582532e-01,-9.824535e-01,1.332446e+00
1.696667e+01,6.679447e+00,1.647299e+01,-2.299026e-01,1.570426e+00,2.366375e-01,1.604709e+00
1.810103e+01,1.040968e+01,1.668074e+01,-5.661439e-01,-9.744791e-01,-9.079845e-01,1.447261e+00
1.870017e+01,8.550869e+00,1.748355e+01,7.054185e-01,-4.781492e-01,-4.272629e-01,9.533077e-01
1.692142e+01,9.547874e+00,1.675463e+01,-2.255964e-01,4.287366e-01,1.658981e-01,5.120849e-01
1.631541e+01,8.310945e+00,1.602243e+01,8.089108e-01,2.950620e-01,-3.247744e-02,8.616572e-01
2.147730e+01,1.017998e+01,1.773181e+01,-1.447727e+00,4.592338e-01,-1.553159e+00,2.172352e+00
1.793768e+01,6.487697e+00,1.665001e+01,-1.090727e-01,2.806684e-01,2.645319e+00,2.662402e+00
1.840830e+01,7.446681e+00,1.761818e+01,1.104414e+00,-5.655990e-01,-1.514724e+00,1.958066e+00
1.546958e-01,5.410703e+00,1.747898e+01,7.092547e-01,-1.022903e+00,-7.187181e-01,1.437334e+00
2.371209e+01,1.003765e+01,1.350186e+01,-9.748735e-02,-1.058363e-01,7.092446e-01,7.236940e-01
2.357792e+01,8.818591e+00,1.735776e+01,-9.435918e-01,4.602124e-01,1.740165e+00,2.032323e+00
1.970878e-01,1.155403e+01,1.834203e+01,1.061758e+00,-8.152967e-01,-7.091579e-01,1.514907e+00
1.673778e+00,1.069849e+01,1.250790e+01,-1.367347e+00,-5.229881e-01,3.144286e-01,1.497337e+00
3.327881e+00,7.843578e+00,1.359927e+01,-2.250047e-01,5.012471e-02,-4.970088e-01,5.478662e-01
2.038230e+00,1.086882e+01,1.820326e+01,1.651328e+00,-4.612548e-01,1.924070e+00,2.577147e+00
2.506278e+00,1.085172e+01,1.953514e+01,1.406061e+00,1.523742e+00,1.477201e-01,2.078610e+00
4.629597e+00,7.819737e+00,1.210379e+01,-8.740612e-01,1.803670e-01,-7.390579e-01,1.158759e+00
1.748394e+00,1.130966e+01,1.601917e+01,-1.948485e+00,9.013733e-01,-1.929087e+00,2.886251e+00
3.807889e+00,1.039432e+01,1.625355e+01,-4.016908e-01,-7.407463e-01,-1.218416e+00,1.481417e+00
1.928342e+00,1.252490e+01,1.594363e+01,8.187684e-01,6.500621e-01,-2.016888e+00,2.271740e+00
5.208343e+00,1.139053e+01,1.689042e+01,4.365916e-02,-1.125655e+00,-5.989662e-01,1.275839e+00
1.910454e+00,1.261292e+01,1.483059e+01,6.437393e-01,-6.320293e-02,1.329241e+00,1.478268e+00
2.670528e+00,1.074237e+01,1.560084e+01,1.782793e-01,-6.455963e-01,-1.920511e+00,2.033947e+00
3.729550e+00,1.239638e+01,1.839988e+01,4.435263e-01,1.020066e-01,6.197649e-01,7.689145e-01
2.391448e+01,8.594095e+00,1.427552e+01,-3.145693e-01,7.887130e-01,-1.438647e+00,1.670547e+00
7.428793e+00,1.166085e+01,1.474518e+01,-9.731958e-01,8.455864e-01,1.126194e+00,1.711853e+00
4.953265e+00,9.984455e+00,1.710528e+01,-1.595163e+00,-1.634190e-02,8.220000e-01,1.794574e+00
2.939106e+00,1.034353e+01,1.865522e+01,1.627971e+00,2.235470e-01,6.316864e-01,1.760480e+00
3.443291e+00,1.127057e+01,1.450103e+01,-7.406344e-01,-6.439493e-01,8.242228e-01,1.281621e+00
6.739575e+00,1.113002e+01,1.279321e+01,1.208988e+00,3.784440e-01,3.539118e-01,1.315342e+00
1.162552e+01,7.265867e+00,1.801195e+01,2.634964e-01,-1.913262e+00,-5.511158e-01,2.008415e+00
8.742288e+00,1.138424e+01,1.351245e+01,4.376775e-01,-5.335931e-01,-6.947686e-01,9.792786e-01
8.472876e+00,1.494880e+01,1.418490e+01,1.850970e-01,1.537767e+00,-1.261391e+00,1.997523e+00
8.344417e+00,1.223935e+01,1.447630e+01,8.336340e-01,-8.409665e-02,1.724661e+00,1.917413e+00
1.029418e+01,1.376979e+01,1.358285e+01,6.393879e-01,5.501242e-01,1.173229e+00,1.444964e+00
3.509465e+00,1.223480e+01,1.151505e+01,-6.941716e-01,8.546273e-01,3.854446e-01,1.166546e+00
9.964732e+00,1.120929e+01,1.412450e+01,-5.384020e-01,3.592045e-01,-5.572223e-01,8.540500e-01
1.034747e+01,1.492919e+01,1.378715e+01,-2.333235e+00,-6.877393e-01,-1.622236e+00,2.923802e+00
1.001408e+01,1.068137e+01,1.319180e+01,6.935298e-01,9.777747e-01,7.746635e-02,1.201261e+00
8.221351e+00,1.236779e+01,1.671757e+01,-8.523160e-01,-6.574506e-01,1.159706e+00,1.582277e+00
1.001006e+01,1.145643e+01,1.649434e+01,-3.622011e-01,1.011516e+00,3.798886e-01,1.139592e+00
1.281309e+01,1.244407e+01,1.449208e+01,3.050777e-03,3.561930e-01,3.913385e-01,5.291772e-01
1.243437e+01,1.130906e+01,1.619350e+01,6.791886e-01,-2.042706e-01,9.166262e-01,1.158977e+00
9.874094e+00,1.295427e+01,1.704102e+01,7.028366e-01,-1.236261e+00,1.766839e+00,2.268047e+00
1.349842e+01,1.277840e+01,1.527538e+01,1.192554e-01,3.920613e-01,-1.118857e+00,1.191543e+00
1.825860e+01,1.242979e+01,1.595558e+01,1.137143e+00,-5.839536e-01,6.705652e-01,1.443521e+00
1.253712e+01,1.081156e+01,1.306136e+01,-8.350044e-02,6.211510e-01,9.272785e-01,1.119217e+00
1.441554e+01,7.527545e+00,1.795959e+01,2.263544e+00,-1.954589e+00,-8.960748e-01,3.122019e+00
1.563267e+01,1.330544e+01,1.531565e+01,-5.502994e-01,4.626885e-01,9.068432e-02,7.246611e-01
1.762516e+01,1.559095e+01,1.995893e+01,-3.477605e-01,4.325678e-01,5.224364e-01,7.622284e-01
1.919587e+01,1.485926e+01,1.760119e+01,-1.605201e+00,1.180225e+00,1.506580e+00,2.497876e+00
1.346696e+01,1.110299e+01,1.300936e+01,-1.450963e+00,-1.499567e+00,-3.961806e-01,2.123901e+00
1.679049e+01,9.480573e+00,1.819966e+01,2.010818e+00,1.671216e+00,-1.324913e+00,2.931168e+00
1.924509e+01,1.022151e+01,2.003522e+01,-1.285514e-01,-7.775281e-01,1.189337e+00,1.426744e+00
2.103779e+01,1.298697e+01,1.856887e+01,-5.931516e-02,1.700810e+00,-1.848774e-01,1.711857e+00
1.643524e+01,1.369391e+01,1.640758e+01,-1.052007e+00,-1.403007e+00,-3.652681e-01,1.791248e+00
2.189059e+01,9.547969e+00,1.606110e+01,1.214205e+00,-1.800240e-01,-9.588401e-01,1.557587e+00
1.786467e+01,1.121211e+01,1.543428e+01,6.740787e-01,3.677510e-01,-1.375465e+00,1.575286e+00
2.051644e+01,9.589576e+00,1.594903e+01,-9.407143e-01,-1.615379e+00,-2.946114e-01,1.892403e+00
1.692776e+01,1.190890e+01,1.786835e+01,-1.691109e-01,2.966110e-01,-2.667606e-01,4.332872e-01
1.953130e+01,7.428012e+00,1.517030e+01,-8.428092e-01,1.073244e-01,-3.992335e-01,9.387403e-01
2.247186e+01,1.038488e+01,1.739040e+01,1.297783e+00,2.542203e-01,-9.800889e-01,1.646038e+00
2.110507e+01,9.471044e+00,2.030066e+01,4.512927e-01,6.687444e-01,-6.887759e-01,1.060800e+00
2.216137e+01,1.115668e+01,1.796288e+01,-1.928860e-01,3.316058e-01,8.912835e-01,9.703369e-01
2.103996e+01,4.437814e+00,1.586365e+01,4.948675e-01,7.700689e-01,2.201411e-01,9.414680e-01
5.950733e-01,1.071443e+01,1.586203e+01,9.569694e-01,-1.059778e+00,-1.544380e-02,1.427991e+00
3.053196e-01,9.907796e+00,1.655733e+01,-4.868031e-01,-4.841560e-01,-9.020755e-01,1.133633e+00
2.858334e+00,5.607792e+00,1.373279e+01,4.718104e-01,-6.112395e-01,1.996469e+00,2.140585e+00
2.382151e+01,5.401254e+00,1.078036e+01,-7.873358e-01,1.315474e+00,-9.690020e-01,1.813653e+00
7.447705e-01,1.100419e+01,1.470458e+01,-3.969730e-01,5.531225e-01,-2.782666e-01,7.355028e-01
4.642955e-01,1.169607e+01,1.722308e+01,7.506960e-01,-1.012490e+00,-4.785210e-01,1.348207e+00
6.201961e-01,1.143834e+01,1.212236e+01,-7.360298e-01,1.488061e+00,-3.100633e-01,1.688847e+00
2.362904e+01,1.122279e+01,1.289675e+01,-9.363256e-01,2.125695e+00,-4.923091e-01,2.374374e+00
3.567562e+00,1.278770e+01,1.483682e+01,5.782602e-01,-5.167211e-01,2.094071e+00,2.233052e+00
1.384093e+00,1.114033e+01,9.635074e+00,2.244487e-01,-2.279222e-01,-5.835837e-01,6.655041e-01
3.452220e-01,1.258424e+01,1.681294e+01,3.981845e-01,2.303170e-01,-3.528490e-01,5.797406e-01
1.949637e+00,1.282364e+01,1.361233e+01,-1.679553e+00,-9.043095e-01,9.463180e-02,1.909876e+00
6.050102e+00,1.485172e+01,1.555055e+01,1.297784e-01,-7.009733e-01,3.437289e-01,7.914262e-01
4.271597e+00,1.148332e+01,1.634392e+01,-5.045158e-01,9.997934e-01,2.637897e-02,1.120187e+00
1.177049e+00,1.510148e+01,1.477898e+01,3.356693e-01,-3.366953e-01,-1.921805e+00,1.979741e+00
4.349728e+00,1.452025e+01,1.489124e+01,1.482113e+00,-8.369206e-01,2.685886e-01,1.723147e+00
5.201333e+00,1.393837e+01,1.463531e+01,1.155265e+00,-1.683092e+00,-5.948453e-01,2.126329e+00
6.039111e+00,1.116281e+01,1.601504e+01,9.710924e-01,-5.289622e-01,-2.157661e-01,1.126666e+00
8.142114e+00,1.100800e+01,1.427186e+01,5.719660e-01,8.474446e-01,-3.772281e-01,1.089775e+00
9.388051e+00,1.388842e+01,1.261921e+01,1.720831e+00,4.381396e-01,1.553972e+00,2.359673e+00
7.557076e+00,1.491633e+01,1.721826e+01,-1.283586e+00,-5.590888e-01,2.125912e-03,1.400063e+00
8.100816e+00,9.828100e+00,1.435095e+01,4.313207e-01,7.796056e-01,6.041004e-01,1.076457e+00
3.476902e+00,1.225164e+01,1.716604e+01,-3.660778e-01,-2.282442e-01,1.236374e+00,1.309477e+00
4.712914e+00,1.406311e+01,1.740659e+01,-2.522661e-01,1.588522e-01,-8.541916e-01,9.047185e-01
8.332506e+00,1.398904e+01,1.240285e+01,-1.580278e-01,-6.452904e-02,1.741967e+00,1.750310e+00
7.409978e+00,1.191927e+01,1.728997e+01,-3.288184e-01,1.514227e+00,-4.568689e-01,1.615467e+00
8.070855e+00,1.509267e+01,1.606492e+01,7.794380e-01,3.762118e-01,-5.905473e-01,1.047762e+00
8.393823e+00,1.280965e+01,1.549253e+01,-7.600153e-01,-6.682668e-01,-2.000947e+00,2.242319e+00
7.595641e+00,1.632205e+01,1.616506e+01,1.041120e-01,1.475569e+00,7.696604e-01,1.667489e+00
8.084029e+00,1.306307e+01,1.393275e+01,9.989922e-02,-4.623732e-01,5.011770e-02,4.756896e-01
9.348132e+00,1.211989e+01,1.428244e+01,-2.511808e-01,-2.310434e-01,2.527987e-01,4.247117e-01
1.046122e+01,1.214036e+01,1.421949e+01,-3.788042e-01,-1.283793e+00,-1.035034e+00,1.692014e+00
1.446728e+01,1.264236e+01,1.431076e+01,4.858065e-01,-3.442907e-01,1.328554e+00,1.455884e+00
1.278326e+01,1.208499e+01,1.556459e+01,-1.735944e-01,1.911892e+00,-1.976333e-01,1.929903e+00
1.148220e+01,1.182684e+01,1.651968e+01,4.472588e-01,1.090739e+00,1.540814e+00,1.940066e+00
9.438005e+00,1.427086e+01,1.428470e+01,-1.053437e+00,2.163484e-01,-1.106946e+00,1.543329e+00
1.230833e+01,1.505308e+01,1.860185e+01,-3.478747e-01,-4.956682e-01,-3.702189e-01,7.097647e-01
1.569220e+01,1.262687e+01,1.796460e+01,-3.596774e-01,5.403890e-01,-1.525702e+00,1.658057e+00
1.132701e+01,1.293065e+01,1.670563e+01,-1.643722e+00,1.582943e+00,-1.385366e+00,2.669601e+00
1.490271e+01,1.490425e+01,1.646627e+01,1.565638e+00,-3.591589e-01,-6.892267e-01,1.747927e+00
1.386731e+01,1.446846e+01,1.453252e+01,-1.879503e-01,-1.001963e-02,-4.375654e-01,4.763289e-01
1.378594e+01,1.014949e+01,2.048025e+01,-9.550690e-01,-4.085798e-01,3.119614e-02,1.039263e+00
1.488958e+01,1.464589e+01,1.535751e+01,1.015495e+00,5.745610e-01,3.780868e-01,1.226499e+00
1.685610e+01,1.374168e+01,1.741682e+01,1.654157e-01,-1.880065e-01,-9.004709e-01,9.346425e-01
1.957326e+01,1.397227e+01,1.809151e+01,-1.022105e+00,-4.578385e-01,3.976682e-01,1.188467e+00
1.899753e+01,1.091564e+01,1.513163e+01,2.276269e+00,1.858376e+00,4.142992e-02,2.938823e+00
1.631832e+01,1.267737e+01,1.604120e+01,5.698495e-03,-9.560674e-01,9.306060e-01,1.334213e+00
1.914742e+01,1.016278e+01,1.438514e+01,1.164928e+00,-2.201082e+00,1.750699e+00,3.044136e+00
2.054596e+01,1.191985e+01,1.359489e+01,2.072880e-01,-1.217723e+00,7.874917e-01,1.464910e+00
1.985515e+01,1.792192e+01,1.646874e+01,-1.894794e+00,5.447203e-01,6.973788e-01,2.091244e+00
2.276857e+01,1.301624e+01,1.418728e+01,1.194333e-01,-5.591016e-01,-1.014475e+00,1.164482e+00
2.071645e+01,1.176435e+01,1.673288e+01,3.067012e-01,7.847881e-01,4.623085e-01,9.610865e-01
2.242291e+01,1.466136e+01,1.560330e+01,1.213694e-01,-1.045283e-01,-1.005355e+00,1.018035e+00
1.891149e+01,1.203808e+01,1.510661e+01,1.685821e+00,4.723030e-01,-5.439080e-01,1.833276e+00
2.155544e+01,1.213417e+01,1.957964e+01,-2.019072e-01,4.313952e-01,-1.003384e+00,1.110697e+00
6.649684e-01,9.135511e+00,1.743593e+01,-1.881566e-01,8.977613e-01,-1.727382e-01,9.333900e-01
2.038676e+01,1.324571e+01,1.613497e+01,1.199826e+00,5.334734e-03,-2.471548e-01,1.225029e+00
2.077091e+01,1.062204e+01,1.585365e+01,-5.916324e-01,1.752190e+00,7.962758e-01,2.013518e+00
2.246185e+00,1.248309e+01,1.734503e+01,-6.096467e-01,-2.832632e-01,-1.085039e-01,6.809407e-01
2.029624e+01,1.456226e+01,1.399448e+01,5.844932e-02,-7.981420e-01,-8.068658e-02,8.043366e-01
2.304974e+01,1.710527e+01,1.326079e+01,3.103426e-01,5.859744e-01,3.431075e-01,7.465931e-01
2.351069e+01,1.079478e+01,1.417587e+01,3.723483e-01,6.144267e-01,-1.740359e+00,1.882820e+00
2.334422e-01,1.395272e+01,1.344401e+01,2.245709e+00,-1.128710e+00,-1.634574e+00,2.998171e+00
5.235404e+00,1.526374e+01,1.458335e+01,2.315836e+00,2.687953e-01,-5.850863e-01,2.403679e+00
2.191241e+00,1.568090e+01,1.480425e+01,-7.001736e-01,-1.730291e+00,2.884562e-02,1.866811e+00
3.168389e+00,1.110417e+01,1.666310e+01,1.189697e+00,-9.516053e-01,7.131982e-01,1.682137e+00
2.193985e+01,1.729551e+01,1.437255e+01,9.060367e-01,-5.443385e-01,6.747133e-01,1.253972e+00
5.035529e+00,1.514440e+01,1.339854e+01,-1.221296e-01,-4.675490e-02,-3.073078e-01,3.339757e-01
5.823560e+00,1.609200e+01,1.718241e+01,1.874882e-01,9.661418e-01,2.757246e-02,9.845517e-01
5.949756e+00,1.561521e+01,1.264365e+01,1.087684e+00,-2.258881e+00,2.364483e-01,2.518235e+00
2.614462e+00,1.321567e+01,1.425376e+01,2.172191e-01,4.898697e-01,9.516357e-01,1.092139e+00
6.333791e+00,1.656151e+01,1.264689e+01,-7.236814e-01,7.059639e-01,1.862374e-01,1.028000e+00
6.142088e+00,1.588992e+01,1.556821e+01,-1.413593e-01,5.826110e-01,-1.659662e+00,1.764623e+00
5.961681e+00,1.450995e+01,1.425497e+01,1.979910e+00,-7.338337e-01,-1.135764e+00,2.397606e+00
5.600146e+00,1.686676e+01,1.793667e+01,1.141069e+00,1.360771e-01,1.015707e+00,1.533693e+00
6.552624e+00,1.212568e+01,1.446398e+01,-4.776982e-02,8.648240e-01,-1.213807e+00,1.491150e+00
7.605029e+00,1.744669e+01,1.658858e+01,-1.398402e+00,-2.521627e-01,2.147556e-01,1.437092e+00
5.873963e+00,1.205726e+01,1.722188e+01,-3.779278e-01,5.106403e-01,2.569243e-01,6.852685e-01
8.243920e+00,1.570983e+01,1.499459e+01,1.997634e+00,6.020380e-01,2.870323e+00,3.548486e+00
6.820701e+00,1.508808e+01,1.294069e+01,4.646769e-01,-2.259929e+00,1.915124e-01,2.315142e+00
9.456822e+00,1.602105e+01,1.390332e+01,2.018029e+00,-7.546208e-01,9.570044e-01,2.357488e+00
9.094666e+00,1.709499e+01,1.571478e+01,-1.658141e+00,8.200099e-01,-1.005625e+00,2.105500e+00
6.549619e+00,1.676720e+01,1.718295e+01,2.208402e+00,-1.169322e+00,-3.377441e-01,2.521591e+00
1.187905e+01,1.767534e+01,1.461374e+01,-1.334898e+00,-8.129915e-01,-1.419431e-01,1.569413e+00
9.997299e+00,1.631094e+01,1.620720e+01,-1.291727e+00,1.039415e+00,1.027287e+00,1.950451e+00
6.627266e+00,1.195180e+01,1.645882e+01,-6.261604e-01,-4.969474e-01,3.130894e-01,8.585211e-01
1.035498e+01,1.544640e+01,1.568729e+01,1.134626e+00,-1.680626e+00,1.203959e-01,2.031348e+00
1.256791e+01,1.336759e+01,1.413465e+01,2.417918e-01,1.950508e-01,1.311650e+00,1.347936e+00
1.107955e+01,1.540684e+01,1.477001e+01,-1.742319e-01,3.857701e-01,-1.106260e+00,1.184477e+00
1.098622e+01,1.298362e+01,1.489098e+01,-7.641227e-02,2.901391e-01,1.839406e+00,1.863716e+00
8.224252e+00,1.630126e+01,1.411174e+01,-1.003214e+00,-1.029079e+00,-3.273703e-01,1.473978e+00
1.486304e+01,1.394804e+01,1.723802e+01,2.916806e-01,8.550204e-01,2.164811e-01,9.289788e-01
1.296099e+01,1.422292e+01,1.695855e+01,7.173164e-04,1.711462e+00,-8.106634e-01,1.893747e+00
1.404296e+01,1.618945e+01,1.711223e+01,-3.356546e-01,7.859751e-01,-1.235695e+00,1.502453e+00
1.418288e+01,1.399043e+01,1.649444e+01,1.801775e+00,-7.140997e-01,8.013510e-01,2.097259e+00
1.480465e+01,1.376619e+01,1.921725e+01,-8.602879e-01,7.269764e-01,1.393990e+00,1.792149e+00
1.725237e+01,1.279318e+01,1.509571e+01,1.480436e+00,1.955332e-01,-3.067848e-01,1.524480e+00
1.786654e+01,1.389197e+01,1.732979e+01,4.823212e-01,-9.679947e-01,-2.286470e-01,1.105408e+00
1.466467e+01,1.342221e+01,1.815826e+01,2.586830e-01,2.959163e-01,-6.613548e-01,7.693332e-01
1.740243e+01,1.294736e+01,1.820162e+01,2.076356e-01,-7.425387e-01,7.178612e-02,7.743575e-01
2.062258e+01,1.329532e+01,1.488411e+01,4.584227e-01,2.133509e-01,-1.815042e+00,1.884157e+00
2.138279e+01,1.605665e+01,1.801889e+01,-5.618882e-01,7.168138e-01,-1.148538e+00,1.465838e+00
1.569847e+01,1.726389e+01,1.537112e+01,5.281122e-01,5.709178e-01,8.236950e-01,1.132838e+00
1.888365e+01,1.315605e+01,1.719084e+01,-5.851193e-01,7.939200e-01,-1.550089e+00,1.837240e+00
2.092372e+01,1.546292e+01,1.885588e+01,9.349659e-02,-4.661755e-02,7.137055e-02,1.265250e-01
1.874209e+01,1.465443e+01,1.652475e+01,1.612459e+00,-2.225358e-01,-5.283580e-01,1.711347e+00
2.341152e+01,1.684726e+01,1.779641e+01,1.767899e+00,1.811555e-01,2.659419e-01,1.796944e+00
1.780349e+01,1.328917e+01,1.429176e+01,-9.588572e-01,2.457984e-01,2.824803e-01,1.029378e+00
2.209548e+01,1.441387e+01,1.448905e+01,1.567191e+00,8.121779e-01,1.260478e+00,2.168992e+00
2.316493e+01,1.667772e+01,1.568598e+01,7.992326e-01,1.186164e-01,-2.823003e-01,8.558832e-01
6.441909e-01,1.519870e+01,1.670858e+01,-8.875453e-01,1.732620e+00,-2.438518e-02,1.946870e+00
2.402470e-01,1.473031e+01,1.466167e+01,3.439705e-01,6.733041e-01,-1.382997e+00,1.576177e+00
2.129674e+01,1.459728e+01,1.930637e+01,1.724380e-01,-2.439182e-01,1.290929e+00,1.325039e+00
2.348851e+01,1.191721e+01,1.682194e+01,1.987579e-01,5.739230e-01,1.504889e-01,6.257309e-01
2.243353e+01,1.249018e+01,1.707015e+01,1.406954e-03,-6.109334e-02,1.672259e-01,1.780418e-01
2.119572e+01,1.437721e+01,1.504790e+01,1.091328e+00,1.018464e+00,1.761317e-01,1.503093e+00
2.389331e+01,1.761380e+01,1.576613e+01,-1.211338e+00,-6.694979e-01,-9.945035e-01,1.704290e+00
2.236251e+01,1.575252e+01,1.605376e+01,-2.027602e+00,-8.730352e-02,-1.259919e+00,2.388762e+00
2.949716e+00,1.582077e+01,1.404703e+01,5.742040e-01,-1.324766e+00,-3.882657e-01,1.495148e+00
2.200985e+01,1.814779e+01,1.497929e+01,1.479313e-02,8.671119e-02,9.213443e-01,9.255339e-01
9.126528e-01,1.763513e+01,1.481972e+01,-1.313230e+00,-9.252489e-01,-7.353249e-01,1.766737e+00
2.234322e+00,1.925018e+01,1.416682e+01,2.943388e-01,2.955021e-01,-1.035355e-01,4.297400e-01
1.725650e+00,1.352278e+01,1.889867e+01,4.972730e-02,-1.030374e+00,1.836151e+00,2.106085e+00
4.077093e+00,1.629996e+01,1.515033e+01,1.452335e+00,1.509427e+00,-8.195564e-01,2.249293e+00
6.951164e+00,1.293585e+01,1.396971e+01,2.321115e-01,-3.813253e-01,9.853809e-01,1.081786e+00
3.165889e+00,1.449443e+01,1.430852e+01,1.487218e+00,6.799294e-01,-1.466400e+00,2.196463e+00
5.909856e+00,1.379041e+01,1.555676e+01,1.114674e+00,1.332573e+00,1.056269e+00,2.033212e+00
3.054665e+00,1.609055e+01,1.571047e+01,9.362334e-01,1.634195e-01,-3.262279e-01,1.004820e+00
3.739371e+00,1.795751e+01,1.367354e+01,3.472343e-01,-1.034588e-02,-3.480191e-02,3.491273e-01
1.105849e+01,1.694350e+01,1.160516e+01,5.214285e-01,1.643199e-01,3.543114e-01,6.514793e-01
4.848947e+00,1.646434e+01,1.635968e+01,1.238191e+00,1.387829e+00,8.164361e-01,2.031196e+00
4.514483e+00,1.718544e+01,1.560954e+01,-1.419438e+00,1.608734e-01,-9.262351e-01,1.702527e+00
3.437851e+00,1.497194e+01,1.544408e+01,6.316672e-01,-1.431219e-01,-2.350435e+00,2.438039e+00
1.088769e+01,1.661554e+01,1.423080e+01,2.301029e+00,-6.917435e-01,-1.151778e+00,2.664552e+00
5.448458e+00,1.824622e+01,1.514091e+01,5.261959e-01,2.453693e+00,1.328740e+00,2.839549e+00
1.024854e+01,1.560452e+01,1.729117e+01,6.691690e-01,8.155199e-01,3.423441e-01,1.109080e+00
9.181639e+00,1.551514e+01,1.753491e+01,3.781956e-01,5.807061e-01,-8.528725e-01,1.098928e+00
7.574620e+00,1.683829e+01,1.750385e+01,8.414629e-01,-3.775617e-01,2.477733e-01,9.549891e-01
1.026320e+01,1.709888e+01,1.541788e+01,-2.746887e-01,-8.065603e-01,8.463354e-01,1.200948e+00
8.698090e+00,1.673098e+01,1.678817e+01,7.824626e-01,-5.736941e-01,-2.554282e-01,1.003303e+00
1.136002e+01,1.767443e+01,1.561819e+01,-1.657201e+00,8.687273e-02,-1.620055e-01,1.667366e+00
1.185764e+01,1.575350e+01,1.560067e+01,1.004968e+00,-1.861745e+00,5.567564e-01,2.187701e+00
7.433405e+00,1.611513e+01,1.256091e+01,5.303043e-01,-6.669747e-01,-2.662686e-01,8.927356e-01
1.230808e+01,1.382018e+01,1.614784e+01,-1.019801e+00,-6.525049e-01,-1.551386e-02,1.210784e+00
1.267976e+01,1.597915e+01,1.477611e+01,-1.859911e-01,3.514006e-02,6.893177e-01,7.148331e-01
1.155679e+01,1.596004e+01,1.778311e+01,-1.016907e+00,-1.913240e-01,-6.363059e-01,1.214738e+00
1.310365e+01,1.329739e+01,1.630190e+01,-2.123120e-01,1.105848e+00,1.379167e+00,1.780472e+00
1.448010e+01,1.604732e+01,1.222221e+01,1.611862e+00,4.068151e-01,-1.636772e+00,2.332943e+00
1.500568e+01,1.991669e+01,1.614616e+01,1.306038e+00,-3.118234e-01,3.899210e-01,1.398216e+00
1.166238e+01,1.473015e+01,1.560574e+01,8.232492e-01,8.329896e-01,1.285599e+00,1.739073e+00
1.271619e+01,1.603702e+01,1.975136e+01,-2.274992e-01,6.931437e-01,-5.293267e-01,9.013273e-01
1.481232e+01,1.782615e+01,1.570236e+01,1.812849e+00,-1.458827e-01,-8.244362e-01,1.996847e+00
1.487303e+01,1.507134e+01,1.230474e+01,4.078635e-01,1.473877e+00,1.471511e+00,2.122266e+00
1.472856e+01,1.596285e+01,1.965968e+01,6.257441e-01,-3.242500e-01,6.323810e-01,9.468894e-01
1.342362e+01,1.556753e+01,1.644203e+01,6.312546e-01,1.354122e+00,-7.342711e-01,1.664717e+00
1.488484e+01,1.353257e+01,1.472543e+01,5.414740e-01,2.441487e-01,-1.411950e-01,6.105233e-01
1.477200e+01,1.672081e+01,1.544142e+01,2.523385e-01,8.478168e-01,1.204043e+00,1.494051e+00
1.660416e+01,1.492778e+01,1.665180e+01,1.154381e+00,1.379927e-01,1.084027e-01,1.167642e+00
1.924335e+01,1.686525e+01,2.069808e+01,-1.477740e+00,2.168673e-01,-6.161577e-01,1.615672e+00
1.915153e+01,1.559203e+01,1.831815e+01,9.103740e-01,8.586740e-01,1.186737e-01,1.257054e+00
1.762293e+01,1.391227e+01,1.535742e+01,-7.037671e-01,-1.558561e+00,-8.340095e-04,1.710088e+00
1.904715e+01,1.413108e+01,1.570171e+01,8.851307e-01,6.625475e-01,-4.375036e-01,1.189048e+00
1.672065e+01,1.663373e+01,1.634524e+01,-5.090859e-01,1.734316e+00,1.948869e-01,1.817966e+00
1.888872e+01,1.587166e+01,1.667584e+01,-2.417623e-02,1.370844e+00,2.533370e-01,1.394266e+00
2.331587e+01,1.509328e+01,1.536987e+01,5.714200e-01,7.808665e-01,-8.945136e-02,9.717380e-01
4.084517e-01,1.643826e+01,1.556287e+01,9.045582e-01,9.976611e-01,4.605960e-01,1.423271e+00
1.980649e+01,1.952886e+01,1.474213e+01,-1.337525e-01,1.439921e+00,1.493826e+00,2.079129e+00
2.245956e+01,1.436424e+01,1.316904e+01,1.981832e+00,9.804156e-01,1.657571e-02,2.211142e+00
2.104697e+01,1.405128e+01,1.659577e+01,6.769601e-01,1.749354e-01,-1.042999e+00,1.255677e+00
2.068152e-01,1.612240e+01,1.739077e+01,2.492807e-01,-1.251938e+00,8.969991e-01,1.560159e+00
1.037572e+00,1.350679e+01,1.469168e+01,-6.454327e-01,-1.163845e+00,1.055093e+00,1.698335e+00
1.975086e+01,1.605357e+01,1.314547e+01,-1.369315e+00,9.702009e-02,2.849762e-01,1.402016e+00
2.641013e+00,1.677622e+01,1.305135e+01,-9.993006e-01,2.820551e-01,-8.615960e-01,1.349261e+00
1.520509e+00,1.838693e+01,1.417530e+01,5.202376e-01,8.581716e-01,2.126519e+00,2.351423e+00
2.363536e+01,1.853280e+01,1.682971e+01,-2.710324e-01,1.924297e-01,8.386143e-01,9.020875e-01
3.389648e+00,1.675743e+01,1.027125e+01,6.083536e-01,-2.606944e-01,-5.745554e-02,6.643469e-01
1.711419e+00,1.759426e+01,1.290431e+01,-1.705271e+00,-7.428783e-01,-4.201273e-01,1.906915e+00
3.799616e+00,1.779715e+01,1.978481e+01,1.278065e-01,-1.341280e+00,5.273300e-01,1.446874e+00
2.056476e+00,2.125950e+01,1.695141e+01,-4.180856e-01,6.843347e-02,-2.446086e-01,4.891953e-01
3.896073e+00,1.647004e+01,1.826036e+01,1.094366e+00,1.378909e-01,-2.009086e-01,1.121167e+00
3.758953e+00,2.031449e+01,1.559186e+01,3.854722e-01,2.108659e+00,1.169912e+00,2.442074e+00
1.937564e+00,1.442854e+01,1.828843e+01,-3.591461e-01,-1.472592e-01,-8.946021e-01,9.751841e-01
7.796782e+00,1.976176e+01,1.982683e+01,-1.740857e+00,-9.882281e-01,1.952180e-01,2.011290e+00
2.888005e+00,1.672263e+01,1.837310e+01,1.211908e+00,-4.891682e-01,1.755841e+00,2.188832e+00
5.996639e+00,1.997853e+01,1.372817e+01,-4.025269e-01,2.513685e+00,-8.793077e-01,2.693292e+00
4.542327e+00,1.759892e+01,1.815782e+01,-5.602409e-01,2.783647e-01,1.966153e-01,6.557548e-01
3.790428e+00,2.026642e+01,1.850391e+01,8.728929e-01,-5.752894e-02,-6.351938e-01,1.081075e+00
6.856082e+00,1.801939e+01,1.357153e+01,-1.604587e-01,-4.887048e-01,4.259902e-01,6.678675e-01
6.377180e+00,1.787268e+01,1.537710e+01,-5.002598e-01,-1.785473e+00,8.178885e-01,2.026602e+00
8.690396e+00,1.769155e+01,1.666684e+01,-7.475963e-01,1.688612e+00,-8.209337e-02,1.848526e+00
4.511002e+00,1.741082e+01,1.401892e+01,-7.625927e-01,8.681109e-01,-5.281978e-01,1.270495e+00
9.990583e+00,1.829591e+01,1.704151e+01,-8.784651e-01,7.798111e-01,-1.374996e+00,1.808430e+00
9.693094e+00,1.935574e+01,1.689352e+01,9.149088e-02,1.116108e+00,-6.749621e-01,1.307533e+00
6.861651e+00,1.904407e+01,2.002693e+01,-8.398251e-01,1.537951e+00,-9.264622e-01,1.982153e+00
1.022702e+01,2.027451e+01,1.620510e+01,-4.397944e-01,1.311234e-01,-1.170304e+00,1.257069e+00
1.384980e+01,1.780282e+01,1.437816e+01,-7.491809e-01,-3.941390e-02,-3.792412e-01,8.406244e-01
1.298093e+01,1.740951e+01,1.437037e+01,4.483777e-02,-3.686989e-01,-5.610505e-02,3.756289e-01
1.250463e+01,1.924739e+01,1.780519e+01,-7.457701e-03,-1.302680e-01,1.074125e+00,1.082021e+00
1.242798e+01,1.754924e+01,1.866326e+01,1.367522e+00,-9.417114e-01,-3.353538e-01,1.693930e+00
8.183614e+00,1.573046e+01,1.701384e+01,7.561272e-01,-3.403824e-01,-5.698172e-01,1.006121e+00
1.113622e+01,1.647872e+01,1.537384e+01,1.217235e+00,1.016877e-01,1.988735e+00,2.333896e+00
1.548093e+01,1.780399e+01,1.722628e+01,6.756601e-01,-7.556391e-01,-1.272624e-01,1.021618e+00
1.296564e+01,2.256781e+01,1.486056e+01,1.745037e+00,-9.137962e-01,-5.919054e-01,2.056825e+00
1.342846e+01,1.620398e+01,1.555865e+01,-1.078649e-01,-4.915413e-02,-9.182810e-01,9.259001e-01
1.280460e+01,2.155183e+01,1.429749e+01,-3.661908e-01,6.156844e-01,-1.077019e+00,1.293497e+00
1.875212e+01,1.610705e+01,2.003301e+01,-4.602988e-01,1.245897e-01,5.743579e-01,7.465149e-01
1.484478e+01,1.707840e+01,1.649651e+01,-3.848819e-01,-1.292407e+00,2.448766e+00,2.795515e+00
1.260860e+01,1.618001e+01,1.613361e+01,6.373921e-01,-1.830273e-01,1.591926e-01,6.819897e-01
1.768782e+01,2.022024e+01,1.710160e+01,5.099332e-01,3.941985e-01,-5.218158e-01,8.292865e-01
1.728616e+01,1.716205e+01,1.429481e+01,1.667758e+00,7.334963e-01,-5.191089e-02,1.822671e+00
1.286198e+01,1.679997e+01,1.271579e+01,-1.054273e+00,8.347540e-01,1.423239e+00,1.958038e+00
1.494066e+01,1.711817e+01,1.262787e+01,-1.231139e+00,-1.267251e+00,1.042263e+00,2.051326e+00
1.826168e+01,1.533333e+01,1.483476e+01,-1.113296e-01,-1.201949e+00,-6.022427e-01,1.348990e+00
1.693668e+01,1.778483e+01,1.531346e+01,-4.790628e-02,1.820510e+00,2.363669e-01,1.836415e+00
1.827492e+01,1.622284e+01,1.807622e+01,-4.047966e-01,-9.329618e-01,-7.975894e-01,1.292450e+00
1.810875e+01,1.878866e+01,8.429388e+00,1.520461e+00,-1.151350e+00,-6.588038e-01,2.017779e+00
1.937796e+01,1.643556e+01,1.759688e+01,-3.297405e-01,1.423456e+00,-1.088275e+00,1.821894e+00
1.991911e+01,1.617319e+01,1.623245e+01,-7.217471e-02,1.830562e-01,-1.989457e+00,1.999164e+00
2.043749e+01,1.502048e+01,1.508485e+01,1.474616e-01,-5.160424e-03,-6.445385e-01,6.612121e-01
1.788289e+01,1.465574e+01,1.386117e+01,4.049153e-01,3.539168e-01,-4.985902e-01,7.333524e-01
2.357210e+01,1.538438e+01,1.826416e+01,4.623928e-01,-4.598986e-01,4.563808e-02,6.537558e-01
2.370645e+01,1.611592e+01,1.456795e+01,-3.660589e-01,1.147252e-01,-1.373627e+00,1.426188e+00
1.834689e+01,1.847338e+01,1.377438e+01,6.522009e-01,-3.283161e-01,1.432832e-01,7.441018e-01
2.357868e+01,2.140839e+01,1.474973e+01,5.621158e-01,-1.071690e+00,1.176684e+00,1.687921e+00
2.367576e+01,1.988022e+01,1.241197e+01,-1.101737e+00,7.447231e-02,-5.257176e-02,1.105502e+00
1.911319e+00,1.767291e+01,1.898988e+01,1.304677e+00,8.613804e-01,1.170954e+00,1.953277e+00
2.825607e+00,1.743061e+01,1.657660e+01,2.968196e-01,1.619045e+00,-1.023283e+00,1.938173e+00
2.327216e+01,2.063006e+01,1.612136e+01,-1.172773e+00,-3.190698e-01,8.782599e-01,1.499514e+00
2.378951e+01,1.893982e+01,1.072606e+01,-5.563710e-01,-7.118547e-01,4.843320e-01,1.025116e+00
1.557516e+00,1.952610e+01,1.291803e+01,7.618688e-01,1.196893e+00,-1.093288e+00,1.791167e+00
2.928560e+00,1.664855e+01,1.477196e+01,-2.642827e-01,6.188782e-01,-8.945161e-01,1.119381e+00
1.196275e+00,1.935408e+01,1.425723e+01,-2.425033e+00,-1.100162e+00,7.544016e-01,2.767719e+00
3.216755e+00,1.969894e+01,1.450462e+01,-2.203199e-01,1.082353e+00,1.293005e-01,1.112091e+00
3.449082e+00,1.718977e+01,1.757498e+01,-3.026124e-02,-4.450858e-02,7.631236e-01,7.650193e-01
4.347017e+00,1.743768e+01,1.692233e+01,-8.724775e-01,-1.223640e+00,-1.176382e-01,1.507432e+00
1.145988e+00,1.858784e+01,1.217812e+01,2.111658e+00,-7.158175e-01,4.045064e-02,2.230052e+00
4.918445e+00,2.035849e+01,1.562735e+01,-1.370819e+00,-5.771062e-01,1.481262e+00,2.099126e+00
1.020744e+00,1.621835e+01,1.832589e+01,-2.487608e+00,-1.155098e+00,1.759741e+00,3.258702e+00
1.084171e-01,1.947386e+01,1.446512e+01,-1.141552e+00,1.773601e+00,8.660346e-02,2.110995e+00
6.175820e-01,2.151011e+01,1.231834e+01,7.399039e-02,-7.818266e-01,1.330897e+00,1.545320e+00
5.617923e+00,2.263433e+01,1.371856e+01,8.013372e-02,5.261292e-01,-2.268459e-01,5.785261e-01
6.644566e+00,1.952902e+01,1.458462e+01,-3.670238e-01,3.022296e-01,1.322646e+00,1.405504e+00
2.906974e+00,1.798439e+01,1.292502e+01,-4.452844e-01,-7.037316e-01,8.559314e-01,1.194209e+00
7.780737e+00,1.883244e+01,1.630317e+01,2.597141e-01,2.349589e+00,-6.924953e-01,2.463244e+00
5.729826e+00,1.696720e+01,1.517542e+01,1.983495e-01,3.264110e-01,-1.139705e+00,1.202004e+00
5.663177e+00,1.986562e+01,1.466648e+01,-1.140046e+00,-4.342130e-02,-1.548208e-01,1.151329e+00
8.446021e+00,1.933624e+01,1.342961e+01,1.443710e+00,-1.318368e+00,7.406936e-02,1.956497e+00
6.741999e+00,1.934209e+01,1.697906e+01,-8.482744e-01,6.356040e-01,5.332048e-01,1.186537e+00
1.150056e+01,2.091728e+01,1.639479e+01,-3.001609e-01,-4.084869e-02,-1.472466e+00,1.503304e+00
8.125502e+00,1.853023e+01,1.827396e+01,5.675728e-01,3.493980e-01,-7.742081e-01,1.021575e+00
8.099943e+00,1.983396e+01,1.846720e+01,1.411321e+00,1.302366e+00,-7.624208e-01,2.066221e+00
1.091071e+01,1.828000e+01,1.638561e+01,8.750580e-01,-7.625508e-01,-7.351423e-01,1.373916e+00
1.430235e+01,1.798315e+01,1.949383e+01,7.204031e-01,-1.145787e+00,1.620682e-01,1.363112e+00
1.420050e+01,2.223671e+01,1.604433e+01,4.323372e-01,1.529515e+00,2.445355e-02,1.589632e+00
1.180206e+01,2.148281e+01,1.456488e+01,-2.004507e+00,2.817191e-02,1.409920e-01,2.009657e+00
1.403840e+01,1.656991e+01,1.810813e+01,-1.804782e+00,6.084613e-01,-5.449822e-01,1.981028e+00
1.220927e+01,1.936588e+01,1.541684e+01,-1.665728e+00,-3.235727e-01,-1.422867e+00,2.214475e+00
1.321025e+01,1.996895e+01,1.739797e+01,-5.740981e-01,4.663991e-01,-1.684281e+00,1.839543e+00
1.422694e+01,2.158672e+01,1.694560e+01,-2.263388e-01,3.723699e-01,2.366588e-01,4.958790e-01
1.235104e+01,1.825809e+01,1.375946e+01,-6.188261e-01,1.931520e-02,-4.975228e-01,7.942592e-01
1.666459e+01,2.069714e+01,1.524915e+01,2.531732e-01,-1.084153e+00,-1.585330e-01,1.124552e+00
1.354506e+01,1.658579e+01,2.040859e+01,-3.261067e-01,-9.173720e-01,5.603261e-02,9.752213e-01
1.311846e+01,1.886204e+01,1.567109e+01,-4.897666e-01,1.590975e+00,-1.456176e+00,2.211678e+00
1.651714e+01,2.032342e+01,1.636888e+01,7.027995e-01,-1.145632e-01,-1.184646e-02,7.121743e-01
1.601132e+01,1.888853e+01,1.728322e+01,1.015694e+00,1.608106e-01,1.184792e+00,1.568829e+00
1.678162e+01,1.838561e+01,1.280227e+01,1.004332e+00,-1.172855e+00,-3.080203e-04,1.544109e+00
1.571867e+01,1.910119e+01,1.987347e+01,-4.662048e-01,-7.365779e-01,8.689784e-02,8.760395e-01
1.593860e+01,1.683539e+01,1.717205e+01,-6.181569e-02,2.309528e-01,1.882972e-01,3.043291e-01
1.952483e+01,1.855191e+01,1.422272e+01,-7.019172e-01,7.243938e-01,6.417262e-01,1.195511e+00
1.717817e+01,1.690408e+01,1.733390e+01,-1.076389e+00,2.709446e-01,-9.581248e-01,1.466297e+00
1.921439e+01,2.198583e+01,1.805886e+01,-9.734734e-02,1.921186e+00,-6.179601e-01,2.020472e+00
2.020947e+01,1.734989e+01,1.551637e+01,-1.605442e+00,-1.748345e+00,-1.213698e+00,2.665937e+00
1.824542e+01,2.080111e+01,1.419390e+01,1.043172e+00,-7.207893e-01,-5.376226e-01,1.377237e+00
2.079462e+01,1.704280e+01,1.626553e+01,-1.373666e-01,6.146055e-01,-3.717028e-01,7.312813e-01
1.971490e+01,2.071221e+01,1.302685e+01,-6.487428e-01,-1.281685e+00,-5.789129e-01,1.548782e+00
1.986449e+01,1.893406e+01,1.609458e+01,2.753288e-01,5.167807e-01,-9.298213e-02,5.928861e-01
2.166076e+01,2.024128e+01,1.592748e+01,-1.679867e+00,1.467714e+00,8.420230e-01,2.384353e+00
1.637206e+00,1.706741e+01,1.692841e+01,5.753154e-01,-5.020447e-01,-4.839386e-01,9.040096e-01
2.084683e+01,1.971564e+01,1.653508e+01,-9.024933e-01,-9.339096e-01,-1.223639e-01,1.304475e+00
2.091643e+01,1.733963e+01,1.403660e+01,-5.133720e-01,-9.913574e-01,8.748869e-01,1.418368e+00
4.642187e-02,1.812546e+01,1.446325e+01,-1.348389e-01,8.838620e-01,2.907714e-01,9.401817e-01
1.995120e+01,1.826118e+01,1.297204e+01,1.261261e-02,9.869328e-01,5.681738e-01,1.138866e+00
2.268291e+01,1.878572e+01,1.384585e+01,-2.036585e-01,1.287311e+00,-7.845747e-01,1.521251e+00
2.404707e-01,2.091040e+01,1.544756e+01,6.892165e-01,-1.501410e+00,-9.580308e-01,1.909732e+00
7.682282e-03,2.147606e+01,1.332648e+01,-1.036915e+00,-1.029500e+00,-5.224453e-01,1.551777e+00
3.585169e+00,2.072136e+01,1.473287e+01,-4.530013e-01,-1.316472e+00,-1.751938e-01,1.403211e+00
1.563117e+00,2.074239e+01,1.803723e+01,-3.725798e-01,2.868757e-01,-6.912174e-01,8.359994e-01
4.046113e+00,2.207054e+01,1.138748e+01,-2.337295e-01,-9.023552e-01,-3.507090e-02,9.327938e-01
1.127726e+00,2.202738e+01,1.308125e+01,-6.170026e-01,6.493646e-02,1.741027e+00,1.848265e+00
6.204756e+00,2.079985e+01,1.904463e+01,-1.722600e-01,1.311735e+00,-2.735911e-01,1.350990e+00
2.270942e+00,2.353394e+01,1.587607e+01,-2.383863e-01,-5.673851e-01,7.091732e-01,9.389784e-01
2.550940e+00,2.130504e+01,1.477989e+01,-4.585098e-01,-1.168914e+00,-2.474163e-01,1.279768e+00
2.066699e+00,2.033488e+01,1.430198e+01,-1.483675e+00,1.258320e+00,1.079777e+00,2.224990e+00
6.055301e+00,1.870873e+01,1.923338e+01,3.847490e-01,-1.156256e+00,2.858663e-02,1.218924e+00
3.132855e+00,2.164129e+01,1.670577e+01,4.281837e-01,-5.520429e-01,-2.748729e-01,7.507648e-01
7.888683e+00,2.063270e+01,1.402077e+01,2.379342e-01,-6.617417e-02,-1.461721e+00,1.482437e+00
4.939122e+00,1.919108e+01,1.536081e+01,3.914531e-01,5.553637e-01,4.915809e-01,8.386394e-01
7.155393e+00,2.135620e+01,1.767637e+01,-5.863994e-02,3.055507e+00,-7.574580e-01,3.148540e+00
4.360462e+00,1.916394e+01,1.786458e+01,1.332184e+00,1.058002e+00,-4.487938e-01,1.759403e+00
5.282193e+00,2.086869e+01,1.403990e+01,2.247380e+00,-3.132251e-01,-7.829663e-01,2.400388e+00
4.970518e+00,1.825951e+01,1.670648e+01,-2.230220e-01,5.106404e-01,-5.905687e-01,8.119506e-01
8.652663e+00,1.764893e+01,1.454185e+01,-3.463955e-01,8.187135e-01,6.076645e-01,1.076818e+00
8.396137e+00,2.153567e+01,1.430193e+01,-5.218167e-01,4.991537e-01,-8.704010e-01,1.130949e+00
7.661494e+00,2.055033e+01,1.574671e+01,-1.675384e+00,-1.738772e-01,1.209451e-01,1.688720e+00
7.017102e+00,2.230353e+01,1.710770e+01,8.986049e-01,9.345042e-02,-9.512832e-01,1.311931e+00
7.834386e+00,1.931430e+01,1.746601e+01,-5.698634e-01,-6.382227e-01,-6.214797e-01,1.057502e+00
1.040506e+01,2.168385e+01,1.409482e+01,-1.191223e+00,1.703377e+00,8.963593e-01,2.263618e+00
1.094232e+01,2.241559e+01,1.307943e+01,-3.406211e-01,-6.736517e-01,-3.112650e-01,8.165264e-01
1.161791e+01,1.905093e+01,1.686321e+01,3.724408e-01,5.373000e-01,-1.039848e+00,1.228286e+00
1.053425e+01,1.900499e+01,1.302442e+01,-5.318668e-01,-1.650882e+00,-9.556675e-01,1.980302e+00
6.217299e+00,2.036742e+01,1.670839e+01,-5.067538e-02,-1.549856e+00,3.315201e-01,1.585726e+00
1.252189e+01,2.089498e+01,1.611738e+01,8.945667e-01,-2.320326e+00,-1.194645e-01,2.489665e+00
1.355205e+01,2.147186e+01,1.329150e+01,5.535620e-01,-4.469565e-01,1.572788e+00,1.726228e+00
1.296666e+01,2.234530e+01,1.367378e+01,-2.094910e-01,1.339522e+00,7.615138e-01,1.555027e+00
1.060144e+01,2.094848e+01,1.696587e+01,-2.209294e+00,1.367563e-02,1.106909e+00,2.471116e+00
1.082449e+01,1.850142e+01,1.403556e+01,-6.952444e-01,-4.548677e-01,-7.401533e-01,1.112698e+00
1.307593e+01,2.070415e+01,1.484919e+01,1.738832e+00,1.696464e-01,2.602277e-02,1.747282e+00
1.503195e+01,2.348889e+01,1.700615e+01,6.170085e-01,-1.390986e-01,-6.782052e-01,9.273674e-01
1.355249e+01,1.946344e+01,1.355183e+01,-1.878048e-01,-1.878642e+00,-7.003474e-01,2.013716e+00
1.399846e+01,1.840656e+01,1.542252e+01,-2.632731e-01,1.194502e+00,1.155271e+00,1.682498e+00
2.122465e+01,2.090191e+01,1.507688e+01,-5.614786e-01,5.140208e-01,-9.492476e-03,7.612922e-01
1.843859e+01,2.125884e+01,1.782666e+01,5.349228e-01,6.673508e-01,9.307440e-01,1.264035e+00
1.569972e+01,2.140141e+01,1.897753e+01,-9.450765e-01,-1.526939e+00,9.495891e-01,2.031362e+00
1.560387e+01,2.077095e+01,1.664568e+01,-7.254698e-01,1.151438e+00,-5.250663e-01,1.458702e+00
2.042348e+01,2.040743e+01,1.727978e+01,-4.271283e-01,8.854216e-01,-3.330691e-01,1.037952e+00
1.745994e+01,2.165435e+01,1.790889e+01,-9.144700e-02,4.642249e-02,-1.026473e+00,1.031584e+00
1.760640e+01,2.106606e+01,1.913101e+01,-6.374815e-01,-1.441692e+00,-1.204693e+00,1.983972e+00
1.974503e+01,1.978322e+01,1.764690e+01,1.305615e+00,3.409641e-01,7.470090e-01,1.542371e+00
2.049626e+01,2.147730e+01,1.365645e+01,6.771734e-01,6.364262e-01,-2.148363e+00,2.340741e+00
1.967305e+01,2.054260e+01,1.655668e+01,2.077549e+00,-1.044542e+00,-1.579595e+00,2.811121e+00
2.009740e+01,1.715087e+01,1.831672e+01,-1.348075e+00,3.738726e-01,1.855666e+00,2.323916e+00
1.745712e+01,1.872304e+01,1.582865e+01,1.089352e+00,-1.165694e+00,-3.728202e-02,1.595907e+00
1.810168e+01,1.903955e+01,1.676165e+01,-2.543769e-01,-4.611979e-01,-2.905260e-01,6.015118e-01
2.221320e+01,1.866831e+01,1.766279e+01,-1.453989e+00,1.334179e+00,-5.340428e-01,2.044339e+00
2.075897e+01,2.206920e+01,1.561267e+01,-1.941256e+00,1.281072e+00,4.388681e-02,2.326273e+00
2.157725e+01,2.125388e+01,1.415812e+01,9.047410e-01,9.014509e-02,-1.006157e-02,9.092765e-01
2.378222e+01,7.143369e-01,1.712224e+01,-3.536111e-01,-1.446029e+00,-1.371495e+00,2.024115e+00
2.167292e+01,1.806102e+01,1.588066e+01,-9.308480e-01,-7.941274e-01,6.423350e-01,1.381923e+00
6.481865e-01,1.859718e+01,1.618039e+01,-6.819481e-02,-2.788310e-01,-7.742275e-02,2.973071e-01
1.265616e+00,1.964993e+01,1.941904e+01,-1.104598e+00,6.760570e-02,-1.562521e+00,1.914727e+00
9.424394e-01,2.139967e+01,1.734263e+01,1.164597e+00,1.309078e+00,-6.879121e-01,1.882337e+00
2.301542e+00,2.266907e+01,1.784494e+01,1.350758e+00,1.733862e+00,1.630995e-01,2.203956e+00
2.372130e+01,2.172375e+01,1.780038e+01,4.844698e-01,-2.591309e-01,4.454506e-01,7.073090e-01
2.135111e+01,2.276064e+01,1.290986e+01,-6.227233e-01,-3.966451e-01,5.038167e-01,8.938361e-01
4.288134e+00,2.086783e+01,1.639486e+01,4.304045e-01,4.867719e-01,-5.148772e-01,8.290317e-01
3.493978e+00,2.145034e+01,1.556717e+01,-8.524553e-01,-3.406021e-01,-1.248607e+00,1.549745e+00
2.328074e+01,8.896947e-01,1.509974e+01,2.529066e-01,-8.043569e-01,5.669945e-01,1.016088e+00
4.625412e+00,2.057861e+01,1.277766e+01,-8.563410e-01,-6.940912e-01,1.605647e+00,1.947610e+00
2.541775e+00,1.426501e+00,1.256546e+01,-1.194733e+00,-2.839427e+00,4.570385e-01,3.114260e+00
4.143612e+00,2.322216e+01,1.550507e+01,6.024411e-01,2.415598e+00,7.687023e-01,2.605562e+00
5.479128e+00,2.105041e+01,1.628427e+01,-7.442829e-01,-1.557581e+00,-7.665205e-01,1.888801e+00
6.738682e+00,2.253596e+01,1.411709e+01,-9.245109e-01,6.977028e-01,1.122523e-01,1.163662e+00
3.707364e+00,2.152999e+01,1.311779e+01,-1.964880e+00,-9.683507e-01,-3.448948e-01,2.217523e+00
1.273017e+01,2.072611e+01,1.810790e+01,-6.657009e-01,1.011007e+00,7.166025e-01,1.406702e+00
5.455918e+00,2.156820e+01,1.139661e+01,3.536762e-01,-6.861121e-02,-1.243803e+00,1.294929e+00
8.576722e+00,1.016939e+00,1.489622e+01,-1.053221e+00,1.132608e+00,3.236859e-01,1.580142e+00
9.960990e+00,2.953265e-01,1.587349e+01,3.698445e-01,-8.788902e-01,1.548982e+00,1.818950e+00
1.266405e+01,1.543496e+00,1.329563e+01,1.762023e+00,-1.560649e+00,-1.267245e+00,2.673249e+00
8.950625e+00,2.023191e+01,1.606587e+01,-2.836681e-01,7.010559e-01,1.888081e+00,2.033911e+00
1.083084e+01,2.081408e+01,1.538570e+01,1.180603e-01,-1.014443e+00,1.257012e+00,1.619602e+00
1.036010e+01,2.310393e+01,1.391410e+01,-1.415044e+00,-3.868768e-01,-9.247176e-02,1.469889e+00
1.207490e+01,2.191422e+01,1.767211e+01,1.809150e-01,-2.455043e+00,-8.503262e-01,2.604423e+00
7.148403e+00,1.886173e+01,1.506759e+01,-9.394324e-01,3.848277e-01,6.117694e-02,1.017039e+00
1.086783e+01,2.382059e+01,1.830910e+01,-3.015147e-01,-5.618013e-01,-2.313115e+00,2.399382e+00
1.235428e+01,2.443947e+00,1.517655e+01,8.599916e-01,-1.029547e+00,1.013314e+00,1.681177e+00
1.342654e+01,2.878819e+00,1.581202e+01,-1.153290e-01,-8.194449e-02,-3.444865e-01,3.724065e-01
1.254516e+01,2.388929e+01,1.745913e+01,1.123535e+00,-2.402527e+00,-8.300265e-01,2.779103e+00
1.147292e+01,2.176356e+01,1.564966e+01,-1.171100e+00,-5.941759e-01,9.831359e-01,1.640450e+00
1.334553e+01,2.336478e+01,1.422190e+01,-3.081227e-01,-6.726052e-01,-4.962307e-01,8.908323e-01
1.433522e+01,2.265777e+00,1.606428e+01,-1.193084e+00,1.917766e-01,4.259790e-01,1.281283e+00
9.604684e+00,2.234070e+01,1.444565e+01,-8.490162e-01,-2.015216e+00,5.042494e-01,2.244146e+00
1.361963e+01,9.204340e-01,1.477458e+01,-1.483926e+00,3.678174e-01,-7.791818e-01,1.715940e+00
1.507150e+01,2.216126e+01,1.517428e+01,1.191035e+00,-2.823159e-01,2.537595e-01,1.250064e+00
1.475586e+01,2.091220e+01,1.571718e+01,8.844298e-01,-3.871136e-01,-1.363329e-01,9.750178e-01
1.397194e+01,2.216863e+01,1.422198e+01,-3.473535e-01,-3.640837e-01,1.161081e-01,5.164228e-01
1.266242e+01,2.157994e+01,1.981649e+01,3.816112e-01,9.255760e-01,-3.086591e-01,1.047659e+00
1.543489e+01,3.292703e-01,1.637394e+01,-7.076907e-01,-5.689220e-01,-1.933133e+00,2.135767e+00
1.356777e+01,2.179115e+01,1.517843e+01,1.788929e+00,-1.420908e-01,7.405559e-01,1.941360e+00
1.523161e+01,2.184799e+01,1.767052e+01,1.058759e+00,1.117177e+00,1.965427e-01,1.551671e+00
1.912418e+01,1.848854e-01,1.617971e+01,5.544013e-01,8.619996e-01,5.157524e-01,1.147347e+00
1.849773e+01,2.242532e+01,1.652568e+01,-3.085634e-01,1.394222e+00,-4.491048e-01,1.496917e+00
1.956555e+01,2.204119e+01,1.914873e+01,-7.353390e-01,-6.150555e-01,4.348311e-01,1.052661e+00
1.773111e+01,2.185134e+01,1.603129e+01,6.738789e-01,1.388235e+00,-6.126097e-01,1.660301e+00
1.881042e+01,1.944054e+01,1.421196e+01,-4.983332e-01,-4.219114e-01,-1.322190e+00,1.474629e+00
2.161053e+01,2.381414e+01,1.525514e+01,-6.768709e-01,2.223172e+00,-3.608920e-01,2.351785e+00
2.217460e+01,2.383292e+01,1.776360e+01,4.506515e-01,1.863146e-01,6.410296e-01,8.054309e-01
1.724992e+01,2.100278e+01,1.607497e+01,-7.725243e-01,-2.690634e-01,-1.012910e+00,1.301989e+00
2.066909e+01,2.231327e+01,1.893569e+01,-4.269789e-02,1.204842e+00,1.973104e+00,2.312273e+00
1.936017e+01,2.203851e+01,1.486053e+01,3.850501e-01,1.234016e-01,9.823166e-01,1.062279e+00
2.264463e+01,2.133745e+01,1.540669e+01,-9.607288e-01,-8.197623e-02,8.700463e-01,1.298730e+00
2.361484e+01,1.560178e+00,2.054729e+01,9.291515e-01,-1.385018e-01,-1.693896e+00,1.936954e+00
5.460396e-01,1.985808e+01,1.351994e+01,5.715877e-01,5.350374e-01,-9.121791e-01,1.202102e+00
2.295094e+01,2.013616e+01,1.786135e+01,3.326450e-01,1.604804e-01,4.760859e-01,6.025483e-01
2.193329e+01,2.252939e+01,1.878614e+01,2.548212e-01,4.798807e-01,-2.030192e-01,5.800312e-01
2.040157e+01,2.164271e+01,1.479346e+01,1.123035e+00,7.947013e-01,-7.416740e-01,1.562958e+00
2.315118e+01,1.224285e+00,1.792498e+01,1.102599e+00,4.953057e-01,-6.769768e-02,1.210634e+00
2.316353e+01,7.926070e-03,1.587176e+01,4.960788e-01,-1.083183e+00,-1.222463e+00,1.706985e+00
2.325923e+01,1.690238e-01,1.794609e+01,4.342213e-01,-1.676620e+00,3.688204e-01,1.770772e+00
2.379893e+01,2.359692e+01,1.686930e+01,8.806612e-01,1.314240e+00,2.250665e-01,1.597951e+00
2.383334e+00,2.207849e+01,1.968492e+01,-1.369640e-01,7.172456e-01,3.071331e-01,7.921686e-01
2.886722e+00,1.536935e-01,1.678041e+01,9.383665e-01,2.533867e+00,-3.896490e-01,2.729989e+00
2.165269e+00,1.960630e+01,2.174559e+01,-2.420291e-01,3.463841e-01,7.383387e-01,8.507080e-01
5.973262e-01,2.378874e+01,1.621177e+01,-1.373433e+00,1.398557e+00,8.388261e-01,2.132114e+00
5.216948e+00,2.410514e+00,1.651593e+01,-7.048553e-02,-3.887714e-01,-4.203288e-02,3.973389e-01
4.958636e+00,1.936863e+00,1.851381e+01,5.228261e-01,1.544435e+00,6.996007e-01,1.774280e+00
2.882957e+00,2.066621e+01,1.814149e+01,-1.206874e+00,1.813980e-01,7.298350e-01,1.422009e+00
4.960785e+00,1.183110e+00,2.037337e+01,4.322326e-01,-8.750445e-04,-1.994804e+00,2.041095e+00
1.045624e+01,2.173418e+01,1.515163e+01,2.505174e+00,-1.053507e+00,-1.167473e+00,2.957832e+00
4.702574e+00,2.370764e+01,1.693947e+01,6.714457e-01,-1.272730e+00,1.549789e+00,2.114835e+00
5.575924e+00,2.620041e-01,1.828397e+01,1.329614e+00,-9.999578e-01,1.465841e-01,1.670113e+00
1.014570e+01,1.361813e+00,1.613770e+01,-1.467490e+00,-1.788321e-01,1.355255e+00,2.005548e+00
3.124845e+00,2.346471e+01,1.197957e+01,6.138969e-02,-1.692150e+00,-3.715755e-01,1.733553e+00
7.658946e+00,3.667206e-01,1.458288e+01,-1.971258e-01,-5.680458e-01,5.628619e-01,8.236190e-01
3.986244e+00,2.332672e+01,1.790949e+01,-1.479457e+00,8.226948e-01,1.827230e+00,2.490861e+00
6.565141e+00,2.283878e+01,1.804439e+01,6.954837e-01,1.440945e+00,2.227209e+00,2.742350e+00
7.964086e+00,2.266751e+01,1.578001e+01,-8.363557e-01,-2.159014e-01,-1.043088e+00,1.354303e+00
8.255809e+00,2.282721e+01,1.675628e+01,-2.440307e-02,-1.013852e+00,-1.257320e+00,1.615347e+00
8.223284e+00,2.355781e+01,1.513260e+01,8.656114e-01,-3.236162e-01,1.458778e+00,1.726859e+00
9.906882e+00,1.634142e+00,1.902678e+01,1.928528e-02,-5.890308e-01,-2.178374e-01,6.283171e-01
1.127792e+01,2.926291e-01,2.042510e+01,2.795364e-01,5.063708e-01,3.654585e-01,6.841871e-01
9.823302e+00,3.693455e+00,1.888690e+01,1.118093e+00,9.001555e-02,-3.294961e-01,1.169104e+00
1.136258e+01,2.295935e+00,1.771800e+01,-6.833385e-01,1.320886e+00,3.258444e-01,1.522454e+00
1.002176e+01,6.548093e-01,1.982199e+01,-4.338821e-01,-4.535507e-01,-3.088928e-01,6.995546e-01
1.120212e+01,8.737715e-01,1.843018e+01,-1.982688e-01,-8.422394e-01,-2.577016e-01,9.028222e-01
1.095263e+01,2.292054e+01,1.730234e+01,5.476355e-01,1.521007e+00,-6.954196e-01,1.759823e+00
1.181651e+01,2.145589e+01,1.878028e+01,-9.002336e-01,-1.023216e+00,1.246702e+00,1.847067e+00
1.165617e+01,5.035611e+00,1.776019e+01,-4.278261e-01,-3.053021e-01,2.221196e-01,5.705977e-01
1.272320e+01,1.051437e+00,1.549405e+01,1.360011e-01,2.799545e-01,-1.220676e+00,1.259731e+00
1.360265e+01,2.932162e+00,1.704573e+01,-4.693426e-01,1.080580e+00,-7.204560e-01,1.380939e+00
1.316457e+01,4.339726e-01,1.862124e+01,-1.529259e+00,-6.083928e-01,2.988822e-01,1.672754e+00
1.753144e+01,2.655144e+00,1.700424e+01,-2.091062e+00,-1.478148e+00,-8.983360e-02,2.562329e+00
1.578970e+01,2.764244e-01,1.537019e+01,-2.312615e-01,-1.082015e+00,-4.725069e-01,1.203121e+00
1.429525e+01,1.522317e+00,2.037160e+01,8.649249e-01,-3.826386e-01,3.272268e-01,1.000792e+00
1.551328e+01,2.321915e+01,1.499721e+01,5.585359e-01,6.789721e-01,-1.483592e+00,1.724532e+00
1.116482e+01,2.212246e+01,1.941017e+01,-8.945430e-01,6.865314e-01,-9.115687e-01,1.449997e+00
1.581437e+01,4.205153e-01,1.739856e+01,9.548108e-01,4.171573e-01,-1.517557e+00,1.840832e+00
1.763704e+01,2.227995e+01,1.697504e+01,3.106124e-01,-4.859206e-01,1.549137e+00,1.653004e+00
1.392505e+01,5.044400e-01,1.792924e+01,5.663936e-02,-1.188737e-01,-1.058855e+00,1.067011e+00
1.746581e+01,1.362498e+00,1.670970e+01,-2.003723e+00,1.799757e-01,-1.927484e+00,2.786125e+00
1.746219e+01,1.916828e-01,1.755229e+01,-1.895390e+00,9.403287e-01,5.228010e-01,2.179460e+00
1.946519e+01,4.647357e+00,1.731467e+01,-5.682442e-01,8.583136e-01,-1.127540e+00,1.526745e+00
2.008927e+01,2.146748e+01,1.832279e+01,3.028611e-01,4.870738e-01,7.493327e-01,9.436447e-01
2.012192e+01,5.476764e-02,1.638493e+01,1.422306e+00,2.354152e-02,6.247640e-01,1.553653e+00
2.307987e+01,5.074287e+00,2.029758e+01,-9.867736e-01,1.587737e+00,-1.322730e+00,2.290032e+00
7.521720e-01,2.020878e+00,1.436754e+01,-2.229721e-01,-1.998163e+00,-1.387683e-01,2.015348e+00
2.252644e+01,2.317649e+00,2.092587e+01,7.570443e-01,-2.115361e-01,4.131604e-01,8.880119e-01
2.347669e+01,1.788431e-01,1.897349e+01,7.618289e-01,-1.653907e-01,5.120821e-01,9.327193e-01
2.253533e+01,3.222243e+00,2.012342e+01,-1.070640e+00,2.091378e+00,-6.037077e-01,2.425818e+00
3.177980e-01,2.359552e+00,1.769069e+01,-1.372913e+00,1.639763e+00,3.633660e-01,2.169273e+00
2.311108e+00,2.724229e+00,1.747141e+01,-1.724543e+00,1.757073e+00,-8.612199e-01,2.608266e+00
2.340338e+01,2.507898e+00,2.017141e+01,-8.856406e-01,2.151081e+00,9.366126e-01,2.507739e+00
1.491313e+00,4.553105e-01,1.558726e+01,1.977632e+00,1.688212e+00,-6.233403e-01,2.673881e+00
2.371620e+00,2.319952e-01,1.492619e+01,-2.153331e-01,-5.183280e-01,-2.243276e+00,2.312428e+00
9.654077e-01,1.962858e-01,1.737245e+01,6.105649e-01,-3.522856e-01,1.913849e+00,2.039538e+00
1.854654e+00,2.768672e+00,1.493571e+01,-1.133156e+00,-2.391195e-02,1.045331e+00,1.541859e+00
2.641804e+00,1.909919e+00,1.540659e+01,-6.440161e-01,2.929911e-01,-7.142907e-01,1.005391e+00
5.546951e+00,3.177624e+00,1.711345e+01,-1.320612e+00,1.301000e+00,6.649219e-01,1.969451e+00
1.842047e+00,2.954803e-01,1.666122e+01,1.292335e+00,3.623264e-01,-2.022657e-01,1.357322e+00
1.849627e+00,2.362728e+01,1.799891e+01,-1.175822e+00,1.001983e+00,2.039926e+00,2.558872e+00
4.324817e+00,2.315880e+01,1.444229e+01,9.802458e-01,-8.488351e-01,8.652970e-01,1.558891e+00
4.158177e+00,3.291513e+00,1.680786e+01,-6.023891e-01,-1.700973e+00,1.828976e-01,1.813735e+00
5.576658e+00,2.126602e+01,1.524338e+01,-3.790453e-01,6.325672e-01,-4.627111e-01,8.705850e-01
3.553717e+00,4.221930e+00,1.809387e+01,1.849902e-01,4.593450e-01,-1.451709e+00,1.533844e+00
5.875940e+00,1.612227e+00,1.446197e+01,5.592916e-01,-8.888307e-01,3.005045e-01,1.092305e+00
1.012722e+01,6.194153e-01,1.333126e+01,2.047848e+00,-7.889282e-02,-5.286028e-01,2.116442e+00
5.236041e+00,2.224803e+01,1.501832e+01,5.577079e-01,2.182824e-01,-1.008836e+00,1.173216e+00
6.936375e+00,2.330388e+01,1.693161e+01,-7.816577e-01,-3.191497e-01,6.803052e-01,1.084279e+00
6.016270e+00,2.272113e+01,1.710704e+01,-1.200635e+00,3.506919e-02,7.698350e-01,1.426674e+00
9.919258e+00,3.889981e+00,1.592301e+01,-3.137455e-01,1.882643e+00,1.468517e-01,1.914248e+00
7.848174e+00,1.931053e-01,1.835039e+01,2.196939e-01,-6.043531e-01,8.696706e-02,6.489001e-01
1.387280e+00,1.062993e+00,1.272771e+01,-4.916747e-01,-4.257077e-01,5.821786e-01,8.728705e-01
6.018277e+00,2.055773e+00,1.545264e+01,-3.217577e-01,1.506717e+00,-1.298487e+00,2.014892e+00
1.174632e+01,2.019818e+00,1.659156e+01,-7.480422e-01,-4.452171e-01,8.266581e-01,1.200479e+00
1.286196e+01,1.067920e-01,1.985369e+01,-6.289315e-01,2.443009e-01,1.244458e+00,1.415596e+00
1.103284e+01,6.545627e-01,1.606072e+01,6.769966e-01,8.704647e-01,1.706115e+00,2.031468e+00
9.029073e+00,2.670357e+00,1.784900e+01,-4.314322e-01,1.358059e-01,-8.113302e-02,4.595210e-01
9.284389e+00,2.578414e+00,1.886299e+01,1.907547e-01,-1.819828e-01,4.280986e-01,5.027659e-01
1.082146e+01,2.257407e+00,1.578947e+01,4.595620e-01,-1.342377e+00,4.161886e-01,1.478643e+00
1.144865e+01,2.602177e+00,1.870849e+01,1.496062e-01,-1.991334e+00,1.406933e+00,2.442796e+00
1.071271e+01,1.870429e+00,1.679256e+01,-3.383384e-01,7.803233e-01,5.337771e-01,1.004139e+00
1.352108e+01,5.821967e+00,1.602387e+01,2.751276e-01,-4.006782e-01,2.578704e-01,5.502139e-01
1.436353e+01,3.199813e+00,1.793768e+01,6.587445e-01,7.156994e-01,4.110977e-02,9.735810e-01
1.203506e+01,4.534191e+00,1.677843e+01,7.092743e-03,7.133072e-01,3.293915e-02,7.141026e-01
1.561998e+01,3.638212e+00,1.598417e+01,-9.160973e-01,1.608620e+00,-4.849080e-01,1.913643e+00
1.754517e+01,3.036471e+00,1.999981e+01,-3.026820e-01,-3.627110e-01,5.968410e-01,7.611799e-01
1.716102e+01,2.319927e+01,1.746275e+01,2.007546e+00,1.057258e-01,8.404291e-01,2.178931e+00
1.101546e+01,4.250440e+00,1.630176e+01,-2.350283e-01,7.840031e-01,-1.896505e+00,2.065583e+00
1.508074e+01,3.219838e+00,1.706036e+01,-3.138081e-01,-2.862779e-02,-1.049310e+00,1.095603e+00
1.517346e+01,2.378481e+01,1.812644e+01,-1.922397e+00,-2.856795e-01,3.886297e-02,1.943897e+00
1.599526e+01,1.568155e+00,1.953907e+01,-1.540223e-01,-6.649395e-01,-9.155440e-01,1.141967e+00
1.326096e+01,1.605512e+00,1.971033e+01,-1.482572e-01,-1.862047e+00,-1.371258e+00,2.317229e+00
1.579315e+01,2.321334e+00,1.612000e+01,1.245192e+00,4.909942e-02,4.023836e-01,1.309514e+00
1.816547e+01,3.284070e+00,1.800408e+01,-1.685282e+00,-8.369194e-03,1.796301e+00,2.463116e+00
1.838268e+01,2.380602e+01,1.540958e+01,-6.012964e-01,8.972064e-01,3.750429e-01,1.143326e+00
2.072693e+01,3.107756e+00,1.737547e+01,-2.420857e-01,-8.893587e-01,-3.963693e-02,9.225700e-01
1.678391e+01,2.304421e+01,1.470547e+01,1.218533e-01,-5.080875e-01,-8.160002e-02,5.288286e-01
1.700215e+01,3.368085e+00,1.646871e+01,-2.080289e+00,1.944658e+00,1.199508e+00,3.090002e+00
1.838716e+01,2.056641e+00,1.660799e+01,7.899008e-02,-8.542008e-01,-1.843159e+00,2.033011e+00
1.731933e+01,2.030145e+00,1.579627e+01,1.061318e+00,9.696165e-03,-7.759537e-01,1.314760e+00
2.321037e+01,6.580298e+00,1.725671e+01,-1.050783e+00,-2.618084e-01,-1.875653e-01,1.099032e+00
2.392255e+01,1.176077e+00,1.877086e+01,-8.985983e-01,-1.812473e-01,-2.260043e+00,2.438877e+00
1.986388e+01,3.695392e+00,2.002794e+01,-4.725147e-01,2.247599e-01,2.320071e+00,2.378343e+00
2.023835e+01,4.830518e+00,1.649916e+01,1.620785e+00,-1.748111e+00,3.093335e-01,2.403856e+00
5.072818e-01,2.104344e+00,1.865792e+01,6.118029e-01,-5.484821e-01,8.800712e-02,8.263659e-01
5.157594e-01,1.302457e+00,1.779899e+01,6.067398e-01,1.973989e+00,-3.269847e-01,2.090858e+00
2.272531e+01,2.370573e+01,2.093280e+01,8.140515e-01,2.522995e-01,7.239399e-01,1.118224e+00
2.023545e+01,1.867781e+00,2.288643e+01,-2.665964e-01,-2.707972e-01,-9.042877e-01,9.808879e-01
1.049441e-01,2.946192e+00,1.685165e+01,-6.065864e-01,-5.318355e-01,8.747041e-01,1.189917e+00
6.908558e-01,5.396194e+00,1.511117e+01,-1.058808e+00,5.190366e-03,6.358918e-02,1.060728e+00
5.975233e-02,4.695095e+00,1.995986e+01,-8.261065e-01,2.783436e-01,-1.714627e+00,1.923505e+00
3.130766e+00,7.666493e+00,1.621148e+01,-2.433474e-01,1.371185e+00,-1.596726e-01,1.401736e+00
1.881058e+00,2.903029e+00,1.954783e+01,-3.843019e-01,1.977377e+00,-4.158668e-01,2.056855e+00
3.160505e+00,1.391661e+00,1.884472e+01,1.076310e-01,-3.700791e-01,-1.354650e+00,1.408411e+00
2.931456e+00,2.236143e+00,1.444496e+01,-1.407420e+00,-9.853724e-01,6.848760e-01,1.849552e+00
6.101451e-01,4.267480e+00,2.077350e+01,7.848446e-02,-1.113352e+00,9.214999e-01,1.447368e+00
1.896201e+00,3.836510e+00,1.424899e+01,-8.553311e-03,4.460590e-01,2.543260e-01,5.135402e-01
3.330183e+00,3.331746e+00,1.864880e+01,-2.801266e-01,8.164327e-01,-6.201390e-01,1.062829e+00
3.113978e+00,2.379296e+00,1.659246e+01,5.288455e-01,3.487929e-01,-1.161575e+00,1.323099e+00
3.440487e+00,5.086252e+00,1.974305e+01,-1.908699e+00,-5.237882e-01,-1.418574e+00,2.435126e+00
9.749866e+00,1.113419e+00,1.478947e+01,4.892349e-01,-6.004026e-01,2.244037e+00,2.373929e+00
4.190769e+00,7.267444e+00,1.659501e+01,-1.022212e+00,2.543203e+00,4.027187e-02,2.741244e+00
7.050612e+00,1.569031e+00,1.496877e+01,2.743534e-01,3.224046e-01,-1.173574e-01,4.393031e-01
4.700289e+00,2.155483e+01,1.574605e+01,-5.504101e-01,-3.993372e-01,1.097331e+00,1.290952e+00
4.119521e+00,2.838521e+00,1.580182e+01,-7.302445e-01,8.019419e-01,6.988967e-01,1.290281e+00
8.385112e+00,7.470827e+00,1.893462e+01,2.239709e+00,8.250746e-01,7.638688e-01,2.506100e+00
7.425619e+00,5.563784e+00,1.594561e+01,5.867643e-02,5.102277e-01,6.713521e-01,8.452744e-01
6.978049e+00,6.319085e+00,1.517487e+01,1.108536e+00,1.013645e+00,1.047360e+00,1.831200e+00
8.825819e+00,3.918884e-01,1.245585e+01,3.478374e-01,-2.788613e-01,4.477964e-01,6.318830e-01
6.783226e+00,9.291414e+00,1.543825e+01,-4.271204e-01,-1.072315e+00,1.258613e+00,1.707747e+00
1.058268e+01,2.973707e-01,1.702572e+01,-4.742766e-01,-1.235120e+00,-1.816044e+00,2.246882e+00
7.904267e+00,7.314735e+00,1.790160e+01,-9.956034e-01,-7.054909e-01,-3.219039e-01,1.261969e+00
7.962979e+00,2.587986e+00,1.405585e+01,-2.451488e-01,6.994893e-01,-1.445869e-01,7.551745e-01
9.467415e+00,5.013709e+00,1.495789e+01,4.715917e-01,1.968918e-01,8.894516e-01,1.025811e+00
1.348896e+01,4.587930e-01,1.591732e+01,-1.049682e+00,1.207735e+00,1.131704e+00,1.959900e+00
8.698420e+00,4.296183e+00,1.524451e+01,5.318563e-01,1.186037e-01,1.534173e+00,1.628074e+00
1.172714e+01,3.410699e+00,1.797854e+01,-8.283272e-01,3.901693e-02,-2.865314e-01,8.773531e-01
1.095499e+01,5.515789e+00,1.586965e+01,1.173157e+00,-6.555664e-01,-1.161684e-01,1.348911e+00
1.440480e+01,5.120560e+00,1.719057e+01,-4.955403e-01,1.661287e+00,7.660736e-01,1.895338e+00
1.073500e+01,7.494520e+00,2.033003e+01,-2.299861e-02,2.595354e+00,-3.049235e-01,2.613306e+00
1.615922e+01,4.427123e+00,1.366740e+01,-4.264535e-01,-3.317653e-01,-7.513704e-03,5.403584e-01
1.464084e+01,3.429836e+00,1.606600e+01,5.158465e-01,1.503791e-01,-2.190410e-02,5.377651e-01
1.684616e+01,4.690539e+00,1.676208e+01,-2.738896e-01,2.543348e-01,1.701927e+00,1.742486e+00
1.740185e+01,2.566156e+00,1.874629e+01,1.703472e+00,-9.839604e-01,-6.067614e-01,2.058678e+00
1.485345e+01,3.145566e+00,1.511805e+01,7.660965e-01,-9.972789e-01,6.140679e-02,1.259063e+00
1.705173e+01,3.088182e+00,1.788100e+01,5.617106e-01,-2.719611e-01,8.618924e-01,1.064115e+00
1.733838e+01,8.258620e-01,1.558011e+01,-3.098210e-01,3.417233e-01,-1.827983e+00,1.885281e+00
1.577256e+01,9.984638e-01,1.831421e+01,-4.078011e-01,-5.562866e-01,1.033825e+00,1.242800e+00
1.630068e+01,3.110357e+00,1.709872e+01,-2.652063e-01,-1.836491e+00,-8.220208e-01,2.029471e+00
2.129030e+01,6.518454e+00,1.521088e+01,1.536156e+00,2.414683e+00,-1.326610e+00,3.154419e+00
1.861535e+01,3.623898e+00,1.554071e+01,-1.139618e+00,-1.041408e+00,-9.639488e-01,1.820016e+00
1.478411e+01,5.939205e+00,1.840181e+01,-7.385033e-01,3.843760e-01,-3.348451e-01,8.973590e-01
2.119613e+01,5.445704e+00,1.712930e+01,-1.154080e+00,2.074124e-01,1.737029e+00,2.095755e+00
2.035735e+01,6.018925e+00,1.949900e+01,2.298145e+00,7.647690e-02,-2.175763e-01,2.309688e+00
1.836094e+01,4.634880e+00,1.738882e+01,3.588305e-01,6.851092e-01,-6.973377e-01,1.041352e+00
1.993515e+01,5.121175e+00,1.964715e+01,-3.087257e-03,6.079502e-01,-6.512204e-02,6.114359e-01
1.826024e+01,2.755188e+00,1.927226e+01,-2.814140e-01,-5.043318e-01,-2.217682e-01,6.186481e-01
1.965375e+01,6.575884e+00,2.028480e+01,-1.958629e-01,9.395504e-01,-6.717068e-01,1.171455e+00
1.837365e+01,3.756418e+00,1.938059e+01,4.038075e-01,-7.370993e-01,7.960779e-01,1.157634e+00
1.620430e+01,4.931893e+00,1.879615e+01,-9.929471e-02,-6.648427e-01,2.228652e-01,7.081978e-01
2.289950e+01,9.652785e-01,2.121313e+01,-4.061093e-01,-7.872211e-01,4.096931e-01,9.759560e-01
1.954949e+01,6.035455e+00,1.881744e+01,-4.143210e-01,6.622269e-01,4.382361e-02,7.823854e-01
2.042596e+01,3.892352e+00,2.111131e+01,4.497538e-02,8.322471e-01,1.460079e+00,1.681216e+00
2.279073e+01,4.790319e+00,1.925122e+01,1.081423e+00,2.568353e-01,-3.583648e-01,1.167846e+00
5.245882e-01,2.659877e+00,2.030048e+01,-1.802926e-01,-6.820723e-01,-6.727050e-02,7.086984e-01
2.199545e+01,7.003030e+00,1.990015e+01,2.247812e+00,-6.375343e-01,-1.147041e+00,2.602847e+00
5.129516e-01,5.442067e+00,1.951404e+01,2.078445e+00,3.076687e-01,-7.376142e-01,2.226807e+00
2.185979e+01,6.786794e+00,2.258847e+01,-7.609955e-01,6.409375e-01,9.524358e-02,9.994930e-01
1.574868e+00,4.123527e+00,1.859785e+01,-1.217632e-01,-1.181217e+00,-3.438325e-01,1.236252e+00
2.980323e+00,3.452907e+00,1.440200e+01,4.845105e-01,4.792698e-01,-4.188141e-01,7.999095e-01
3.947929e+00,4.585349e+00,1.691005e+01,-1.190114e+00,8.657690e-01,-2.488330e+00,2.890971e+00
8.326531e-01,7.202581e+00,1.974687e+01,-1.044719e+00,1.522139e+00,-9.199733e-01,2.062691e+00
1.288699e+00,5.433526e+00,1.702481e+01,2.058060e-01,-2.989642e-01,-2.304608e-01,4.299394e-01
5.997933e+00,8.545196e+00,1.367150e+01,2.697941e+00,-5.816974e-01,8.395408e-01,2.884803e+00
6.296800e+00,7.515650e+00,1.854802e+01,-1.211410e+00,1.533617e-01,-4.534971e-01,1.302572e+00
5.639160e+00,7.075332e+00,1.954851e+01,-9.173199e-01,-2.009088e-02,5.072310e-01,1.048410e+00
8.034944e+00,5.925963e+00,1.761980e+01,-1.921029e-01,3.505719e-01,-3.426522e-01,5.265118e-01
4.446084e+00,6.133181e+00,1.697949e+01,1.277776e+00,1.531529e+00,-2.498046e-01,2.010148e+00
7.447565e+00,8.660856e+00,1.788279e+01,1.149467e+00,-1.180247e+00,-5.777574e-01,1.745870e+00
4.536575e+00,9.405662e+00,1.796296e+01,8.309974e-02,3.546831e-02,-1.264163e+00,1.267387e+00
7.206164e+00,6.903047e+00,1.857308e+01,-5.708916e-01,-1.728235e+00,9.609726e-01,2.058198e+00
6.981425e+00,9.632883e+00,1.824327e+01,-1.096045e-01,5.780518e-01,6.704599e-01,8.920053e-01
7.155870e+00,2.961591e+00,1.677951e+01,-6.354022e-01,4.272539e-01,3.928284e-01,8.605789e-01
5.951858e+00,4.219855e+00,1.438191e+01,4.635008e-01,-4.121444e-01,2.174561e-01,6.572542e-01
6.439155e+00,6.394938e+00,1.630487e+01,-9.067969e-01,6.092125e-01,3.353355e-01,1.142747e+00
6.074584e+00,9.883974e+00,1.885806e+01,6.842489e-01,2.032489e+00,-7.228226e-01,2.263113e+00
8.641161e+00,7.094038e+00,1.719292e+01,-8.141612e-01,6.118494e-01,6.013912e-01,1.182747e+00
8.529268e+00,1.167582e+01,2.084251e+01,-1.068052e+00,1.066545e+00,1.935716e+00,2.454639e+00
9.522471e+00,8.697733e+00,1.586013e+01,8.341109e-02,7.971238e-01,-4.445863e-02,8.027081e-01
1.169614e+01,8.408686e+00,1.734510e+01,-5.445134e-01,-9.749280e-01,2.225999e+00,2.490392e+00
6.326988e+00,7.297287e+00,1.467250e+01,-1.020065e+00,1.135769e+00,1.337632e-01,1.532448e+00
9.991801e+00,7.196410e+00,1.873020e+01,-2.416060e-01,1.720026e+00,-5.135209e-03,1.736920e+00
1.067962e+01,6.660299e+00,1.784431e+01,1.071393e+00,8.455290e-01,-3.913438e-01,1.419842e+00
1.186993e+01,4.285917e+00,1.874979e+01,6.732086e-01,5.126974e-01,2.430139e-01,8.804113e-01
1.255635e+01,5.638377e+00,1.797898e+01,-6.498147e-01,-2.357445e-02,3.162519e-01,7.230700e-01
1.067505e+01,3.232687e+00,1.756990e+01,-9.340900e-01,-6.543222e-01,-5.066285e-01,1.247932e+00
1.424243e+01,7.492303e+00,1.667301e+01,-4.152728e-01,-1.989007e-01,1.429322e+00,1.501657e+00
1.272317e+01,3.317265e+00,1.740833e+01,3.516075e-01,-2.388169e-01,1.564007e-01,4.529046e-01
1.351623e+01,8.807131e+00,1.447955e+01,9.410411e-01,-1.440088e+00,2.368703e-01,1.736525e+00
1.318721e+01,7.323826e+00,1.709198e+01,7.797951e-01,2.006965e-01,-8.875664e-01,1.198388e+00
1.492465e+01,4.017070e+00,1.779194e+01,2.568428e-01,-9.029136e-01,9.093246e-01,1.306940e+00
1.541626e+01,5.398234e+00,1.571208e+01,2.496668e-01,-3.975142e-01,-8.780114e-01,9.956179e-01
1.594568e+01,2.047995e+00,1.860959e+01,-1.376686e+00,1.053834e-01,-1.402653e+00,1.968199e+00
1.505670e+01,4.396033e+00,1.903939e+01,1.217053e+00,2.751134e-01,2.801728e-01,1.278828e+00
1.631929e+01,6.249280e+00,1.951830e+01,-9.066423e-01,5.650830e-01,-8.429314e-01,1.360828e+00
1.942526e+01,6.572474e+00,1.666668e+01,-2.127158e-01,1.483541e+00,-2.367171e+00,2.801721e+00
1.824781e+01,5.294514e+00,1.505052e+01,3.317168e-02,-6.947956e-01,1.257481e+00,1.437046e+00
1.601861e+01,6.875210e+00,1.882976e+01,-4.774449e-01,1.427670e+00,6.945142e-02,1.506990e+00
1.793611e+01,3.760779e+00,1.670700e+01,1.961448e-01,-5.738228e-01,1.368126e+00,1.496501e+00
1.777121e+01,7.272425e+00,1.442376e+01,-7.255323e-01,5.114471e-01,-8.408161e-01,1.222680e+00
1.808820e+01,7.202486e+00,1.883603e+01,1.136369e+00,1.343140e-01,-1.951495e-02,1.144445e+00
1.521942e+01,1.108734e+01,2.030160e+01,9.462703e-01,2.331679e+00,-1.366489e+00,2.863468e+00
1.736418e+01,4.873613e+00,2.242463e+01,1.456364e-01,1.832956e+00,-1.010946e-01,1.841509e+00
2.265561e+01,4.004634e+00,1.833738e+01,5.899005e-01,-9.837596e-02,9.571682e-01,1.128641e+00
1.579996e+01,2.540513e+00,1.776302e+01,-7.689950e-01,1.625585e+00,-8.361879e-01,1.983202e+00
1.685609e+01,5.135433e+00,1.773558e+01,-7.476285e-01,-2.056168e-01,-1.535723e+00,1.720369e+00
1.812458e+01,4.208419e+00,1.844429e+01,4.043108e-01,9.579198e-02,1.542864e-01,4.432241e-01
7.267448e-01,5.156239e+00,1.856657e+01,-1.330190e+00,6.082173e-02,7.467525e-01,1.526677e+00
6.512303e-01,6.292331e+00,1.902739e+01,1.288896e-01,2.044047e+00,6.927013e-01,2.162077e+00
1.769953e+01,1.943796e+00,1.784375e+01,1.395916e-01,-7.848817e-01,-1.194058e+00,1.435723e+00
2.216921e+01,6.290770e+00,1.750594e+01,-1.526087e+00,-5.310960e-02,-5.416751e-01,1.620239e+00
2.707855e+00,1.005013e+01,1.755026e+01,4.356655e-01,1.230388e+00,5.470681e-01,1.415254e+00
2.264071e+01,6.170264e+00,2.304697e+01,6.091655e-01,3.389382e-01,-1.936753e-03,6.971122e-01
8.731223e-01,8.224519e+00,1.795710e+01,8.193936e-01,-1.440765e+00,-4.273844e-01,1.711686e+00
2.387195e+01,5.433987e+00,2.098860e+01,8.089939e-01,-1.210436e+00,-2.080688e+00,2.539466e+00
2.342171e+01,7.802657e+00,1.759062e+01,-4.859343e-01,1.304567e-01,4.075870e-01,6.475170e-01
3.082063e+00,8.684849e+00,1.617463e+01,2.223458e-01,-1.519456e+00,4.415771e-01,1.597865e+00
4.135060e+00,5.312830e+00,1.765697e+01,1.254000e+00,2.303140e-01,5.854080e-01,1.402948e+00
1.777794e+00,1.502109e+00,1.575930e+01,5.871309e-02,6.745083e-01,-9.601896e-01,1.174893e+00
5.852937e+00,1.122375e+01,1.428522e+01,4.519247e-03,8.890641e-01,-9.131034e-01,1.274446e+00
4.657791e+00,5.543259e+00,1.957139e+01,9.143905e-01,3.415546e-01,6.579900e-01,1.177166e+00
4.119415e+00,9.064059e+00,1.671712e+01,-5.366040e-02,4.139345e-01,-1.174888e+00,1.246829e+00
3.366253e+00,7.970246e+00,1.711650e+01,-4.169690e-01,-2.196312e-01,6.892909e-01,8.349988e-01
6.038385e+00,6.253638e+00,1.829916e+01,1.486223e-01,2.461023e-01,-1.444331e-01,3.217388e-01
6.370604e+00,8.901488e+00,1.768785e+01,1.703549e+00,5.580966e-01,8.798334e-01,1.996912e+00
3.219803e+00,6.184839e+00,1.466703e+01,1.751673e+00,-4.601290e-01,7.785553e-01,1.971351e+00
5.411224e+00,4.473025e+00,1.555221e+01,4.996977e-01,3.020453e-01,-3.456080e-01,6.785087e-01
8.720832e+00,1.022072e+01,1.775341e+01,-3.453040e-01,9.171427e-01,-1.196880e+00,1.546902e+00
7.233330e+00,1.137424e+01,1.900018e+01,-6.519305e-01,1.694578e+00,-1.529368e+00,2.373936e+00
3.390276e+00,1.134579e+01,2.129094e+01,2.937620e-01,9.879836e-01,-2.326356e-01,1.056658e+00
7.928089e+00,9.266346e+00,1.556921e+01,-5.853186e-01,1.330368e+00,-1.036598e+00,1.785221e+00
1.061703e+01,8.454172e+00,1.827771e+01,1.251091e+00,-7.056129e-01,1.226800e+00,1.888956e+00
8.038473e+00,9.557980e+00,1.830725e+01,1.586576e+00,1.364196e-02,8.640114e-01,1.806634e+00
5.501180e+00,9.456050e+00,1.790296e+01,-4.288977e-01,-5.621676e-01,1.389550e+00,1.559114e+00
9.629096e+00,1.145632e+01,1.770687e+01,-7.397262e-02,-4.294199e-01,-1.155235e+00,1.234683e+00
8.367730e+00,7.197334e+00,1.617788e+01,-2.655088e+00,-3.247885e-01,1.645400e+00,3.140434e+00
1.150487e+01,9.266679e+00,1.810091e+01,5.661373e-02,-1.365154e+00,-1.192261e+00,1.813377e+00
8.378112e+00,1.139561e+01,1.926254e+01,-5.431054e-01,5.934203e-01,-8.296649e-01,1.155619e+00
8.154208e+00,7.583800e+00,2.065733e+01,-3.241078e-01,2.122423e-01,-1.072215e-01,4.019815e-01
1.273572e+01,9.843411e+00,1.520151e+01,5.225828e-01,5.050685e-01,-1.365700e+00,1.547037e+00
9.501796e+00,6.963676e+00,1.598449e+01,-1.518395e+00,2.469655e-01,1.281083e+00,2.001922e+00
1.052237e+01,8.856507e+00,1.598039e+01,8.469739e-02,4.296381e-01,7.638752e-01,8.804930e-01
1.191967e+01,1.033594e+01,1.579524e+01,5.812506e-01,-1.687491e-01,-1.126377e+00,1.278692e+00
1.294111e+01,8.670816e+00,1.878012e+01,3.172633e-01,-6.639318e-01,-3.791778e-01,8.277906e-01
1.253348e+01,4.444728e+00,1.790894e+01,-3.215166e-01,-1.210327e-01,-4.937176e-01,6.014805e-01
1.267599e+01,6.587120e+00,1.778575e+01,-8.432659e-01,3.468070e-01,-1.781589e-01,9.290388e-01
1.288778e+01,4.965129e+00,2.107604e+01,-3.601080e-01,4.935661e-01,1.675434e-01,6.335267e-01
1.210946e+01,6.462727e+00,1.445084e+01,-1.428331e+00,7.827747e-01,6.503225e-02,1.630060e+00
1.323384e+01,5.030139e+00,1.738578e+01,1.671745e+00,1.203923e+00,1.186542e+00,2.377403e+00
1.440780e+01,8.268180e+00,1.580734e+01,1.423572e-01,-1.612170e-01,-5.645649e-01,6.041441e-01
1.455496e+01,8.327209e+00,1.954423e+01,-1.014152e+00,-1.392758e-01,2.004022e+00,2.250335e+00
1.748644e+01,1.006314e+01,1.775113e+01,-4.936150e-01,-1.062531e+00,1.209616e+00,1.683983e+00
1.428044e+01,6.979256e+00,1.898382e+01,6.501939e-03,8.312228e-02,6.082938e-01,6.139812e-01
1.638895e+01,1.167572e+01,2.045309e+01,3.781196e-02,-1.084869e+00,7.045271e-01,1.294113e+00
1.760786e+01,6.349405e+00,1.563605e+01,-7.203982e-02,7.205632e-02,-5.865865e-01,5.953701e-01
2.011337e+01,6.994511e+00,1.885027e+01,9.931700e-01,9.467890e-01,2.354790e-01,1.392209e+00
1.843042e+01,8.212007e+00,1.945444e+01,2.758868e-01,-4.388340e-01,5.810104e-01,7.786282e-01
1.567828e+01,9.098746e+00,2.020111e+01,-7.513051e-01,1.502142e+00,-4.146280e-01,1.729973e+00
1.873632e+01,7.171481e+00,1.580924e+01,-8.850071e-01,1.485908e-01,-8.313768e-01,1.223317e+00
2.023127e+01,1.006775e+01,1.964845e+01,-3.783872e-01,-3.624631e-01,7.668971e-02,5.295637e-01
3.909227e-01,6.380107e+00,1.686856e+01,-5.719841e-01,-2.387790e-01,6.810292e-02,6.235537e-01
1.692831e+01,7.314309e+00,1.899961e+01,-1.152634e+00,1.472692e-01,7.736789e-01,1.396005e+00
2.108730e+01,1.003909e+01,1.677843e+01,-1.710482e+00,2.084127e+00,3.090688e-01,2.713827e+00
2.367304e+01,6.208976e+00,1.555415e+01,-1.268343e+00,-3.691229e+00,-1.557885e-01,3.906166e+00
2.129384e+01,5.936441e+00,1.975313e+01,-8.597718e-01,2.398094e-01,9.570334e-02,8.977055e-01
2.207351e+01,7.496955e+00,1.721685e+01,1.457808e+00,1.119575e-01,-9.106042e-01,1.722480e+00
1.550997e+00,1.002168e+01,1.789003e+01,-2.101152e+00,-8.143896e-01,9.912943e-01,2.461856e+00
9.995957e-01,9.871931e+00,1.534450e+01,-9.930134e-01,-1.137939e+00,1.292091e+00,1.987581e+00
2.369429e+01,6.237207e+00,1.823564e+01,3.689432e-01,-8.237342e-01,-9.172333e-01,1.286847e+00
4.184012e-01,7.178372e+00,1.769382e+01,-5.294518e-01,-9.255937e-01,7.457644e-01,1.301233e+00
2.894997e+00,9.950287e+00,1.644109e+01,6.869398e-01,1.477490e+00,4.401772e-01,1.687785e+00
1.873390e+00,9.315367e+00,1.579189e+01,-7.782995e-01,-1.014997e+00,3.077708e-01,1.315557e+00
1.631602e+00,5.307589e+00,1.571756e+01,-2.524505e-01,-1.762201e+00,-8.434757e-01,1.969908e+00
5.273390e+00,1.034514e+01,1.846037e+01,-2.153769e-02,2.797033e-01,-1.611143e-01,3.235052e-01
2.520659e+00,9.339228e+00,1.886220e+01,1.195095e+00,-7.252689e-01,6.310991e-01,1.533803e+00
4.772270e+00,1.053916e+01,1.945214e+01,-3.192061e-01,2.916249e-02,-7.331148e-02,3.288124e-01
4.125647e+00,1.062271e+01,2.039653e+01,-5.922644e-01,1.832660e-01,5.700931e-01,8.422409e-01
5.966370e+00,1.043295e+01,1.510640e+01,1.999565e+00,-1.042646e+00,-4.309573e-01,2.295887e+00
5.074929e+00,8.892342e+00,1.719160e+01,3.755774e-01,-1.348067e-01,1.652874e-01,4.319157e-01
3.983778e+00,1.153494e+01,1.532966e+01,-1.823918e-01,-1.262466e+00,1.312113e+00,1.829953e+00
7.566904e+00,9.430077e+00,2.010476e+01,-6.879589e-01,6.580392e-01,-1.153296e-01,9.589598e-01
5.584051e+00,8.116783e+00,1.793255e+01,1.652933e+00,-7.613609e-01,-7.880657e-01,1.983155e+00
6.828182e+00,9.543849e+00,1.672124e+01,1.295842e+00,9.015144e-01,4.231148e-01,1.634308e+00
5.271769e+00,1.347733e+01,2.053438e+01,-1.032323e-01,2.167670e-01,4.749939e-01,5.322255e-01
7.346319e+00,1.015571e+01,1.743495e+01,1.157873e+00,9.164291e-01,5.100108e-01,1.562249e+00
8.887240e+00,1.190082e+01,1.602148e+01,-1.258062e+00,9.203636e-01,1.747203e-01,1.568539e+00
8.379902e+00,8.536832e+00,1.860406e+01,-4.852946e-01,3.352885e-01,1.095751e+00,1.244428e+00
7.120502e+00,1.132031e+01,1.379704e+01,-8.157850e-01,-8.864042e-01,-1.988440e+00,2.324890e+00
9.171995e+00,1.214860e+01,1.949568e+01,7.144829e-01,2.746188e-01,-4.192494e-02,7.665892e-01
9.518392e+00,1.043776e+01,1.690712e+01,4.491287e-01,-1.794568e+00,-2.254334e-01,1.863601e+00
9.989003e+00,1.123952e+01,1.954406e+01,2.313507e-02,-1.389914e+00,8.796468e-01,1.645046e+00
1.297650e+01,9.393443e+00,2.055616e+01,1.642876e+00,1.471541e-01,-1.719843e+00,2.382972e+00
1.312955e+01,6.285274e+00,2.049927e+01,5.482312e-01,-1.130413e+00,-1.652322e+00,2.075706e+00
5.753112e+00,1.245580e+01,1.826791e+01,9.608042e-01,3.864264e-01,-3.998994e-01,1.110130e+00
1.333282e+01,1.000896e+01,1.841548e+01,6.171958e-01,4.414206e-01,-9.614209e-01,1.224791e+00
1.281838e+01,1.281980e+01,1.886639e+01,-5.396418e-01,1.926533e+00,1.547427e-01,2.006661e+00
1.278599e+01,7.173067e+00,1.455210e+01,1.952536e-01,-1.756332e-01,1.434888e-01,2.992658e-01
1.787385e+01,1.116704e+01,1.729588e+01,2.261284e+00,-6.661846e-01,6.332799e-01,2.440952e+00
1.379626e+01,8.843306e+00,1.816841e+01,1.753180e-01,-8.170428e-01,-1.127539e+00,1.403439e+00
1.615213e+01,1.164234e+01,1.605816e+01,-1.917637e-01,-2.175283e-02,-1.324467e+00,1.338454e+00
1.462874e+01,1.090070e+01,1.819652e+01,-9.352421e-01,-5.757247e-01,8.499625e-01,1.388731e+00
1.252877e+01,1.191359e+01,1.825911e+01,-1.017980e+00,-1.810345e-01,6.453028e-01,1.218800e+00
1.503111e+01,8.214521e+00,1.753624e+01,-4.483136e-01,2.033740e-02,2.061155e-01,4.938444e-01
1.835068e+01,1.133957e+01,1.889122e+01,-1.257823e-01,4.982025e-01,9.738627e-01,1.101106e+00
1.258787e+01,8.433431e+00,1.415721e+01,2.590171e-01,-6.938620e-01,-1.081594e+00,1.310870e+00
1.642121e+01,1.048893e+01,1.788860e+01,-3.133505e-01,3.297700e-01,-1.108964e+00,1.198640e+00
1.358753e+01,6.892505e+00,1.830032e+01,-9.864288e-01,-1.661209e+00,1.315530e-01,1.936482e+00
1.399089e+01,9.153569e+00,1.918348e+01,1.538715e+00,1.514163e+00,-8.967355e-01,2.337620e+00
1.533763e+01,1.021560e+01,1.746578e+01,-6.686990e-01,-8.766389e-01,1.259772e+00,1.674120e+00
1.436441e+01,6.518908e+00,1.747717e+01,4.563918e-01,2.063379e-01,-1.868733e+00,1.934691e+00
1.695463e+01,7.712557e+00,1.667073e+01,1.002821e+00,7.789353e-01,2.155968e-01,1.287972e+00
1.824781e+01,1.027435e+01,1.890685e+01,6.444836e-01,6.458808e-01,7.679285e-01,1.192575e+00
2.047622e+01,5.901174e+00,1.828490e+01,6.083956e-01,-9.944819e-01,-1.029263e-01,1.170356e+00
1.762806e+01,8.738168e+00,1.606697e+01,3.745122e-01,-9.585392e-01,1.046886e-01,1.034416e+00
2.303502e+01,6.325519e+00,1.461229e+01,-1.682126e-02,-3.602385e-02,4.977965e-01,4.993817e-01
2.047525e+01,7.242148e+00,1.618805e+01,-9.835264e-01,9.344518e-01,6.693942e-01,1.512816e+00
2.118191e+01,9.009218e+00,1.664819e+01,-6.463305e-01,1.342575e-01,-7.392675e-01,9.911027e-01
2.070695e+01,8.425396e+00,2.016180e+01,1.327813e-01,6.043399e-01,3.518561e-01,7.118008e-01
2.040405e+01,5.220323e+00,1.535700e+01,-6.764099e-01,-5.216197e-01,-1.008603e+00,1.321703e+00
1.872526e+01,8.049608e+00,1.836618e+01,3.782311e-02,1.019597e+00,1.122708e+00,1.517063e+00
2.216322e+01,8.189837e+00,1.396142e+01,-9.538831e-01,4.409615e-01,2.891051e-01,1.089918e+00
1.047298e-02,9.222118e+00,1.526814e+01,-3.335711e-01,-1.377791e-01,5.808577e-01,6.838483e-01
9.610866e-01,1.073708e+01,1.838320e+01,-7.992982e-03,1.659703e+00,9.215191e-01,1.898388e+00
2.163136e+01,1.289317e+01,1.524357e+01,4.698124e-01,-5.943738e-01,-1.566561e+00,1.740149e+00
2.015688e+00,9.862813e+00,2.029832e+01,4.996646e-01,-6.741165e-01,-5.420833e-02,8.408545e-01
5.897726e-01,9.213204e+00,1.312984e+01,-4.155643e-01,-6.287059e-01,-4.329249e-01,8.691310e-01
1.806877e+00,1.034695e+01,1.497522e+01,-5.166990e-01,3.402512e-01,-4.821634e-01,7.843662e-01
3.123121e+00,1.101706e+01,1.792826e+01,1.864023e+00,2.096391e-01,4.261769e-01,1.923579e+00
3.457323e+00,9.505284e+00,1.818018e+01,-1.228409e+00,-1.468621e+00,-8.582422e-01,2.098194e+00
2.591873e+00,1.201012e+01,1.647103e+01,-1.067099e+00,-1.557193e+00,5.828961e-01,1.975682e+00
4.256949e+00,1.109680e+01,1.746532e+01,5.683639e-01,-1.357397e+00,-1.103378e+00,1.839295e+00
4.890785e+00,1.522700e+01,1.564298e+01,8.684559e-01,-4.478821e-02,-1.067459e+00,1.376841e+00
3.990054e+00,9.501816e+00,1.904115e+01,-5.650704e-01,1.562301e+00,-1.575212e-01,1.668803e+00
3.593339e+00,1.240107e+01,1.597412e+01,-5.040408e-01,2.620213e-01,1.252641e+00,1.375435e+00
4.645708e+00,1.210646e+01,1.766230e+01,-8.626950e-01,-7.398379e-01,-1.342907e-03,1.136488e+00
6.702047e+00,1.087320e+01,1.698109e+01,6.491023e-01,-1.770270e+00,-1.460404e+00,2.384947e+00
5.586665e+00,9.125086e+00,1.985467e+01,3.023757e-01,1.855787e-01,-1.348531e-01,3.795469e-01
5.312144e+00,1.300024e+01,1.731430e+01,3.600965e-01,-4.175026e-01,-5.536460e-01,7.813462e-01
7.733904e+00,1.456230e+01,1.307606e+01,-5.721429e-01,1.317555e-01,-1.360328e+00,1.481620e+00
5.040304e+00,1.163083e+01,1.577071e+01,-6.725308e-02,4.092269e-01,-1.185179e-01,4.313191e-01
5.967825e+00,1.190791e+01,1.535432e+01,1.275997e-01,-1.630926e+00,-7.512069e-01,1.800142e+00
5.116556e+00,1.021899e+01,1.444230e+01,5.483367e-01,2.139058e+00,-3.569019e-01,2.236878e+00
7.738011e+00,1.126495e+01,1.654505e+01,6.224981e-01,-5.269875e-02,-8.256551e-01,1.035368e+00
1.038465e+01,1.390940e+01,1.964630e+01,1.061514e+00,-3.419693e-01,-1.551995e-01,1.125985e+00
9.926782e+00,1.000504e+01,1.564300e+01,-7.039487e-01,-1.688352e-01,-5.594768e-01,9.149117e-01
6.612525e+00,1.025155e+01,1.586041e+01,3.022336e-01,-1.854717e-01,-7.787762e-01,8.557086e-01
8.336110e+00,1.047076e+01,1.682567e+01,-9.676454e-01,1.071944e+00,1.905975e-01,1.456615e+00
1.015965e+01,1.349984e+01,1.854553e+01,6.858946e-01,-6.697043e-02,-2.394390e-01,7.295666e-01
9.143103e+00,1.349391e+01,1.771110e+01,-6.565483e-02,7.077073e-01,9.011080e-02,7.164357e-01
9.999539e+00,1.243817e+01,1.610384e+01,-5.272773e-01,-2.119593e-01,-5.800291e-01,8.120233e-01
1.276706e+01,8.299012e+00,2.081388e+01,-2.159626e-01,-6.525634e-01,-8.144001e-01,1.065705e+00
1.183454e+01,1.307797e+01,1.833553e+01,5.346597e-01,-8.860267e-02,8.817432e-01,1.034979e+00
1.248163e+01,7.334326e+00,1.869382e+01,-2.246272e+00,2.189278e-01,-2.136373e+00,3.107693e+00
1.273104e+01,1.058775e+01,2.196590e+01,-9.250239e-02,2.449591e-02,-1.358802e+00,1.362167e+00
1.698850e+01,1.105812e+01,1.615356e+01,1.304202e+00,2.046357e-01,-8.986964e-01,1.597020e+00
1.410505e+01,1.155330e+01,1.894144e+01,9.902669e-02,1.583812e-01,3.791784e-01,4.226903e-01
1.448112e+01,1.312769e+01,2.005680e+01,-3.709369e-02,9.692058e-01,-5.237292e-01,1.102283e+00
1.216342e+01,9.327821e+00,1.894390e+01,-4.892081e-01,4.913717e-01,5.724105e-01,8.991243e-01
1.611918e+01,1.075909e+01,1.683893e+01,1.027701e+00,1.238174e-02,1.387552e+00,1.726737e+00
1.976978e+01,1.225871e+01,1.722717e+01,1.032206e+00,6.443464e-01,9.824168e-02,1.220772e+00
1.632163e+01,1.269514e+01,2.073103e+01,5.561566e-02,1.874495e+00,-8.642968e-01,2.064905e+00
1.667354e+01,1.019229e+01,1.915228e+01,2.644471e+00,-8.287495e-01,-1.547718e-01,2.775610e+00
2.060057e+01,8.503465e+00,1.813684e+01,-4.598649e-01,2.086587e-01,6.445011e-01,8.187771e-01
1.816874e+01,1.594926e+01,1.575419e+01,7.407379e-01,8.887732e-01,-6.672850e-01,1.335620e+00
1.933248e+01,1.415983e+01,1.994903e+01,1.139847e+00,-8.686843e-01,-4.039106e-01,1.488962e+00
1.566005e+01,1.333378e+01,1.981238e+01,1.165522e+00,8.695821e-01,-3.278330e-01,1.490668e+00
1.396024e+01,1.271834e+01,1.854360e+01,-4.930104e-02,-1.085720e+00,4.488915e-02,1.087766e+00
1.781141e+01,1.497336e+01,1.586786e+01,1.768933e+00,-1.625153e+00,-9.151575e-01,2.570556e+00
1.997653e+01,1.125171e+01,1.628719e+01,-8.448987e-01,2.402359e-01,-1.326613e-01,8.883502e-01
2.015665e+01,1.029492e+01,1.673874e+01,-1.723978e-01,-2.573376e-01,-9.927465e-01,1.039947e+00
2.143573e+01,1.360733e+01,1.774458e+01,4.219936e-01,-3.119249e-01,5.879883e-02,5.280465e-01
2.246379e+01,8.921192e+00,1.681406e+01,-5.635624e-02,5.019829e-01,7.430539e-02,5.105724e-01
2.152226e+01,1.091806e+01,1.675480e+01,4.405982e-01,1.183614e+00,-1.414577e+00,1.896338e+00
1.927840e+01,1.064067e+01,2.266963e+01,-1.767281e-01,-1.457886e+00,-5.811589e-01,1.579370e+00
1.008892e+00,9.134587e+00,1.625945e+01,1.582040e-01,-7.316470e-02,8.086386e-01,8.272110e-01
1.978026e+00,6.715999e+00,1.306930e+01,-1.265243e+00,-6.519811e-01,-1.196143e-01,1.428365e+00
2.082354e+01,1.117302e+01,1.757560e+01,1.064642e+00,-8.340877e-01,-5.378537e-01,1.455490e+00
1.934864e+01,9.634307e+00,2.107060e+01,3.056997e-01,4.117269e-01,-1.480725e+00,1.567009e+00
2.352011e+01,1.086682e+01,1.657675e+01,-1.404699e+00,-2.208932e+00,4.301042e-01,2.652838e+00
2.315443e+01,1.101290e+01,1.842357e+01,6.206038e-01,-8.980768e-02,1.198916e-01,6.384266e-01
2.284872e+01,1.201097e+01,1.813474e+01,-3.654702e-01,-9.735128e-01,-5.033641e-01,1.155280e+00
6.196919e-02,1.361522e+01,1.554474e+01,1.839078e+00,-1.222032e+00,9.740750e-01,2.413378e+00
2.317018e+01,9.758296e+00,1.686904e+01,2.395294e-01,6.876835e-02,8.828304e-01,9.173292e-01
4.677937e+00,1.056973e+01,1.546659e+01,-6.694936e-01,1.425716e+00,9.451342e-02,1.577917e+00
5.278483e+00,1.339858e+01,1.925878e+01,-1.253284e-03,-1.080593e+00,-6.200573e-01,1.245855e+00
1.526219e+00,1.342765e+01,1.653166e+01,-4.218862e-01,6.272547e-01,-2.749181e-01,8.043733e-01
6.234747e+00,1.405052e+01,1.220648e+01,-1.701120e-01,-1.261075e+00,2.966174e-01,1.306610e+00
3.994984e+00,1.457896e+01,1.628650e+01,3.787566e-01,-1.644177e+00,1.499273e+00,2.257121e+00
2.361620e+00,1.422621e+01,1.687391e+01,1.244128e+00,5.636909e-02,-8.145267e-01,1.488115e+00
8.485827e-01,1.279578e+01,1.584920e+01,-7.780458e-01,-2.464806e-01,3.519156e-01,8.887927e-01
3.390089e+00,1.388200e+01,1.512712e+01,-2.123067e+00,-3.693026e-01,7.474859e-01,2.280906e+00
5.557606e+00,1.410424e+01,1.791563e+01,1.704825e+00,7.983130e-01,5.838685e-01,1.970948e+00
4.931603e+00,1.126026e+01,1.480384e+01,-9.445667e-01,-4.251025e-01,-1.623964e+00,1.926182e+00
6.253739e+00,1.496962e+01,1.683569e+01,-1.191762e-01,-3.905597e-01,4.497928e-01,6.074976e-01
4.494807e+00,1.564233e+01,1.804677e+01,5.634864e-01,-1.486000e+00,2.268529e-02,1.589411e+00
7.343147e+00,1.269655e+01,1.500584e+01,7.504204e-01,-2.444562e-01,1.254222e+00,1.481878e+00
6.519074e+00,1.281821e+01,1.582784e+01,-3.249915e-01,2.404882e-01,-1.418031e+00,1.474539e+00
6.135640e+00,1.677783e+01,2.018866e+01,-1.048147e+00,1.991682e-01,1.507962e+00,1.847222e+00
7.247375e+00,1.405322e+01,1.230650e+01,5.488341e-02,-1.540912e+00,-1.545093e+00,2.182827e+00
8.105005e+00,1.394527e+01,1.445701e+01,-2.314640e-02,1.827304e+00,1.095979e+00,2.130903e+00
7.928545e+00,1.393181e+01,1.646924e+01,1.459453e+00,1.173540e+00,-4.056147e-01,1.916174e+00
7.132926e+00,1.367679e+01,1.526135e+01,-1.221054e-01,-8.870008e-01,-1.961091e+00,2.155819e+00
7.364463e+00,1.793865e+01,1.455100e+01,-1.582334e-01,-8.199865e-02,-4.766003e-01,5.088314e-01
1.122031e+01,1.390098e+01,1.695178e+01,-2.793057e-01,-1.304029e+00,-1.173162e+00,1.776180e+00
9.928957e+00,1.150355e+01,1.541538e+01,7.367713e-01,1.339103e-01,5.617188e-01,9.361047e-01
1.195666e+01,1.235278e+01,1.748982e+01,9.076545e-01,-1.290920e+00,-1.657452e+00,2.288549e+00
1.145418e+01,1.074421e+01,1.830713e+01,-1.115474e+00,-7.361225e-02,7.912020e-01,1.369563e+00
8.947152e+00,1.332096e+01,1.464695e+01,-3.302765e-01,3.256043e-01,-1.468830e+00,1.540312e+00
1.052056e+01,1.092268e+01,1.733120e+01,-1.161630e+00,2.462998e+00,1.271037e+00,3.005209e+00
1.046765e+01,1.344487e+01,1.628437e+01,6.070594e-02,-1.527299e-01,-8.811176e-01,8.963146e-01
1.341996e+01,1.338109e+01,2.225426e+01,1.221252e+00,-4.066891e-01,-7.007663e-01,1.465581e+00
1.161534e+01,1.260110e+01,2.032262e+01,2.142713e+00,1.055433e+00,-1.236416e+00,2.689587e+00
1.246013e+01,1.033903e+01,1.667815e+01,-6.241043e-01,-1.124625e+00,-2.799313e-01,1.316301e+00
9.371800e+00,1.439486e+01,1.908041e+01,1.131487e+00,7.603516e-01,-1.709792e+00,2.186730e+00
1.533216e+01,1.288263e+01,1.902698e+01,4.825325e-01,-2.053260e-01,1.230283e-01,5.386394e-01
1.330352e+01,1.195536e+01,2.023204e+01,-5.211617e-02,7.836413e-01,6.597623e-01,1.025717e+00
1.754344e+01,1.736317e+01,2.041593e+01,-2.991105e-01,9.228096e-01,5.194507e-01,1.100397e+00
1.202039e+01,1.380321e+01,1.933000e+01,3.973187e-02,9.160586e-01,7.412129e-01,1.179041e+00
1.742520e+01,1.426160e+01,1.652890e+01,-2.841675e-01,4.948114e-01,-2.502980e-01,6.230879e-01
1.512572e+01,1.183556e+01,1.846971e+01,1.402767e+00,-1.954222e+00,2.526346e+00,3.488433e+00
1.689777e+01,9.945404e+00,2.029985e+01,-7.265183e-01,-8.210937e-01,-3.030451e-01,1.137480e+00
1.784528e+01,1.789066e+01,1.871257e+01,-6.967554e-01,-1.096320e-01,-3.301922e-01,7.787902e-01
1.802877e+01,1.214456e+01,1.452150e+01,-2.088944e-01,-2.167844e-01,-1.966677e-01,3.595977e-01
1.907120e+01,1.650355e+01,1.878614e+01,5.171176e-01,2.569562e-01,-3.639679e-01,6.825758e-01
2.293396e+01,1.669329e+01,1.682172e+01,6.295403e-01,-1.070851e+00,8.774534e-01,1.520844e+00
2.100593e+01,1.248496e+01,2.052266e+01,3.669757e-01,-2.079381e-01,-5.139681e-01,6.648854e-01
2.250968e+01,1.139346e+01,1.677301e+01,6.102663e-01,1.431288e+00,2.473538e-01,1.575498e+00
2.193902e+01,9.249992e+00,1.483327e+01,-2.166223e-01,7.406911e-01,3.925301e-01,8.658108e-01
2.019270e+01,1.496389e+01,1.814896e+01,-3.830582e-01,4.789894e-01,6.439807e-01,8.893119e-01
2.125264e+01,1.603417e+01,1.610315e+01,7.273137e-02,1.720167e+00,7.605247e-01,1.882196e+00
1.023406e+00,8.358984e+00,1.255357e+01,-2.495621e-01,3.333708e-02,8.601475e-04,2.517804e-01
2.327352e+01,1.423119e+01,1.385553e+01,-6.950287e-01,-6.166139e-01,1.415448e-02,9.292351e-01
1.154261e+00,1.049965e+01,1.997597e+01,7.939655e-01,1.913996e-01,-4.990480e-01,9.571123e-01
1.369960e+00,1.262892e+01,1.928178e+01,-3.274976e-01,-2.620622e-01,-2.692374e-01,4.984176e-01
1.988228e+01,1.702640e+01,1.701330e+01,1.180654e+00,-1.242696e+00,-4.232467e-01,1.765608e+00
4.242640e-01,1.361250e+01,1.661404e+01,4.355478e-01,-5.182389e-01,-1.506385e-01,6.935167e-01
2.071116e+00,1.648495e+01,1.407463e+01,1.029974e+00,1.621868e+00,1.099587e+00,2.213684e+00
2.868354e+00,1.295321e+01,1.543449e+01,-3.844532e-01,8.339524e-01,-2.824170e+00,2.969717e+00
4.499372e+00,1.243698e+01,1.533146e+01,8.124400e-01,6.952734e-01,-1.173728e+00,1.587798e+00
1.519454e+00,1.551478e+01,1.727925e+01,-2.240302e-01,5.448211e-01,5.361482e-01,7.965390e-01
1.140538e+00,1.418185e+01,1.755707e+01,-1.895851e-01,-4.178979e-01,-7.135229e-04,4.588917e-01
2.297149e+01,1.505331e+01,1.645261e+01,-1.160642e+00,-5.508526e-01,-9.549117e-01,1.600745e+00
3.058044e+00,1.422603e+01,1.620832e+01,3.435840e+00,-4.703852e-01,-1.343467e-01,3.470491e+00
5.029712e+00,1.458071e+01,1.648082e+01,-1.598694e-01,1.595368e-01,2.860330e-01,3.644518e-01
3.578736e+00,1.442356e+01,1.878710e+01,-1.671125e-01,-1.079562e+00,-1.475755e-02,1.092519e+00
6.381624e+00,1.509894e+01,2.023844e+01,1.384021e+00,-4.778932e-01,1.142227e+00,1.857035e+00
5.778629e+00,1.403513e+01,1.698435e+01,-7.277130e-01,1.301323e+00,8.561809e-01,1.719318e+00
4.491355e+00,1.252458e+01,1.651011e+01,-1.689436e+00,7.773339e-01,1.272800e+00,2.253544e+00
2.777903e+00,1.759463e+01,1.395090e+01,8.398620e-01,-1.104229e-01,1.147251e+00,1.426095e+00
9.854491e-01,1.423918e+01,1.546245e+01,8.213935e-01,1.006210e+00,-7.785267e-01,1.514348e+00
6.937961e+00,1.504451e+01,1.604512e+01,3.386920e-01,-1.869787e+00,8.277898e-01,2.072692e+00
3.941736e+00,1.574977e+01,1.606446e+01,2.089014e-01,2.754780e-01,6.591083e-01,7.442793e-01
7.171866e+00,1.511795e+01,2.100200e+01,1.992525e-02,9.416411e-02,1.321578e+00,1.325079e+00
8.592946e+00,1.461379e+01,1.687330e+01,-6.102916e-01,-6.940781e-01,-9.076669e-01,1.295399e+00
7.222919e+00,1.654327e+01,1.438146e+01,1.163166e-02,1.732128e+00,-7.836160e-01,1.901173e+00
1.012718e+01,1.344142e+01,1.451996e+01,-8.865839e-01,-1.752062e+00,-2.073791e+00,2.855934e+00
5.440622e+00,1.441951e+01,2.092087e+01,1.307670e+00,-6.937296e-01,1.567425e+00,2.155941e+00
6.860094e+00,1.459628e+01,1.469021e+01,-1.626897e+00,3.751100e-01,-4.822858e-01,1.737844e+00
9.087970e+00,1.390549e+01,2.024256e+01,4.561460e-01,-2.733454e+00,-1.993290e-01,2.778412e+00
1.108419e+01,1.494249e+01,1.797178e+01,5.000542e-01,1.166118e+00,-5.488225e-02,1.269999e+00
9.059307e+00,1.658751e+01,1.484903e+01,1.073198e+00,1.062805e+00,1.811485e-01,1.521225e+00
1.000781e+01,1.691587e+01,1.703219e+01,1.175252e+00,6.926794e-01,4.604714e-01,1.439811e+00
1.131409e+01,1.354695e+01,1.578387e+01,-1.721692e+00,-1.016799e+00,-1.231638e-01,2.003315e+00
1.037502e+01,1.452557e+01,1.866740e+01,-1.685898e+00,6.136778e-01,5.321054e-01,1.871361e+00
1.240395e+01,1.032444e+01,2.100166e+01,3.382518e-01,-2.905936e-01,3.405682e-01,5.611111e-01
1.205043e+01,1.446249e+01,1.745527e+01,7.060390e-01,-5.361328e-01,1.607071e+00,1.835377e+00
1.112129e+01,1.231681e+01,1.842256e+01,-6.551411e-01,1.319878e+00,5.130198e-01,1.560281e+00
1.484759e+01,1.877169e+01,1.725899e+01,5.496346e-01,7.075580e-02,-3.929701e-01,6.793600e-01
1.253437e+01,1.109035e+01,2.016568e+01,-2.329902e+00,6.510237e-01,1.107699e+00,2.660690e+00
1.309713e+01,1.286387e+01,1.774732e+01,1.036593e+00,2.799981e-01,7.929986e-02,1.076667e+00
1.709875e+01,1.196913e+01,1.939752e+01,1.312650e+00,8.480977e-01,-1.052254e+00,1.884027e+00
1.671770e+01,1.580513e+01,1.800041e+01,6.442651e-01,-6.558665e-01,-2.113362e+00,2.304678e+00
1.833950e+01,1.550499e+01,2.086350e+01,-4.792769e-03,-2.225465e-01,-1.128091e+00,1.149843e+00
1.735754e+01,1.206338e+01,2.054768e+01,1.288200e+00,-2.381312e+00,6.217711e-01,2.777895e+00
1.401628e+01,1.487444e+01,1.717450e+01,6.592554e-01,-2.685265e-01,-9.215434e-01,1.164460e+00
2.159199e+01,1.587167e+01,1.954784e+01,5.105880e-03,8.786020e-01,1.348174e+00,1.609205e+00
1.832168e+01,1.383159e+01,1.830333e+01,-1.348540e+00,1.537374e+00,9.858612e-01,2.270242e+00
1.806585e+01,1.717705e+01,1.771071e+01,-4.063732e-01,8.637724e-01,-1.844092e+00,2.076516e+00
1.998205e+01,1.606324e+01,1.922591e+01,-1.388256e+00,-6.686369e-01,-7.042371e-01,1.694190e+00
1.919943e+01,1.941129e+01,1.552841e+01,-2.327410e+00,-5.104940e-02,-1.181509e+00,2.610633e+00
2.258875e+01,1.439834e+01,1.857662e+01,1.764526e+00,-8.509669e-01,3.864220e-01,1.996752e+00
1.733224e+01,1.557948e+01,1.892617e+01,-1.056327e+00,4.057667e-01,-3.526854e-01,1.185268e+00
2.310272e+01,1.330630e+01,1.780465e+01,1.331778e-01,6.169042e-01,-6.977955e-01,9.408643e-01
1.922727e+01,1.702801e+01,1.517957e+01,-6.916744e-01,-4.176422e-01,-8.035397e-01,1.139524e+00
2.198516e+01,1.544221e+01,1.699941e+01,2.444241e-02,-7.454925e-01,-5.617441e-01,9.337628e-01
2.190852e+01,1.297502e+01,2.001244e+01,5.314115e-01,7.911187e-01,1.217097e+00,1.545830e+00
1.959538e+01,1.407008e+01,1.680411e+01,8.477292e-01,-6.167883e-01,8.960303e-01,1.379109e+00
2.290277e-01,1.226451e+01,1.979963e+01,-1.905049e-01,-1.808413e-01,-1.862054e+00,1.880489e+00
2.110533e+01,1.491085e+01,1.597982e+01,-8.642399e-01,-5.205635e-01,2.619440e-01,1.042359e+00
2.220373e+01,1.199881e+01,2.054162e+01,-1.152899e-01,1.080513e+00,1.072392e+00,1.526704e+00
2.367498e+01,1.608719e+01,1.329560e+01,2.720017e-01,-8.466831e-01,8.154117e-01,1.206546e+00
2.373752e+01,1.127602e+01,1.505684e+01,1.061177e+00,7.466388e-01,-8.019327e-01,1.525340e+00
2.723479e+00,1.387437e+01,1.865990e+01,6.496620e-01,4.192447e-01,-1.433214e+00,1.628474e+00
2.304279e+01,1.913407e+01,1.474336e+01,-1.231976e+00,-8.155326e-01,2.508929e-01,1.498601e+00
1.518317e+00,1.729174e+01,1.392046e+01,2.297275e-01,6.756933e-01,1.685045e-01,7.333007e-01
2.263641e+00,1.597690e+01,1.787512e+01,1.239968e+00,2.721928e-01,1.307692e+00,1.822544e+00
1.861641e+00,1.403004e+01,1.472021e+01,4.738069e-01,-1.481007e-01,-4.091351e-01,6.432871e-01
4.625972e+00,1.306194e+01,1.413896e+01,1.139165e+00,-2.260681e-01,5.108919e-01,1.268785e+00
4.295012e+00,1.502936e+01,1.721264e+01,1.086015e+00,-1.637515e-01,1.032336e-02,1.098339e+00
2.840572e+00,1.721483e+01,1.947287e+01,-4.585170e-01,-5.870240e-01,3.724949e-01,8.328190e-01
1.492297e+00,1.592211e+01,1.560259e+01,-1.415129e-01,-7.667422e-01,-1.625239e-01,7.964506e-01
1.668023e+00,1.767567e+01,2.021748e+01,-1.589821e+00,1.469238e-01,5.820038e-01,1.699366e+00
2.266127e+01,1.592847e+01,1.497102e+01,-9.491340e-01,-6.571968e-01,-2.400806e-01,1.179153e+00
3.376966e+00,1.573154e+01,1.767227e+01,-9.241233e-01,6.408682e-01,1.098611e+00,1.572152e+00
4.460875e+00,1.372509e+01,1.568980e+01,-9.510199e-01,5.881632e-01,-6.154463e-01,1.276381e+00
6.899859e+00,1.582169e+01,1.709364e+01,1.573564e+00,3.917957e-01,-9.758048e-01,1.892565e+00
5.501734e+00,1.566862e+01,1.637649e+01,1.678882e-01,9.344521e-01,3.730273e-01,1.020067e+00
8.713963e+00,1.903292e+01,1.656871e+01,8.423376e-01,1.913071e+00,6.149130e-01,2.178874e+00
7.696384e+00,1.732270e+01,1.866157e+01,-1.105058e-01,-1.379441e+00,1.399609e+00,1.968241e+00
4.334078e+00,1.630783e+01,1.721198e+01,1.491079e+00,2.846647e-01,9.662067e-01,1.799418e+00
7.763382e+00,1.391107e+01,1.754721e+01,9.032198e-01,3.295643e-01,3.013809e-01,1.007596e+00
6.657067e+00,1.588573e+01,1.906210e+01,-7.647862e-01,-2.170539e+00,-1.598663e-01,2.306880e+00
6.280382e+00,1.940133e+01,2.249757e+01,1.512602e-01,-7.812120e-01,7.276899e-01,1.078288e+00
7.964925e+00,1.782117e+01,1.948273e+01,-7.521866e-01,1.520099e+00,-6.214038e-01,1.806275e+00
1.210486e+01,1.534001e+01,2.046919e+01,-1.353722e+00,4.552211e-01,4.217805e-01,1.489191e+00
1.124151e+01,1.519522e+01,1.701219e+01,-1.693796e+00,7.441347e-01,-6.479207e-01,1.960225e+00
9.595659e+00,1.354961e+01,1.545802e+01,-1.688512e+00,1.837330e-01,2.064662e+00,2.673511e+00
8.809401e+00,1.584154e+01,1.622683e+01,9.678238e-01,1.143911e+00,-4.932498e-01,1.577502e+00
1.034288e+01,1.431267e+01,1.525582e+01,1.246311e+00,-1.231069e+00,8.287275e-01,1.937940e+00
8.803647e+00,1.763207e+01,2.010627e+01,7.684586e-01,1.548318e+00,-3.687699e-01,1.767430e+00
1.309648e+01,1.164494e+01,1.931866e+01,1.476246e+00,-3.854437e-01,-9.581803e-02,1.528742e+00
1.381451e+01,1.744169e+01,1.749916e+01,6.528803e-01,6.704881e-01,4.701584e-01,1.047309e+00
1.104063e+01,1.629596e+01,1.657566e+01,6.171845e-01,-1.593391e-01,1.045729e+00,1.224686e+00
1.512969e+01,1.488097e+01,1.765873e+01,1.244468e+00,1.752822e+00,-6.289964e-01,2.239804e+00
1.248160e+01,1.656475e+01,1.729674e+01,3.680401e-01,8.641789e-02,-1.335380e+00,1.387862e+00
1.434689e+01,1.437196e+01,1.818678e+01,-6.855173e-01,-1.417209e+00,-8.572849e-01,1.792582e+00
1.604702e+01,1.442895e+01,1.735019e+01,-1.190167e+00,-1.300450e+00,8.760813e-01,1.968549e+00
1.523529e+01,1.854287e+01,1.630372e+01,-2.831646e+00,-2.624208e+00,3.656278e-01,3.877934e+00
1.669469e+01,1.471828e+01,1.870049e+01,1.050343e+00,3.947371e-01,-4.053726e-01,1.193049e+00
1.416358e+01,1.792437e+01,1.665942e+01,7.515541e-01,-6.136151e-02,-3.427541e-02,7.548335e-01
1.364963e+01,1.729494e+01,1.556189e+01,-3.897031e-01,4.706780e-02,-8.164781e-03,3.926201e-01
1.650467e+01,1.560812e+01,1.575896e+01,-1.168626e+00,-9.047899e-02,-2.948027e-01,1.208628e+00
1.853701e+01,1.420532e+01,2.069641e+01,-1.400191e-01,3.816976e-01,1.524091e-01,4.341969e-01
1.909665e+01,1.439219e+01,2.161113e+01,1.729654e-01,8.945784e-02,-2.750190e-01,3.369795e-01
2.176854e+01,1.646847e+01,1.697199e+01,7.245207e-01,2.621760e-01,-1.388720e+00,1.588147e+00
2.223506e+01,1.784833e+01,1.959074e+01,-2.138240e-01,-3.071878e-01,6.694286e-01,7.669548e-01
2.015759e+01,1.467352e+01,1.926282e+01,-8.001274e-01,-9.853357e-01,9.416163e-01,1.580421e+00
1.584243e+01,1.830149e+01,1.810035e+01,1.129118e-01,3.532119e-01,8.773290e-02,3.810575e-01
2.307336e+01,1.760531e+01,1.635234e+01,2.905849e-01,-1.241787e+00,-1.935405e-01,1.289935e+00
2.203099e+01,1.702311e+01,1.590377e+01,-1.651002e+00,3.255981e-01,4.717984e-01,1.747689e+00
2.085337e+01,1.791095e+01,1.836157e+01,-1.835901e+00,-4.621367e-02,1.707009e-01,1.844399e+00
2.373729e+01,1.829539e+01,1.937448e+01,1.583931e+00,-3.630594e-01,7.285842e-01,1.780866e+00
2.273774e+01,1.612862e+01,2.011624e+01,-1.655984e+00,-2.513780e-01,2.299326e-01,1.690664e+00
2.201818e+01,1.418622e+01,1.989531e+01,-2.800056e-01,-5.923383e-01,8.870646e-01,1.102793e+00
5.398306e-01,1.530031e+01,1.553372e+01,-4.053636e-01,-8.999584e-02,-1.021271e-01,4.276082e-01
2.221656e+01,1.264403e+01,1.891809e+01,1.685429e-01,-2.059170e-01,-1.647697e+00,1.669046e+00
2.458101e+00,1.481400e+01,1.527049e+01,1.800486e+00,-4.526980e-01,3.319237e-01,1.885964e+00
2.735166e+00,1.820087e+01,1.736751e+01,7.740541e-01,-1.357503e+00,-5.510265e-01,1.656987e+00
1.561301e+00,1.542837e+01,1.894837e+01,1.449638e+00,-9.432044e-01,-1.765858e+00,2.471707e+00
2.855248e+00,1.774771e+01,1.854895e+01,4.066030e-01,5.191038e-01,-1.078943e+00,1.264481e+00
2.309349e+01,1.819382e+01,1.312928e+01,6.486250e-01,6.163563e-01,-8.134238e-01,1.209243e+00
3.593571e+00,1.829230e+01,1.819900e+01,2.918837e-02,5.831884e-01,1.206648e+00,1.340508e+00
4.027488e+00,1.932016e+01,1.919569e+01,-1.419823e+00,3.000628e-01,-3.103653e-01,1.484002e+00
5.584816e-01,1.579528e+01,1.399354e+01,8.817344e-03,5.887874e-01,6.034690e-01,8.431626e-01
5.565388e+00,1.698468e+01,1.679461e+01,1.299158e-01,-2.805565e-01,6.535155e-02,3.160078e-01
6.819426e+00,1.989184e+01,1.943662e+01,1.746460e-01,2.351300e-01,-6.969472e-01,7.559913e-01
3.495633e+00,1.648170e+01,1.666775e+01,6.272026e-01,-7.751126e-02,-1.573510e+00,1.695679e+00
2.928452e+00,1.895939e+01,2.051145e+01,3.906796e-01,-5.339896e-01,6.289926e-01,9.129114e-01
5.376599e+00,1.513187e+01,1.750324e+01,1.743303e-02,1.460376e+00,-3.275815e-01,1.496767e+00
6.168594e+00,1.807562e+01,1.688165e+01,-1.508609e+00,1.172411e+00,-6.476151e-01,2.017388e+00
8.894075e+00,1.620413e+01,1.999700e+01,5.306511e-01,9.868232e-01,9.576308e-02,1.124536e+00
6.808344e+00,2.008103e+01,5.512268e-01,-1.827186e+00,6.780057e-01,1.140077e+00,2.257892e+00
6.339117e+00,1.999695e+01,1.547448e+01,5.560271e-03,1.324208e-01,-4.890716e-01,5.067122e-01
8.449434e+00,1.548239e+01,1.824965e+01,-4.600674e-01,2.670229e-01,-3.834828e-01,6.557608e-01
6.746527e+00,1.676608e+01,1.532010e+01,-1.158804e+00,1.711216e+00,-1.194181e+00,2.386872e+00
9.500710e+00,1.849345e+01,1.924117e+01,4.408328e-01,-1.016552e+00,-9.450655e-02,1.112044e+00
8.872872e+00,1.695340e+01,1.910312e+01,-5.570159e-01,-4.573197e-01,-3.002272e-01,7.807332e-01
7.215350e+00,1.831611e+01,1.744744e+01,-1.480060e-01,5.155462e-01,4.381666e-01,6.925920e-01
1.008380e+01,2.076730e+01,1.791273e+01,2.747717e-01,-1.641193e-01,-3.388201e-01,4.660833e-01
7.474734e+00,1.529408e+01,1.918188e+01,-1.144629e+00,2.672825e-01,6.695836e-01,1.352760e+00
7.506397e+00,1.456016e+01,1.838795e+01,-1.082470e+00,3.017370e-01,-2.035024e+00,2.324675e+00
1.085836e+01,1.887587e+01,1.761343e+01,1.603063e-01,-5.210478e-03,9.863695e-01,9.993248e-01
1.014674e+01,1.563331e+01,1.842173e+01,1.677146e+00,-1.132122e+00,-2.177657e-01,2.035176e+00
1.307440e+01,1.575659e+01,1.880144e+01,-7.333151e-01,-1.397088e+00,-8.002076e-01,1.769163e+00
1.366408e+01,1.374724e+01,1.765454e+01,-3.681656e-01,-7.127425e-03,-9.413308e-01,1.010792e+00
1.251890e+01,1.977308e+01,1.656858e+01,1.266262e+00,-7.934328e-01,-2.619673e-01,1.517097e+00
1.236030e+01,1.545786e+01,1.716031e+01,-1.437667e+00,-2.866236e-01,-2.575925e-01,1.488420e+00
1.418747e+01,1.886129e+01,1.891489e+01,9.524802e-02,-8.398137e-01,-1.106456e-01,8.524093e-01
1.636841e+01,1.985713e+01,1.757675e+01,-9.211425e-01,-1.494501e+00,-1.379970e+00,2.233015e+00
1.491691e+01,1.904608e+01,1.520920e+01,-1.546445e+00,3.157393e-01,2.661951e-01,1.600638e+00
1.386435e+01,1.872663e+01,1.752262e+01,2.604500e-01,3.729182e-01,8.793138e-01,9.899974e-01
1.420134e+01,1.891336e+01,1.638906e+01,1.392785e+00,5.810116e-01,1.367174e+00,2.036317e+00
1.595113e+01,1.937741e+01,1.634385e+01,1.509647e+00,7.801441e-01,5.562926e-01,1.788049e+00
1.696799e+01,1.583463e+01,1.697399e+01,1.479070e-01,7.201386e-01,-1.295233e-01,7.464934e-01
1.723080e+01,1.985692e+01,1.875185e+01,-1.111211e+00,-9.320294e-01,1.117745e+00,1.831072e+00
1.565296e+01,1.896788e+01,2.355333e+01,-1.572234e+00,-1.151634e+00,3.740538e-01,1.984464e+00
1.636951e+01,1.824925e+01,1.898705e+01,1.209914e-01,-1.288775e-01,-9.737089e-03,1.770399e-01
1.783560e+01,1.931336e+01,1.476865e+01,9.692119e-01,-1.062844e+00,-8.517489e-01,1.671671e+00
1.936909e+01,1.558672e+01,2.154468e+01,-4.717551e-01,-4.363511e-01,9.459335e-01,1.143567e+00
1.932409e+01,1.949950e+01,1.872028e+01,-1.533609e+00,-3.371988e-01,1.504224e+00,2.174477e+00
1.507792e+01,1.590066e+01,1.747685e+01,5.993468e-01,-7.150412e-01,-1.117555e+00,1.455826e+00
1.788923e+01,1.654979e+01,1.669217e+01,-6.276094e-01,6.421289e-01,-3.686775e-01,9.706421e-01
1.609986e+01,1.747828e+01,1.637927e+01,-9.179046e-01,1.843946e+00,8.092370e-01,2.213041e+00
1.642765e+01,1.844790e+01,1.624979e+01,-8.592055e-01,1.165065e-01,9.800177e-01,1.308527e+00
1.907855e+01,1.789060e+01,1.719636e+01,2.625795e-01,-1.016409e+00,-6.885850e-01,1.255462e+00
2.313729e+01,1.713667e+01,1.981011e+01,5.940202e-01,-3.897486e-01,-1.400643e+00,1.570530e+00
2.305586e+01,1.573644e+01,1.729114e+01,-1.231069e+00,3.974883e-01,-9.774279e-01,1.621386e+00
2.297497e+01,1.776859e+01,1.750903e+01,-8.671848e-02,-1.074311e+00,-1.349845e-01,1.086225e+00
2.116814e+00,1.753185e+01,1.478115e+01,-2.286282e+00,2.202120e-01,5.595110e-01,2.364029e+00
2.360730e+01,1.945761e+01,1.615305e+01,5.984176e-02,-2.140260e-01,-6.525482e-01,6.893528e-01
7.069331e-02,1.460898e+01,1.609430e+01,-2.374283e-01,-7.024396e-01,-1.217220e+00,1.425278e+00
4.745363e-01,1.788454e+01,1.696188e+01,7.652157e-01,9.041293e-01,-2.803951e-01,1.217221e+00
2.680299e+00,1.945567e+01,1.934566e+01,3.567961e-01,-4.032349e-01,-5.242447e-02,5.409715e-01
1.594112e+00,2.036299e+01,1.593807e+01,-1.119607e+00,-2.892298e-01,-5.768300e-01,1.292248e+00
1.291530e+00,1.774863e+01,1.768174e+01,-3.395907e-01,3.985983e-01,6.955904e-01,8.706598e-01
1.746257e+00,1.832512e+01,1.539032e+01,1.086008e+00,4.376843e-01,5.385346e-01,1.288798e+00
2.104143e+00,1.824797e+01,1.640579e+01,-4.171960e-01,7.667285e-01,8.641404e-02,8.771502e-01
4.226411e+00,2.043713e+01,1.746065e+01,6.577137e-01,1.754052e-01,1.006841e+00,1.215353e+00
3.501149e+00,1.918761e+01,1.624465e+01,2.067046e-01,-8.485231e-01,-1.064501e+00,1.376910e+00
2.378758e+01,1.880255e+01,1.362107e+01,-7.352105e-01,-1.392174e+00,-2.193427e+00,2.699964e+00
4.336096e+00,1.834585e+01,1.579501e+01,-1.280377e+00,1.711989e+00,3.709954e-01,2.169772e+00
6.286722e+00,1.883629e+01,1.800114e+01,1.265966e+00,-6.044253e-01,1.160856e+00,1.820875e+00
4.982898e+00,2.044496e+01,1.837818e+01,5.826755e-01,5.310747e-01,1.261754e-01,7.984180e-01
3.461210e+00,1.689447e+01,2.228731e+01,1.766783e+00,-1.972132e-01,2.849930e-01,1.800455e+00
5.679790e+00,2.192540e+01,1.771770e+01,-7.342172e-01,-4.060641e-01,2.375363e+00,2.519189e+00
5.239788e+00,1.909453e+01,1.732463e+01,1.221472e+00,4.117084e-03,-3.055215e-01,1.259108e+00
6.944325e+00,1.816730e+01,1.888420e+01,1.557372e-01,1.442596e+00,-8.935367e-03,1.451005e+00
9.059784e+00,1.901714e+01,1.839954e+01,-1.889744e+00,-1.046078e+00,-2.857349e-01,2.178774e+00
5.355106e+00,1.747565e+01,1.984720e+01,1.428878e-01,2.241254e-01,1.500401e+00,1.523762e+00
1.047674e+01,1.658547e+01,1.786052e+01,-2.649049e-01,6.856993e-01,-2.468042e-01,7.754163e-01
6.953641e+00,1.838666e+01,2.088007e+01,5.902018e-02,-6.311592e-01,1.937607e-01,6.628639e-01
5.764010e+00,1.998335e+01,1.753577e+01,-2.095413e+00,6.438447e-01,6.473442e-01,2.285683e+00
3.759838e+00,1.894560e+01,1.511659e+01,6.407553e-01,-4.167079e-01,1.576085e+00,1.751644e+00
8.970829e+00,1.844507e+01,1.750418e+01,-4.565613e-01,1.267621e-01,3.229924e-01,5.734465e-01
1.196651e+01,1.836613e+01,1.799799e+01,7.197509e-01,4.780976e-01,-3.271410e-01,9.239264e-01
1.199546e+01,2.060061e+01,1.717059e+01,1.214179e+00,-2.075785e-01,6.865911e-01,1.410222e+00
1.034109e+01,1.909813e+01,1.619209e+01,-1.309643e+00,9.321627e-01,5.292907e-01,1.692407e+00
1.490908e+01,1.972878e+01,1.923245e+01,1.090902e-02,-1.255374e+00,5.712571e-01,1.379281e+00
1.239600e+01,2.228933e+01,1.875269e+01,-6.300678e-01,-1.217915e+00,5.451154e-01,1.475620e+00
9.457478e+00,1.628551e+01,1.810216e+01,-1.283103e+00,1.099042e+00,9.151929e-01,1.921412e+00
1.310944e+01,2.152157e+01,1.893012e+01,6.653444e-02,-5.778523e-01,-2.613151e-01,6.376721e-01
1.263749e+01,1.759736e+01,1.760166e+01,-1.072389e+00,5.813881e-01,2.631871e-01,1.247917e+00
1.595429e+01,2.098916e+01,1.780970e+01,2.482969e-01,-7.914078e-03,-1.541263e-01,2.923506e-01
1.225237e+01,1.962126e+01,1.880781e+01,-7.551751e-01,9.981343e-01,-1.060868e+00,1.640732e+00
1.523054e+01,1.920808e+01,1.824590e+01,4.403175e-01,-1.162723e+00,-3.741420e-01,1.298378e+00
1.391047e+01,1.999182e+01,1.654884e+01,-1.116641e+00,4.082555e-01,1.977522e+00,2.307412e+00
1.399731e+01,1.911243e+01,1.457896e+01,-1.489431e-01,-1.367812e+00,1.058121e+00,1.735717e+00
1.153137e+01,2.046129e+01,1.877035e+01,-5.447547e-01,4.370375e-01,-3.526639e-01,7.823882e-01
1.813830e+01,1.768426e+01,1.671202e+01,-1.244995e+00,-1.011688e-01,1.608335e-01,1.259411e+00
1.543067e+01,1.984377e+01,1.718855e+01,4.202788e-01,1.092706e+00,1.085837e+00,1.596773e+00
1.856672e+01,1.967759e+01,1.944517e+01,1.407277e-01,-8.583831e-02,1.096282e-02,1.652050e-01
1.569003e+01,2.047719e+01,1.539769e+01,-1.473138e+00,1.629328e+00,-9.333428e-01,2.386624e+00
1.798817e+01,2.116437e+01,1.523652e+01,-5.358270e-02,-7.400090e-01,-1.517339e+00,1.689024e+00
2.102486e+01,1.753849e+01,1.951944e+01,9.051698e-01,-4.523988e-01,1.090697e+00,1.487823e+00
1.738255e+01,1.955715e+01,1.776348e+01,1.433095e+00,-7.341355e-01,5.943781e-01,1.716392e+00
1.298323e+01,1.171229e+00,1.751133e+01,-5.091159e-01,-1.874019e+00,2.949875e-01,1.964221e+00
1.816285e+01,2.192049e+01,1.436216e+01,-2.021635e-01,-3.212487e-02,1.168943e-02,2.050335e-01
2.291062e+01,1.630085e+01,1.899414e+01,4.897655e-01,1.390801e-01,-5.327805e-01,7.369319e-01
1.819721e+01,1.659058e+01,1.480209e+01,-8.141607e-01,1.035409e+00,-4.527268e-01,1.392800e+00
2.047748e+01,2.036603e+01,1.842344e+01,1.345777e+00,-1.611269e-02,4.303185e-02,1.346561e+00
2.033906e+01,1.614040e+01,1.814129e+01,-6.227548e-01,9.094488e-01,4.267328e-01,1.181957e+00
2.268632e+01,1.872299e+01,1.564672e+01,-1.367861e+00,-5.024696e-01,7.176261e-01,1.624348e+00
2.000478e+01,1.795851e+01,1.765800e+01,5.072346e-01,7.070353e-01,3.776097e-01,9.485647e-01
2.212035e+01,1.941863e+01,1.845371e+01,-3.221397e-01,-2.128118e-01,3.312950e-02,3.875054e-01
2.083217e+01,1.802044e+01,1.672498e+01,5.434893e-01,1.155139e+00,-8.961816e-01,1.559765e+00
2.358169e+01,2.000945e+01,1.517735e+01,-2.548016e-01,-2.752144e-02,9.548516e-01,9.886469e-01
2.387509e+01,1.975200e+01,1.725005e+01,2.375939e-01,-1.681697e-01,-1.164939e+00,1.200756e+00
1.597915e+00,1.921138e+01,1.839332e+01,6.620048e-01,-3.964623e-01,2.244632e-01,8.036271e-01
2.368285e+01,2.168115e+01,1.637914e+01,6.017053e-01,-9.405113e-01,-1.523277e+00,1.888646e+00
1.359763e+00,2.059237e+01,1.912776e+01,6.247954e-02,-1.291608e-01,-2.040608e-01,2.494534e-01
4.025273e+00,2.216318e+01,1.506756e+01,-9.497326e-01,1.165443e-01,-8.485145e-01,1.278887e+00
1.035129e+00,2.301968e+01,1.823831e+01,3.505547e-02,6.681154e-01,2.121783e-01,7.018737e-01
2.757770e+00,2.320619e+01,2.059445e+01,-4.580507e-01,9.801512e-01,-4.106286e-01,1.157205e+00
8.247232e+00,1.871716e+01,1.494418e+01,-6.149606e-01,-4.548579e-03,-6.769329e-01,9.145685e-01
5.172004e+00,2.113115e+01,1.960580e+01,5.720568e-01,-6.224839e-01,4.208310e-01,9.443695e-01
2.672543e+00,2.097474e+01,1.594922e+01,-9.337871e-01,1.441940e+00,1.434131e-01,1.723867e+00
7.759962e+00,1.927402e+01,2.087711e+01,2.603695e+00,-1.236499e+00,2.816659e-01,2.896117e+00
1.777710e+00,2.227496e+01,1.654271e+01,-4.012097e-01,-2.883492e-01,-4.199101e-01,6.484126e-01
3.544959e+00,2.137111e+01,1.939854e+01,-3.716231e-01,-3.341331e-01,1.013466e-01,5.099214e-01
6.454264e+00,2.091143e+01,1.582994e+01,6.701713e-01,1.635256e+00,7.595952e-01,1.923585e+00
3.362514e+00,2.048668e+00,1.784901e+01,1.662152e+00,6.203743e-01,-1.192905e+00,2.137905e+00
5.162452e+00,2.171206e+01,2.051422e+01,-1.249329e+00,9.789431e-01,-1.534117e-01,1.594580e+00
8.238910e+00,2.273544e+01,1.853803e+01,7.951558e-01,1.147824e+00,1.026489e+00,1.733047e+00
6.161953e+00,1.899608e+01,1.546751e+01,1.172969e+00,-5.910706e-01,3.475974e+00,3.715860e+00
5.401425e+00,1.770808e+01,1.604354e+01,2.081844e-01,-3.129265e-01,-1.984989e-01,4.250478e-01
8.066429e+00,2.191853e+01,1.749834e+01,1.595152e+00,-6.460136e-01,-1.467869e+00,2.261964e+00
8.821275e+00,2.052898e+01,1.506639e+01,-5.993061e-01,8.614648e-01,-5.500994e-01,1.184862e+00
9.206755e+00,1.739145e+01,1.757015e+01,1.000484e+00,1.520104e-01,4.780405e-01,1.119195e+00
6.263884e+00,2.147462e+01,1.696379e+01,-1.459748e-01,1.764756e-01,-2.454891e-01,3.357339e-01
8.574768e+00,2.171474e+01,1.836283e+01,-1.253658e+00,-1.386474e+00,-2.871387e-01,1.891142e+00
9.595267e+00,2.046375e+01,1.696591e+01,-4.340802e-02,6.014248e-01,1.057031e+00,1.216927e+00
9.497515e+00,1.914799e+01,2.171300e+01,-4.953670e-01,1.246327e+00,9.065684e-01,1.618822e+00
1.357554e+01,2.110942e+01,1.620100e+01,-1.891361e-01,1.518674e+00,-1.318997e-01,1.536080e+00
1.126262e+01,2.170139e+01,1.703887e+01,-3.105104e-01,-1.444751e-01,1.887960e-01,3.910673e-01
1.084417e+01,2.281608e+01,2.081357e+01,-7.556357e-01,1.388463e+00,3.490841e-01,1.618850e+00
8.243443e+00,2.090495e+01,1.885670e+01,-4.162616e-02,-1.395427e+00,3.209793e-01,1.432473e+00
1.075601e+01,2.386605e+01,1.940955e+01,4.949050e-01,-9.909815e-01,9.515612e-01,1.460289e+00
1.226054e+01,2.294888e+01,1.697601e+01,6.408984e-01,1.045835e+00,-6.243791e-02,1.228178e+00
9.738411e+00,2.354463e+01,1.775675e+01,-3.704586e-01,9.526388e-01,3.935836e-01,1.095294e+00
1.138431e+01,2.368473e+01,1.647197e+01,-1.914094e+00,-2.858277e-01,-9.773833e-01,2.168117e+00
1.552170e+01,2.201925e+01,1.630877e+01,8.944933e-01,-4.891308e-01,6.601644e-01,1.214572e+00
1.137130e+01,2.313549e+01,1.893927e+01,-9.524366e-01,-5.617668e-01,-1.063741e+00,1.534360e+00
1.643720e+01,2.321339e+01,1.568485e+01,2.127075e-01,-3.172957e+00,9.826272e-02,3.181597e+00
1.199723e+01,2.029526e+01,1.988853e+01,8.996725e-01,6.582374e-01,-1.110675e+00,1.573622e+00
1.497642e+01,2.278760e+01,1.785024e+01,1.868826e+00,-3.221135e-01,-4.709686e-02,1.896968e+00
1.672127e+01,2.201794e+01,1.635235e+01,-4.402982e-01,-5.325910e-01,2.468733e-01,7.337997e-01
1.849116e+01,1.569952e-01,1.886346e+01,-2.574888e-01,2.079237e-01,1.329947e+00,1.370508e+00
1.392610e+01,2.085062e+01,1.778567e+01,-5.637370e-01,-3.410883e-01,2.207398e-02,6.592631e-01
1.821857e+01,1.955990e+01,1.581972e+01,-9.670568e-01,6.220243e-01,5.268772e-01,1.264797e+00
1.649815e+01,8.742156e-01,1.651546e+01,3.555197e-01,3.570710e-01,6.649324e-01,8.342836e-01
1.959964e+01,1.829777e+01,1.529786e+01,-2.598097e-01,-5.383357e-01,-8.253579e-01,1.019079e+00
1.817793e+01,2.344723e+01,1.671828e+01,1.900855e-01,-1.075387e+00,1.136072e+00,1.575833e+00
2.093593e+01,1.694597e+01,1.747986e+01,-1.067024e+00,-1.178242e+00,-1.265754e+00,2.031976e+00
1.981424e+01,1.306443e+00,1.813177e+01,-2.568034e+00,6.586546e-01,3.130862e-02,2.651340e+00
2.125200e+01,2.386232e+01,1.836968e+01,-3.617054e-01,1.588467e+00,5.559273e-01,1.721370e+00
2.166561e+01,8.862760e-01,1.814585e+01,-3.347065e-01,1.425263e+00,-2.591981e-01,1.486804e+00
2.073426e+01,2.163238e+01,1.741031e+01,-2.454390e-01,1.337190e+00,1.087598e+00,1.741030e+00
2.076647e+01,1.952975e+01,1.552619e+01,3.509401e-01,2.930751e-01,1.222368e+00,1.305080e+00
2.117308e+01,2.179232e+01,1.963740e+01,-1.780375e-01,9.927831e-01,2.811263e-01,1.047066e+00
3.714897e-01,2.287841e+01,1.590651e+01,1.773985e-02,-1.268882e+00,-6.410366e-01,1.421726e+00
2.277959e+01,1.950000e+01,2.070637e+01,-3.829580e-02,-1.808331e+00,1.813330e+00,2.561190e+00
1.201367e+00,2.318893e+01,1.682248e+01,3.508078e-02,9.602937e-01,-2.156687e-02,9.611763e-01
2.285596e+01,1.755391e+01,1.522160e+01,1.078433e+00,-6.064482e-01,-9.776704e-01,1.576907e+00
2.461891e+00,1.912753e+01,1.680370e+01,1.749988e+00,-1.542835e+00,6.424639e-01,2.419826e+00
2.282446e+01,4.739940e-01,1.708051e+01,-1.149242e+00,-8.477520e-01,-4.600447e-01,1.500360e+00
8.468749e-01,2.152498e+01,1.632198e+01,-1.012969e+00,-7.750593e-01,2.673389e-02,1.275750e+00
1.773723e+00,2.136026e+01,1.587788e+01,-5.046332e-01,9.449968e-01,1.508723e+00,1.850383e+00
2.304346e+01,2.297038e+01,1.944545e+01,3.539278e-01,4.989194e-01,-1.790715e-01,6.373790e-01
6.609505e-01,2.110385e+01,1.437960e+01,-1.120444e+00,5.418754e-01,-3.715464e-01,1.298872e+00
2.483409e+00,2.198702e+01,1.572847e+01,4.802247e-01,-1.655828e+00,-3.675392e-01,1.762801e+00
5.268721e+00,2.299706e+01,1.636621e+01,-5.004854e-01,1.452989e+00,1.141788e+00,1.914509e+00
2.646222e+00,2.007114e+01,2.098511e+01,-3.355789e-01,-2.007168e+00,2.794785e-01,2.054129e+00
5.069368e+00,2.111370e+01,1.736201e+01,1.193944e+00,-4.757897e-01,-4.594696e-01,1.364914e+00
2.107397e+00,1.740817e+00,1.765675e+01,-1.324581e+00,5.373137e-01,5.656607e-01,1.537268e+00
2.580936e+00,2.177423e+01,1.767666e+01,-1.207391e+00,3.086132e-01,1.027195e+00,1.614981e+00
2.892769e+00,2.353251e+01,1.786739e+01,2.042449e+00,9.385842e-01,-2.610935e+00,3.445217e+00
5.433485e+00,2.267145e+01,1.845489e+01,-7.005997e-01,8.240837e-01,7.063371e-01,1.291846e+00
6.655696e+00,2.204383e-01,1.292187e+01,-6.600834e-01,-9.960922e-01,-6.014493e-01,1.337778e+00
6.186052e+00,1.756896e+01,1.928026e+01,3.512927e-01,4.507829e-01,5.134462e-02,5.738014e-01
3.818088e+00,2.344507e+01,1.660258e+01,1.052294e+00,1.556218e+00,-6.479683e-01,1.987210e+00
4.728524e+00,1.362121e+00,1.432191e+01,-2.939013e-01,6.330606e-01,5.642143e-01,8.974862e-01
8.997855e+00,2.319181e+01,1.582435e+01,-7.285813e-01,2.180816e-02,4.181584e-01,8.403349e-01
7.511373e+00,2.184528e+01,1.863424e+01,2.608021e-01,-1.763225e-01,3.802001e-01,4.936188e-01
9.482324e+00,2.268259e+01,1.669469e+01,6.170713e-01,-4.199360e-01,6.118301e-01,9.651214e-01
8.461547e+00,2.110206e+01,1.652167e+01,8.039832e-01,-6.140795e-01,1.401600e+00,1.728573e+00
1.092713e+01,2.256058e+01,1.625429e+01,-7.106349e-01,1.441814e+00,1.613683e+00,2.277675e+00
1.204463e+01,4.238367e-01,1.834281e+01,-7.441478e-01,6.549314e-01,1.462777e-01,1.002042e+00
6.556815e+00,2.175562e+01,1.830111e+01,1.764963e+00,-5.224824e-01,-4.105203e-01,1.885897e+00
7.631773e+00,2.180116e+01,1.640558e+01,1.280860e+00,3.493731e-01,-5.171029e-02,1.328661e+00
8.685668e+00,2.354688e+01,1.792594e+01,4.813256e-01,-4.528428e-01,-4.838166e-02,6.626324e-01
1.081078e+01,2.277161e+01,1.516351e+01,1.582440e+00,-2.573758e-01,-2.406640e-01,1.621197e+00
1.412200e+01,6.885993e-01,1.939122e+01,-1.182306e+00,-1.256161e+00,-8.643368e-02,1.727211e+00
1.357052e+01,1.088126e-01,1.687126e+01,-2.369710e-01,-1.547154e+00,-1.499641e+00,2.167663e+00
1.305844e+01,2.270864e+01,1.605885e+01,1.565821e+00,-6.784742e-01,1.797155e-01,1.715931e+00
9.935525e+00,2.247834e+01,1.568900e+01,9.840918e-01,5.388576e-01,-4.009221e-01,1.191446e+00
1.202193e+01,2.042545e+00,1.947454e+01,7.799960e-01,-1.049775e+00,-4.369678e-01,1.378899e+00
1.375955e+01,2.099758e+01,2.194846e+01,7.761303e-01,3.851982e-01,-4.895766e-01,9.952091e-01
1.491267e+01,1.488606e+00,1.656121e+01,1.607989e-01,1.841427e+00,2.574687e-01,1.866280e+00
1.345712e+01,2.264387e+01,1.876107e+01,-9.416915e-01,-1.245413e+00,1.591119e-01,1.569444e+00
1.080339e+01,2.128207e+01,1.884603e+01,5.814125e-01,1.696360e-01,-3.663023e-01,7.078095e-01
1.672756e+01,2.113178e+01,1.711046e+01,-4.798721e-01,6.376224e-02,-6.258182e-01,7.911961e-01
1.700017e+01,2.157991e-02,1.653082e+01,-1.524752e+00,1.169393e+00,-8.297683e-02,1.923339e+00
1.882308e+01,2.125998e+01,1.671375e+01,1.828453e+00,1.300481e-01,-2.844651e-01,1.855013e+00
1.569586e+01,2.346282e+01,1.899061e+01,1.196484e+00,-6.861128e-01,3.298348e-01,1.418138e+00
1.916416e+01,8.317765e-01,1.989462e+01,-1.921665e+00,5.572051e-02,-6.841338e-01,2.040574e+00
1.960698e+01,1.927601e+00,1.725216e+01,7.787808e-01,1.777286e+00,7.388287e-01,2.076322e+00
1.996066e+01,2.227426e+01,1.663979e+01,1.268617e+00,8.055796e-02,-1.447637e+00,1.926534e+00
1.827529e+01,2.339790e+01,1.789812e+01,6.681894e-01,1.107837e+00,-2.167156e-01,1.311772e+00
2.149303e+01,2.295111e+01,1.597706e+01,1.651575e+00,9.077370e-01,4.216521e-01,1.931186e+00
2.257936e+01,2.120395e+01,1.786744e+01,5.106312e-01,3.456241e-01,-5.131882e-01,8.022234e-01
2.014066e+01,2.244227e+01,1.761901e+01,8.427151e-01,1.552822e+00,-5.826662e-01,1.860356e+00
1.270571e+01,2.353661e+01,1.852452e+01,-2.272873e+00,7.466775e-01,-3.762734e-01,2.421789e+00
2.115434e+01,2.265472e+01,1.790689e+01,-3.596044e-01,1.808589e+00,-5.336070e-01,1.919648e+00
2.101408e+01,9.111803e-01,1.930962e+01,-4.414654e-01,-3.951165e-01,1.454637e+00,1.570661e+00
2.018621e+01,1.886117e+01,1.711004e+01,1.653325e+00,4.190552e-01,1.711720e+00,2.416418e+00
2.282834e+01,2.330769e+01,1.720700e+01,2.114853e+00,8.626780e-02,1.445520e+00,2.563117e+00
1.133353e-01,2.042007e+01,1.915238e+01,-1.084227e+00,-1.349857e+00,-3.637147e-02,1.731758e+00
1.450007e+00,1.199603e+00,1.698781e+01,2.346957e+00,-3.137222e-01,7.491984e-01,2.483531e+00
2.169440e+01,2.319826e+01,2.110287e+01,1.013479e-01,-1.432988e+00,9.372981e-01,1.715300e+00
2.016461e+01,1.877596e+00,1.621146e+01,1.110228e+00,8.844444e-01,-4.244622e-01,1.481559e+00
2.353548e+01,1.120870e+00,2.225694e+01,-6.162049e-01,-4.241354e-01,9.205464e-01,1.186172e+00
1.055612e-01,2.244668e+01,1.918606e+01,-2.331131e-02,3.368239e-01,9.340511e-01,9.931995e-01
2.638021e-01,9.245719e-01,1.982251e+01,6.670258e-01,9.194688e-01,1.135603e+00,1.606220e+00
2.279566e+00,4.311861e+00,2.220036e+01,-1.018114e+00,-7.403241e-02,-6.104235e-01,1.189392e+00
2.206675e+00,1.162974e+00,1.935184e+01,-7.311044e-01,-8.184962e-01,8.566282e-01,1.392215e+00
3.979008e+00,7.987096e-01,2.001241e+01,-7.679724e-01,-2.826817e+00,1.098394e+00,3.128441e+00
2.233001e+01,2.145219e+01,1.892099e+01,5.074941e-01,-1.422088e+00,-2.035515e-01,1.523588e+00
3.064911e-01,2.247277e+01,1.678748e+01,-4.028504e-01,-1.388261e+00,-6.193677e-01,1.572632e+00
1.547333e+00,6.530739e-01,1.842378e+01,8.506606e-01,8.003171e-01,-2.178018e-01,1.188095e+00
6.181675e+00,1.405844e+00,1.802851e+01,3.940318e-01,7.551087e-01,1.373966e-01,8.627444e-01
9.602871e-01,1.646445e+00,2.064559e+01,1.197402e-01,3.391255e-02,-5.980024e-01,6.108148e-01
3.400832e+00,2.382588e+00,1.979552e+01,8.210756e-01,-7.221895e-01,7.794482e-01,1.342856e+00
7.936568e+00,1.171065e+00,1.572362e+01,1.199788e+00,7.880481e-02,-1.211341e+00,1.706765e+00
5.181977e+00,5.465139e+00,1.773137e+01,-1.072683e+00,8.512985e-02,6.263781e-01,1.245088e+00
6.978949e+00,5.274105e-01,1.570980e+01,3.493343e-01,-7.747262e-01,-9.206141e-01,1.252903e+00
5.638472e+00,7.853843e-01,1.514739e+01,1.661755e+00,1.530564e+00,-1.822290e+00,2.902550e+00
4.438881e+00,4.376440e-01,1.818227e+01,8.995633e-01,5.355627e-01,-1.687852e-01,1.060439e+00
7.366565e+00,2.342219e+01,1.881639e+01,5.564885e-02,6.178767e-01,1.208901e+00,1.358790e+00
8.488740e+00,7.486584e-01,2.015234e+01,5.938244e-01,1.016851e-02,1.662169e-01,6.167324e-01
6.336411e+00,2.203051e+01,2.084591e+01,5.911506e-01,1.962012e+00,-1.776156e-01,2.056818e+00
4.742779e+00,2.343626e+01,1.860188e+01,-3.862650e-01,-8.142751e-01,1.389104e+00,1.655855e+00
1.030733e+01,2.357555e+01,2.036977e+01,3.108538e-01,-5.061868e-01,2.482611e-01,6.438080e-01
9.413559e+00,4.993537e+00,1.969349e+01,-1.364744e+00,-1.503644e+00,-1.012074e+00,2.268869e+00
7.557709e+00,1.920276e+00,2.131865e+01,4.145890e-01,-3.019762e-01,3.167413e-01,6.028256e-01
7.975219e+00,2.064003e+01,1.777859e+01,-1.104929e+00,2.992173e-01,1.920893e-01,1.160731e+00
1.034311e+01,4.727811e+00,2.272146e+01,-2.691351e-01,2.635408e-01,-3.672093e-02,3.784651e-01
8.212453e+00,2.162245e+00,1.984841e+01,6.658125e-01,1.360881e-01,-4.218583e-01,7.998692e-01
1.257052e+01,1.440871e+00,2.057790e+01,2.137909e+00,5.269788e-01,1.097568e+00,2.460288e+00
1.318419e+01,2.275241e+01,1.983364e+01,1.132171e+00,1.198132e-01,-2.549500e-01,1.166690e+00
1.291637e+01,1.457986e+00,1.644267e+01,-5.720899e-01,5.497064e-01,8.356607e-01,1.152299e+00
1.531672e+01,2.322722e+01,2.049862e+01,4.920323e-01,4.244235e-01,-2.199130e+00,2.293121e+00
1.184722e+01,2.220137e+01,2.027499e+01,1.467135e+00,2.817452e-01,7.847577e-02,1.496003e+00
1.333059e+01,2.218425e+00,2.060218e+01,-1.284765e+00,-1.798985e-01,-1.353519e+00,1.874833e+00
1.678190e+01,2.270198e+00,1.969333e+01,4.729653e-01,-2.526538e+00,1.461741e+00,2.956988e+00
1.287036e+01,2.515771e+00,1.975677e+01,-1.114707e+00,-6.332705e-01,1.201280e+00,1.756894e+00
1.203748e+01,3.166519e+00,2.033600e+01,-4.355091e-01,7.717230e-01,4.348712e-01,9.870853e-01
1.451264e+01,2.271740e+01,1.904464e+01,-7.621349e-01,-6.271302e-01,1.396330e+00,1.709936e+00
1.581373e+01,1.531082e+00,1.717886e+01,1.836225e+00,5.824513e-01,-2.293209e-01,1.939990e+00
1.631254e+01,2.340576e+01,2.011845e+01,-1.619444e-01,1.445146e+00,9.978963e-01,1.763653e+00
1.698763e+01,8.460647e-01,2.151109e+01,1.197776e+00,-2.289051e-01,-1.170366e+00,1.690214e+00
1.986642e+01,2.381469e+00,1.955228e+01,1.324006e-01,6.853620e-01,-3.094017e-01,7.635316e-01
1.804246e+01,2.439150e-01,2.017299e+01,6.878470e-01,7.768324e-01,-2.704994e-01,1.072274e+00
1.788664e+01,2.295461e+01,1.898840e+01,4.368102e-01,-1.837384e+00,1.559619e+00,2.449326e+00
1.673367e+01,2.080125e+00,1.776915e+01,1.234476e+00,8.072267e-03,-1.405567e+00,1.870726e+00
2.224089e+01,2.721496e+00,1.681141e+01,1.208103e+00,1.204451e+00,3.812350e-01,1.748015e+00
2.028975e+01,3.897327e-01,1.825235e+01,-3.800238e-02,2.268032e-01,-1.449215e+00,1.467347e+00
2.034983e+01,2.297319e+00,1.808417e+01,-2.369127e-01,-2.872992e+00,2.747386e-01,2.895806e+00
1.841408e+01,1.787937e+00,2.049822e+01,-2.461265e+00,2.313537e+00,-1.697961e-01,3.382175e+00
2.217048e+01,2.860439e+00,1.811077e+01,6.093813e-01,1.548155e+00,1.011171e+00,1.946945e+00
2.175038e+01,3.344888e+00,1.925983e+01,1.331959e+00,3.306340e-01,-1.512575e+00,2.042380e+00
2.309477e+01,5.420945e-01,1.994268e+01,6.055969e-01,1.569561e-01,8.630597e-01,1.065953e+00
2.218539e+01,1.722593e+00,1.852972e+01,-6.964361e-01,1.388168e+00,1.721592e+00,2.318601e+00
2.168827e+01,4.661075e-01,2.059922e+01,-6.048529e-01,-4.823729e-01,-2.683237e-01,8.188579e-01
3.941955e-01,1.512043e-01,3.019203e-01,6.983385e-01,2.490016e-01,2.423855e-01,7.800188e-01
2.325174e+01,2.111568e+00,1.861558e+01,1.474739e+00,-6.489524e-01,8.314324e-01,1.813084e+00
2.245639e+01,2.356776e+01,1.878105e+01,-5.989411e-01,6.719639e-01,-1.312973e+00,1.591906e+00
5.614442e-02,6.848871e-01,2.338685e+01,8.202019e-01,-5.025914e-01,5.337729e-01,1.100110e+00
1.176928e+00,2.370247e+01,1.908174e+01,1.070846e+00,-3.325058e-01,5.696758e-02,1.122727e+00
8.501894e-01,3.299448e+00,1.864389e+01,-2.342915e+00,8.328116e-01,3.954256e-01,2.517774e+00
1.152383e+00,4.649021e+00,1.932314e+01,8.114523e-01,-1.014259e+00,-2.887325e-01,1.330618e+00
3.130406e+00,1.369677e+00,2.016692e+01,3.658288e-01,2.783224e-01,-1.043917e+00,1.140639e+00
9.236676e-01,2.148328e+00,1.963187e+01,-2.486699e-01,4.687705e-01,-8.757235e-02,5.378210e-01
2.202918e+00,1.882125e+00,1.660774e+01,6.427428e-01,-1.713744e+00,1.090561e+00,2.130577e+00
5.868502e+00,3.723066e+00,1.899102e+01,-2.534418e-03,6.200296e-01,5.018193e-01,7.976626e-01
1.502522e+00,3.634690e+00,1.748586e+01,-1.703041e-02,-3.550172e-01,-5.385427e-01,6.452562e-01
4.552782e+00,1.815916e+00,1.962770e+01,2.166425e-02,2.519074e-01,-4.833825e-01,5.455138e-01
3.424267e+00,4.686618e+00,2.172922e+01,-1.246389e-01,-1.289157e-01,1.334098e+00,1.346095e+00
4.818360e+00,4.564715e+00,1.821148e+01,-4.503018e-03,-1.188766e+00,3.462500e-01,1.238173e+00
5.043971e+00,3.716587e+00,1.505681e+01,-2.629035e-01,1.455536e+00,1.222235e-01,1.484130e+00
7.560890e+00,2.291200e+01,1.776435e+01,-2.990322e-01,9.200049e-01,7.923958e-01,1.250488e+00
3.701525e+00,4.474804e-01,1.753220e+01,1.193840e-01,-4.168778e-01,9.587150e-01,1.052223e+00
3.470209e+00,4.068224e-01,1.592678e+01,2.334804e-01,6.638741e-01,-7.427844e-01,1.023216e+00
9.857549e+00,2.208677e+01,1.853722e+01,1.442934e+00,-1.250191e+00,-5.371773e-01,1.983329e+00
5.250418e+00,2.177129e+00,1.755622e+01,4.707179e-01,-2.205228e-01,2.607511e-01,5.815469e-01
8.550702e+00,8.535769e-01,1.666253e+01,2.475868e-01,1.235846e+00,-5.214439e-01,1.364008e+00
9.118550e+00,1.673066e+00,1.830049e+01,8.012762e-01,-1.743553e+00,-7.362406e-01,2.055254e+00
8.700243e+00,2.362038e+01,1.909821e+01,-6.254353e-01,-3.297889e-01,-1.303546e-01,7.189731e-01
9.107178e+00,1.571567e+00,1.979300e+01,6.942070e-01,-1.434755e+00,-1.742407e-01,1.603373e+00
9.342102e+00,2.333230e+01,2.011182e+01,5.767476e-03,4.094903e-01,-1.926715e+00,1.969758e+00
7.758478e+00,2.384592e+01,1.724053e+01,-1.229879e+00,-8.027155e-01,-6.877391e-01,1.621709e+00
8.309387e+00,2.231877e+00,1.878011e+01,-5.048637e-01,1.496311e+00,7.199068e-02,1.580828e+00
1.136726e+01,6.203179e+00,1.720684e+01,4.186697e-01,1.287066e+00,-1.156782e+00,1.780440e+00
1.017597e+01,5.064391e+00,1.647451e+01,-5.479923e-01,3.784432e-01,1.333995e+00,1.490992e+00
1.038431e+01,6.383280e+00,1.662319e+01,2.821973e-01,-1.228019e-01,-1.338605e+00,1.373528e+00
1.163135e+01,4.151248e+00,1.986781e+01,-1.191711e+00,8.887585e-02,-9.149764e-01,1.505077e+00
1.359392e+01,4.042416e+00,1.761225e+01,-1.456829e-01,8.089578e-01,3.414153e-02,8.226797e-01
1.397047e+01,2.325803e+01,1.742375e+01,1.004550e-01,-5.742022e-01,-5.658338e-01,8.123837e-01
1.111562e+01,5.378918e+00,2.059208e+01,-3.286398e-01,-1.021888e+00,1.810551e-01,1.088595e+00
1.443398e+01,3.097955e+00,1.898868e+01,2.674368e-01,3.520908e-01,-9.343934e-01,1.033722e+00
1.747420e+01,4.464963e+00,1.960650e+01,5.120939e-01,-1.028582e+00,1.077413e+00,1.575132e+00
1.222643e+01,4.155750e+00,2.076144e+01,1.444744e-02,-6.067160e-01,-1.049426e+00,1.212274e+00
1.124923e+01,3.706775e+00,1.549177e+01,1.343196e+00,-4.930379e-01,-1.522236e-01,1.438900e+00
1.146128e+01,1.284072e+00,1.740364e+01,-2.318902e-01,-2.554144e-01,-4.767231e-01,5.884509e-01
1.394390e+01,3.948229e+00,1.853615e+01,-4.106287e-01,1.655519e+00,-5.711412e-01,1.798766e+00
1.463282e+01,2.279006e+00,1.726268e+01,2.150233e+00,9.712420e-01,1.726332e-01,2.365717e+00
1.847024e+01,5.411673e+00,2.244150e+01,6.171177e-01,-3.090424e-01,-1.566440e+00,1.711747e+00
1.923246e+01,2.158062e+00,1.834913e+01,-5.933397e-02,8.310878e-01,-7.575282e-01,1.126089e+00
1.637417e+01,3.958382e+00,1.798778e+01,-6.477017e-01,1.152776e+00,-1.664958e+00,2.126145e+00
1.656499e+01,2.167593e+00,1.678386e+01,-6.185151e-01,1.817742e+00,2.990323e-01,1.943237e+00
1.522919e+01,2.467950e+00,1.964038e+01,9.745445e-01,3.837357e-01,-9.122655e-01,1.388963e+00
1.817908e+01,2.889777e+00,1.605890e+01,6.055828e-02,2.090659e-01,-1.198850e+00,1.218449e+00
1.938645e+01,5.434246e-01,1.870667e+01,-2.177957e-01,-1.137600e+00,-1.469872e-01,1.167550e+00
2.076880e+01,2.803273e+00,1.958211e+01,-1.552230e+00,3.125271e-01,-1.811095e+00,2.405651e+00
2.004547e+01,3.067417e-01,2.138538e+01,-2.027043e+00,2.670423e-01,6.384938e-01,2.141935e+00
1.854404e+01,2.013156e+01,1.497223e+01,-7.235392e-01,2.035654e-01,-7.317133e-01,1.048977e+00
1.138681e+00,2.602635e+00,2.165193e+01,-6.367346e-01,4.090596e-01,-1.739089e-02,7.570094e-01
1.910210e+01,4.611036e+00,1.941817e+01,-4.828013e-01,4.146282e-01,1.762748e+00,1.874112e+00
2.087530e+01,1.466995e+00,1.847371e+01,2.077574e-01,1.862733e-01,-5.212187e-01,5.912105e-01
2.177995e+01,2.539901e+00,2.204595e+01,-1.231976e+00,4.433353e-01,1.637801e+00,2.096832e+00
1.788196e-01,4.080176e+00,1.888002e+01,-2.618906e+00,1.568302e-01,-1.424509e+00,2.985380e+00
2.826061e-01,1.835699e+00,2.877446e-01,-5.601745e-01,6.762492e-01,3.841335e-01,9.584712e-01
2.158042e+01,4.136206e+00,2.004433e+01,1.006849e-01,-1.461914e+00,-6.130331e-02,1.466659e+00
2.906203e+00,4.464338e+00,1.900883e+01,2.662788e+00,-1.003447e+00,-8.543141e-01,2.971060e+00
1.709382e+00,7.431277e+00,2.046273e+01,-4.632454e-01,-1.164125e+00,4.216385e-01,1.321954e+00
2.138030e+00,5.095000e+00,1.930314e+01,-2.634275e-01,-1.948400e+00,-1.350714e+00,2.385390e+00
2.274527e+01,2.916382e+00,2.252353e+01,1.261999e-01,3.707305e-01,1.343448e-01,4.140242e-01
4.428987e+00,3.802527e+00,1.763951e+01,-1.231394e+00,-1.101445e+00,3.522873e-01,1.689266e+00
5.066674e+00,8.237649e-01,1.752189e+01,-1.735565e+00,1.849999e+00,1.532559e+00,2.963683e+00
5.348263e+00,3.197077e+00,1.974749e+01,-1.937298e+00,-2.283844e+00,6.141063e-02,2.995470e+00
3.788897e+00,5.989524e+00,2.003849e+01,5.188985e-01,5.194121e-01,8.381947e-01,1.114278e+00
6.427408e+00,3.733273e+00,1.712831e+01,4.979557e-01,1.641802e+00,-1.329446e-02,1.715707e+00
6.815362e+00,4.037225e+00,1.610341e+01,-4.251773e-01,-1.843353e-01,-1.939732e-01,5.023753e-01
6.625918e+00,5.505657e-01,1.697923e+01,2.459508e-02,-1.157396e+00,-9.211747e-01,1.479437e+00
4.437647e+00,2.773324e+00,1.771776e+01,8.048643e-01,1.026912e+00,-1.133864e+00,1.728583e+00
3.665222e+00,1.840837e+00,1.581531e+01,-1.121891e+00,-1.319520e+00,1.047676e+00,2.024203e+00
7.531060e+00,7.675162e+00,1.687616e+01,5.755311e-01,3.890796e-01,1.051135e+00,1.259962e+00
7.691211e+00,4.595720e+00,1.585173e+01,2.066614e-01,-7.662158e-01,4.494207e-01,9.120168e-01
6.475151e+00,5.224465e+00,1.863586e+01,4.754457e-01,-5.800344e-03,-7.426516e-01,8.818240e-01
6.822240e+00,1.009881e+01,1.980582e+01,-3.259976e-01,6.083631e-01,5.643531e-01,8.915574e-01
7.419932e+00,9.036821e+00,1.898067e+01,-1.014310e+00,9.748314e-01,6.903566e-01,1.567072e+00
4.992177e+00,6.628150e+00,1.763132e+01,-4.555063e-01,-1.256142e-01,-2.424604e-01,5.310856e-01
6.922279e+00,4.908980e+00,1.676158e+01,-9.747406e-01,1.254393e+00,-5.984494e-01,1.697575e+00
6.019074e+00,3.968458e+00,2.022314e+01,1.136000e-01,-2.725235e-01,-2.563050e-01,3.909812e-01
8.906820e+00,2.253128e+01,1.757437e+01,-5.378261e-01,-6.271369e-01,-3.683229e-01,9.045547e-01
1.220273e+01,4.215911e+00,1.566197e+01,1.851253e-01,5.435268e-02,1.053390e+00,1.070914e+00
8.565292e+00,5.291807e+00,1.584614e+01,1.050534e+00,1.826871e-01,-3.747533e-02,1.066959e+00
8.667873e+00,6.263922e+00,1.625726e+01,-9.166704e-01,2.290564e-01,8.791118e-01,1.290577e+00
1.121146e+01,5.267383e+00,1.689170e+01,-1.204110e-01,-8.191524e-01,-1.472702e+00,1.689485e+00
8.515834e+00,9.808869e+00,2.054313e+01,3.591619e-01,1.711011e+00,1.248890e+00,2.148553e+00
6.486993e+00,7.527265e+00,1.646455e+01,1.514712e+00,-1.663534e+00,-1.162133e-01,2.252822e+00
9.741915e+00,4.728384e+00,1.764279e+01,-2.130400e+00,1.508809e-01,1.678562e+00,2.716420e+00
1.060446e+01,3.015979e+00,1.645306e+01,7.700206e-01,-2.924870e+00,-1.280363e+00,3.284376e+00
1.425353e+01,3.725134e+00,1.983129e+01,1.484199e+00,9.241055e-02,3.576223e-01,1.529471e+00
1.155583e+01,3.396448e+00,1.680704e+01,-9.722071e-01,1.403120e+00,8.621046e-02,1.709200e+00
1.545434e+01,3.469075e+00,1.855932e+01,8.937300e-01,-1.514174e+00,1.649187e+00,2.410663e+00
1.584396e+01,4.015169e+00,1.694076e+01,4.136342e-01,5.776991e-01,-1.632699e+00,1.780600e+00
1.414907e+01,6.172468e+00,1.984755e+01,-5.284320e-01,-1.976135e-01,-2.685761e-01,6.248396e-01
1.200337e+01,5.147376e+00,2.003112e+01,5.244356e-01,-6.982910e-01,1.957444e-01,8.949631e-01
1.525627e+01,5.795940e+00,1.735087e+01,4.752214e-01,4.650584e-02,-1.380217e-01,4.970394e-01
1.649080e+01,3.925774e+00,1.964105e+01,1.904666e+00,-1.147497e-01,1.667455e+00,2.534034e+00
1.731388e+01,1.665059e+00,2.050915e+01,-7.827497e-01,3.637680e-01,1.057466e+00,1.365013e+00
1.609220e+01,1.813508e+00,2.202694e+01,2.181400e-01,4.076857e-01,-1.310205e+00,1.389400e+00
1.524071e+01,5.442307e+00,1.926907e+01,1.214718e-01,-4.793678e-01,6.711049e-01,8.336250e-01
1.453749e+01,4.873804e+00,1.831704e+01,5.869834e-01,3.472850e-01,-1.221704e+00,1.399184e+00
1.746524e+01,1.544736e+00,1.875245e+01,1.513806e-01,3.600038e-01,2.572492e-01,4.676495e-01
1.700515e+01,6.824076e+00,2.361565e+01,-2.103237e-01,2.626227e-01,-5.475813e-01,6.426912e-01
1.635135e+01,4.502248e+00,1.584188e+01,-1.075472e+00,-4.471462e-01,-7.106011e-01,1.364381e+00
1.906237e+01,3.119647e+00,1.882812e+01,-5.017298e-01,6.070503e-02,-6.380840e-01,8.139835e-01
1.951669e+01,1.970823e+00,2.042206e+01,1.043761e+00,-2.096736e-01,7.346373e-01,1.293480e+00
2.063523e+01,6.396414e-01,2.038135e+01,-1.261134e+00,-1.953127e+00,1.609380e+00,2.827591e+00
1.848803e+01,1.301754e+00,1.866329e+01,8.177683e-01,7.341101e-01,-8.571336e-01,1.393679e+00
1.886088e+01,4.794309e-01,2.088861e+01,-1.686827e+00,1.351869e+00,-1.330029e+00,2.538092e+00
2.121995e+01,2.395280e+00,2.086837e+01,-7.179576e-01,-1.581111e-01,-1.120873e+00,1.340455e+00
1.962362e+01,5.747980e+00,2.100643e+01,-4.107965e-01,-8.574570e-01,-6.178045e-02,9.527870e-01
2.031825e+01,2.966789e+00,2.049405e+01,-2.078477e+00,-4.121277e-01,-5.822442e-01,2.197481e+00
1.604079e+00,2.945251e+00,2.054755e+01,1.196933e-01,-1.722413e+00,-6.745259e-02,1.727884e+00
2.240865e+01,5.764777e+00,1.970543e+01,-1.795628e+00,-2.077492e-01,1.366818e+00,2.266193e+00
9.149571e-01,6.102313e+00,1.798208e+01,-1.523344e-01,-1.281949e+00,-9.114301e-02,1.294181e+00
3.355152e+00,6.632454e+00,1.671914e+01,1.321258e+00,-1.268605e-02,6.806473e-01,1.486326e+00
1.274240e-01,7.108453e+00,2.194409e+01,-1.640533e+00,4.475340e-01,-6.965587e-01,1.837615e+00
1.521380e-01,6.065387e+00,2.173551e+01,1.050676e+00,5.174523e-01,-9.583894e-02,1.175100e+00
2.310098e+01,5.811011e+00,2.217152e+01,-7.991907e-02,-9.274941e-01,-5.557958e-01,1.084224e+00
1.782059e+00,6.775729e+00,1.942912e+01,-1.250845e+00,-9.173158e-01,1.392112e-01,1.557389e+00
2.473616e+00,2.685550e+00,1.881801e+01,-4.051417e-01,1.233088e+00,-6.443583e-01,1.449084e+00
2.226567e+00,5.996530e+00,1.716006e+01,-1.780968e+00,-4.882039e-01,1.320665e+00,2.270319e+00
2.342649e+01,7.879935e+00,2.260826e+01,2.358180e-02,1.896527e+00,6.019837e-01,1.989913e+00
2.358448e+01,7.196441e+00,2.082981e+01,-4.943446e-01,-2.152172e-02,-2.151752e-01,5.395741e-01
4.740540e+00,9.532814e+00,2.046028e+01,2.315594e-01,-4.502123e-01,-5.639906e-01,7.578894e-01
1.448012e+00,4.981657e+00,1.404110e+01,5.608210e-01,8.832056e-02,1.215327e+00,1.341395e+00
3.919539e+00,5.217425e+00,1.882878e+01,5.028341e-02,-6.022079e-01,6.117702e-01,8.599101e-01
6.469658e+00,8.796388e+00,1.871705e+01,-3.048926e-01,1.122351e+00,-4.297941e-01,1.239901e+00
8.663316e+00,5.049581e+00,1.776167e+01,8.125554e-01,-1.098289e-01,7.288059e-01,1.097026e+00
6.337276e+00,9.620124e+00,2.050005e+01,7.029156e-01,-3.987996e-01,2.549938e-01,8.474392e-01
5.579835e+00,8.182427e+00,1.918179e+01,-8.697059e-01,-3.509845e-01,5.863574e-01,1.106071e+00
5.753761e+00,5.716271e+00,1.688056e+01,1.219644e+00,-4.523902e-01,-5.215088e-01,1.401485e+00
7.224637e+00,7.974890e+00,1.871212e+01,3.936692e-01,-2.122306e-01,-1.945414e-01,4.877127e-01
6.069120e+00,7.022708e+00,1.742141e+01,-3.357688e-02,-3.195238e-02,8.126172e-01,8.139380e-01
6.575192e+00,6.818123e+00,2.244158e-01,-7.536878e-01,-7.537280e-01,-9.810900e-01,1.448685e+00
7.082299e+00,6.898550e+00,1.731825e+01,-2.781505e-01,8.313407e-01,-6.703418e-01,1.103564e+00
6.697911e+00,5.913498e+00,1.741524e+01,9.649819e-02,8.011474e-01,-2.114654e-01,8.341862e-01
8.273299e+00,8.372806e+00,1.967426e+01,1.237025e+00,1.804733e+00,-1.222155e-01,2.191399e+00
6.304438e+00,8.552360e+00,2.067458e+01,-7.228212e-02,-1.782475e+00,7.305030e-01,1.927713e+00
7.636522e+00,3.625183e+00,1.523600e+01,-8.625257e-01,-7.120319e-01,9.147395e-02,1.122189e+00
9.473605e+00,5.865146e+00,1.677378e+01,-9.362993e-02,9.716200e-01,-1.174658e+00,1.527296e+00
1.040289e+01,6.091606e+00,2.109457e+01,1.791274e-01,-4.473897e-01,9.739923e-01,1.086695e+00
8.330324e+00,3.986247e+00,1.796951e+01,-1.431591e-01,-7.705524e-01,-6.173328e-01,9.976699e-01
8.984533e+00,7.641305e+00,1.992299e+01,-6.175472e-01,-9.884895e-01,8.297396e-01,1.430714e+00
1.391858e+01,6.935465e+00,2.225287e+01,1.192609e+00,1.521990e-01,5.702209e-01,1.330651e+00
1.086296e+01,5.270723e+00,1.962293e+01,-1.526343e+00,-6.035462e-01,2.999623e-01,1.668523e+00
1.269126e+01,9.310346e+00,1.783919e+01,7.410887e-01,8.580520e-01,1.792250e-01,1.147862e+00
1.644057e+01,3.028818e+00,1.885855e+01,-1.327100e+00,1.630210e+00,9.677328e-01,2.314149e+00
1.535068e+01,3.537330e+00,1.979735e+01,-7.367666e-01,7.646263e-02,3.863621e-01,8.354324e-01
1.107145e+01,4.884551e+00,1.856942e+01,2.348398e-01,-8.400419e-01,-6.987829e-01,1.117639e+00
1.213510e+01,5.768919e+00,2.080370e+01,-2.367501e-01,6.194725e-02,-2.299000e-01,3.357709e-01
1.723335e+01,4.181829e+00,2.162131e+01,-1.217767e-01,3.849091e-01,9.607699e-02,4.149884e-01
1.558751e+01,5.912895e+00,2.015980e+01,-3.908139e-02,3.659238e-01,-8.128096e-01,8.922371e-01
1.845570e+01,6.921508e+00,2.025919e+01,5.381831e-02,3.916279e-01,-5.128401e-01,6.475135e-01
1.370096e+01,5.368290e+00,2.037681e+01,-2.146135e-01,-7.404316e-01,7.505551e-01,1.075933e+00
1.748831e+01,4.650898e-01,1.848288e+01,-6.450084e-01,-1.433166e-01,-1.781729e+00,1.900298e+00
1.728538e+01,4.182762e+00,1.761296e+01,1.121264e+00,-1.218449e+00,1.609176e-01,1.663654e+00
1.822793e+01,5.260969e+00,1.927490e+01,1.070058e-01,1.049943e+00,-1.240495e+00,1.628698e+00
1.481277e+01,4.819079e+00,2.184470e+01,1.522061e+00,-6.697299e-01,-8.016145e-02,1.664822e+00
1.715474e+01,3.788994e+00,1.866139e+01,7.400845e-02,3.428902e-01,-1.851375e-01,3.966445e-01
1.646173e+01,6.068859e+00,1.726412e+01,-1.271719e+00,-6.414828e-01,1.500904e-01,1.432235e+00
1.729088e+01,7.616293e+00,2.086033e+01,1.708984e+00,7.875155e-01,-4.495228e-01,1.934652e+00
1.796513e+01,6.066627e+00,1.862667e+01,-5.677655e-01,-1.139348e+00,1.030025e+00,1.637505e+00
2.644634e+00,5.204790e+00,1.609770e+01,-8.508948e-01,1.218033e+00,-1.772892e+00,2.313174e+00
2.177349e+01,6.323791e+00,1.863629e+01,4.740609e-01,-1.717560e+00,-1.162560e+00,2.127508e+00
1.898377e+01,2.839802e+00,2.020196e+01,-1.004608e+00,-7.171227e-01,1.770406e+00,2.158203e+00
1.924176e+01,6.677026e+00,2.140562e+01,-1.221180e-01,-2.105244e+00,9.789763e-02,2.111054e+00
2.363816e+01,2.022432e+00,2.315628e+01,6.483887e-01,4.195909e-01,-1.632964e+00,1.806388e+00
2.353326e+01,5.130241e+00,1.846860e+01,-1.134315e+00,-2.571734e-01,5.696306e-01,1.295102e+00
1.804869e+00,5.545860e+00,1.839045e+01,6.730942e-01,-3.217511e-01,-4.750615e-01,8.844563e-01
1.971186e+01,8.252708e+00,1.965582e+01,-1.006107e+00,-1.746380e-01,-9.399636e-01,1.387905e+00
2.070517e+01,1.839374e+00,1.997794e+01,-8.919470e-01,1.134768e-01,-8.560101e-02,9.032021e-01
2.275885e+01,7.741069e+00,2.047450e+01,-1.601247e-01,-1.524814e+00,-1.952448e-01,1.545581e+00
2.199639e+00,5.389579e+00,2.281121e+01,-7.420336e-01,-1.114597e+00,1.128446e+00,1.751094e+00
2.330253e+01,8.615265e+00,1.995995e+01,1.390695e+00,-2.127911e-01,4.172846e-01,1.467460e+00
3.061966e+00,6.235860e+00,1.778212e+01,-9.189880e-01,2.196461e+00,5.018506e-01,2.433276e+00
7.520860e-01,7.524806e+00,2.081654e+01,-1.245223e-01,-6.758813e-01,7.775419e-01,1.037734e+00
2.843647e+00,5.255727e+00,1.830352e+01,1.406549e-01,6.760562e-01,5.786343e-01,9.009181e-01
2.121244e+00,9.267223e+00,1.460118e+01,4.751471e-01,3.594236e-01,1.150889e+00,1.295954e+00
2.713970e+00,3.787725e+00,1.695779e+01,-8.447460e-01,-9.965537e-02,1.522020e+00,1.743581e+00
3.962825e+00,4.204697e+00,1.908313e+01,-1.032887e+00,5.897906e-01,-8.052561e-01,1.436365e+00
8.595785e+00,1.037553e+01,2.152551e+01,1.878631e+00,-6.368574e-02,-1.526820e-03,1.879711e+00
3.232237e+00,6.835535e+00,1.940829e+01,-2.506568e-01,1.250989e+00,6.094320e-01,1.413934e+00
5.236311e+00,1.040740e+01,2.074638e+01,1.652382e-01,-7.415986e-01,-7.792522e-01,1.088350e+00
4.666027e+00,1.453058e+01,1.851444e+01,1.158562e+00,4.350863e-01,1.240199e+00,1.752045e+00
7.369763e+00,1.032916e+01,2.087968e+01,1.336870e-01,-9.829671e-01,1.262002e+00,1.605225e+00
4.433662e+00,1.131447e+01,1.894720e+01,-1.032015e+00,1.413656e+00,-1.097314e+00,2.065812e+00
6.674990e+00,9.058470e+00,1.973627e+01,-6.973528e-01,8.247071e-01,1.664930e-01,1.092777e+00
3.264191e+00,1.150797e+01,1.923154e+01,-5.735448e-01,9.642609e-01,-1.357166e+00,1.760867e+00
6.589257e+00,1.075589e+01,1.822626e+01,1.612283e+00,-2.538811e-01,9.664635e-01,1.896830e+00
6.529592e+00,1.227231e+01,1.903458e+01,-1.090390e-01,-9.896177e-01,1.344894e+00,1.673312e+00
8.592596e+00,9.505417e+00,1.938313e+01,1.287614e+00,-6.385132e-01,2.566959e-01,1.459980e+00
8.451001e+00,6.304994e+00,1.995713e+01,2.190496e-01,7.421205e-01,1.708653e+00,1.875692e+00
5.244149e+00,1.135906e+01,1.822699e+01,2.641447e-01,-9.733437e-01,-4.934525e-01,1.122794e+00
1.013838e+01,9.646833e+00,2.082665e+01,3.993452e-01,-1.482924e+00,1.896277e+00,2.440165e+00
9.223457e+00,1.080718e+01,1.585041e+01,1.569792e-01,1.392789e+00,1.360011e+00,1.952980e+00
1.266039e+01,6.326994e+00,1.639906e+01,1.711792e+00,-3.380825e-01,1.801986e+00,2.508323e+00
9.587879e+00,5.586009e+00,2.174936e+01,9.949491e-01,2.727522e-01,-1.892620e+00,2.155534e+00
1.237214e+01,1.043867e+01,1.880052e+01,-3.868120e-01,4.781765e-01,-4.026664e-01,7.351302e-01
1.353227e+01,8.227385e+00,1.627481e+01,2.026377e-02,-7.675516e-01,6.759826e-01,1.022985e+00
1.287416e+01,7.626270e+00,1.592569e+01,-1.196989e+00,2.046275e+00,-2.486278e-01,2.383661e+00
1.276263e+01,5.145029e+00,4.397128e-01,-5.726985e-01,-6.994717e-01,-8.647333e-01,1.251003e+00
1.292336e+01,6.248914e+00,1.872368e+01,-1.814640e-01,6.650769e-01,2.120605e-01,7.212671e-01
1.212811e+01,6.836447e+00,2.040988e+01,-4.772191e-01,-9.422171e-01,1.619645e-01,1.068524e+00
1.471139e+01,1.022153e+01,1.996077e+01,9.136001e-01,-1.096637e+00,-8.871132e-01,1.680550e+00
1.580890e+01,4.611362e+00,1.970354e+01,-1.246069e+00,-1.251363e+00,-7.449933e-02,1.767526e+00
1.342150e+01,6.839390e+00,1.105220e+00,5.973882e-01,-1.028515e+00,-5.332897e-01,1.303501e+00
1.287675e+01,5.978525e+00,2.189639e+01,-9.044786e-01,-4.989163e-02,1.094435e+00,1.420689e+00
1.200947e+01,5.290742e+00,1.892853e+01,-3.690615e-01,-2.337729e-01,-5.390051e-01,6.938174e-01
1.651719e+01,9.064040e+00,1.951528e+01,8.633224e-01,6.264383e-01,5.615098e-01,1.205423e+00
1.321450e+01,1.018013e+01,1.734731e+01,-6.401662e-01,-7.696275e-01,-3.273137e-01,1.053221e+00
1.701102e+01,5.436620e+00,1.957788e+01,-4.066802e-01,-1.213131e+00,-4.763447e-01,1.365276e+00
1.675123e+01,6.889119e+00,2.025715e+01,-4.197935e-01,-1.442312e+00,-8.965489e-01,1.749369e+00
1.577967e+01,1.099800e+01,2.118364e+01,1.111649e+00,1.017263e+00,5.008893e-01,1.587916e+00
1.351675e+01,1.020734e+01,2.280595e+01,-1.754870e+00,-4.452941e-01,-1.303581e+00,2.230959e+00
1.613367e+01,7.334502e+00,2.101685e+01,-6.028089e-01,7.118990e-01,-2.150681e-01,9.573051e-01
1.716089e+01,1.094566e+01,2.049095e+01,-1.446691e+00,1.038766e+00,4.805178e-01,1.844681e+00
1.928285e+01,3.834908e+00,2.139394e+01,3.717985e-02,1.287322e+00,-8.658842e-01,1.551881e+00
1.772611e+01,7.595740e+00,1.993485e+01,-9.698599e-01,8.625504e-01,-7.123230e-01,1.480549e+00
2.360542e+01,8.163399e+00,1.570111e+01,1.556277e+00,3.753236e-01,2.249140e-01,1.616617e+00
2.079545e+01,7.552462e+00,1.716869e+01,1.119944e+00,-5.115956e-01,1.012242e+00,1.593938e+00
1.967497e+01,4.678383e+00,2.070481e+01,4.529777e-01,-1.832470e+00,-1.679181e-01,1.895080e+00
1.954244e+01,7.537808e+00,1.640456e+01,5.685364e-01,-7.508169e-01,-2.367210e+00,2.547674e+00
2.209343e+01,5.705282e+00,2.218674e+01,1.315363e+00,1.613148e+00,-1.762182e+00,2.727217e+00
2.152369e+01,9.158481e+00,1.798836e+01,-1.089431e-01,7.651902e-01,5.967131e-01,9.764482e-01
2.346546e+01,5.724019e+00,1.932995e+01,-4.930158e-01,1.447516e-01,-1.290036e+00,1.388600e+00
2.274140e+01,6.860673e+00,2.154831e+01,4.878927e-01,-4.684884e-01,-1.074541e+00,1.269708e+00
2.288910e+01,6.181284e+00,1.873250e+01,7.087468e-01,-2.181265e+00,3.898233e-01,2.326413e+00
2.464870e+00,1.032756e+01,2.128180e+01,-3.257647e-01,6.394098e-01,1.959499e-01,7.438844e-01
5.023588e+00,7.799471e+00,2.321208e+01,-1.431609e+00,-4.031248e-01,9.236436e-01,1.750752e+00
2.338861e+01,1.146646e+01,1.962035e+01,9.892465e-01,3.659519e-01,-6.475947e-01,1.237703e+00
1.746189e+00,9.010332e+00,1.806691e+01,-1.023434e+00,1.447690e+00,6.689158e-01,1.894906e+00
2.400880e+00,8.328279e+00,1.720235e+01,1.766221e+00,1.997545e-01,1.998719e+00,2.674756e+00
4.504012e-01,9.159508e+00,2.191355e+01,6.142211e-02,8.800053e-01,-1.075172e+00,1.390747e+00
1.834562e+00,1.023122e+01,1.902772e+01,-9.320402e-01,-3.470028e-02,1.444276e+00,1.719254e+00
4.369223e+00,6.087006e+00,1.831501e+01,2.216999e-01,-1.344322e+00,-1.168348e+00,1.794823e+00
4.026625e+00,1.043674e+01,1.840981e+01,1.073415e+00,-5.178328e-01,-5.615487e-01,1.317463e+00
2.313445e+00,9.961153e+00,2.246186e+01,-1.807912e+00,1.067370e-01,-1.238964e+00,2.194304e+00
1.104709e+00,8.480219e+00,2.124770e+01,1.662872e-01,4.093485e-01,6.644842e-01,7.979705e-01
3.981330e+00,5.140026e+00,1.390580e+01,1.370192e+00,1.097474e+00,-6.424677e-01,1.869396e+00
6.334492e+00,1.359590e+01,1.856160e+01,-6.766732e-01,3.051477e-01,1.903153e+00,2.042790e+00
4.970976e+00,1.156008e+01,1.976628e+01,9.666143e-01,-7.772765e-02,-8.618474e-01,1.297369e+00
6.188045e+00,1.055894e+01,2.092419e+01,-2.182283e-01,9.819586e-02,6.975765e-01,7.374815e-01
5.344756e+00,1.073776e+01,2.257545e+01,4.734403e-01,-6.976764e-01,2.323841e-01,8.745858e-01
9.017887e+00,1.218647e+01,1.746601e+01,-7.935586e-01,-1.033279e+00,-1.662080e-02,1.302949e+00
3.731126e+00,8.416013e+00,1.880885e+01,1.637237e-02,1.753549e+00,-1.283176e+00,2.172957e+00
7.288170e+00,1.154980e+01,2.222414e+01,1.792351e+00,-7.190430e-01,4.156268e-01,1.975422e+00
7.419698e+00,1.044184e+01,1.869943e+01,2.398585e-01,-6.351623e-01,-8.880574e-01,1.117859e+00
1.107790e+01,1.108718e+01,1.918968e+01,-5.288935e-01,1.419611e+00,-5.115255e-01,1.598962e+00
1.224895e+01,1.007567e+01,1.990197e+01,-1.425197e+00,5.398674e-01,-3.624552e-01,1.566530e+00
9.664919e+00,1.034586e+01,1.902642e+01,6.803661e-01,1.631797e+00,-7.202181e-01,1.909024e+00
1.195468e+01,1.169287e+01,1.938952e+01,3.833153e-01,-1.312091e-01,5.010478e-01,6.443565e-01
1.107049e+01,1.138726e+01,2.194662e+01,1.219080e+00,-1.564458e+00,-2.790596e-01,2.002888e+00
1.398789e+01,5.993422e+00,2.233168e+01,1.884424e+00,-5.646817e-01,-4.759618e-01,2.023971e+00
1.109230e+01,8.950309e+00,1.936568e+01,2.722111e-01,4.035837e-01,9.620102e-01,1.078166e+00
8.681481e+00,1.051431e+01,1.875178e+01,-3.215758e-01,-2.479514e-01,-1.532927e-01,4.340386e-01
1.013274e+01,7.942265e+00,1.543760e+01,1.744152e-01,-1.994140e-01,-5.277153e-01,5.904829e-01
1.144122e+01,8.764391e+00,2.290209e+01,-3.294817e-01,1.576979e+00,2.225991e-01,1.626337e+00
1.329954e+01,1.138138e+01,2.279722e+01,8.763829e-01,-1.584171e+00,1.698185e+00,2.482233e+00
1.225689e+01,1.029098e+01,1.775519e+01,1.222436e-01,-4.543894e-01,2.349654e+00,2.396307e+00
1.429889e+01,8.164605e+00,2.065696e+01,-1.142304e+00,-3.494521e-01,9.762216e-01,1.542720e+00
1.346289e+01,4.885734e+00,1.854014e+01,-7.753884e-01,-3.135213e-01,-7.541610e-01,1.126180e+00
1.546284e+01,9.985767e+00,2.070981e+01,-1.250732e+00,-1.423526e+00,-2.372929e-01,1.909729e+00
1.742679e+01,8.688040e+00,2.025777e+01,-3.406400e-01,-4.363611e-01,-6.014214e-01,8.174071e-01
1.349665e+01,5.857709e+00,2.756788e-01,1.444505e+00,6.098970e-01,1.090194e+00,1.909736e+00
1.436149e+01,7.374587e+00,1.999512e+01,3.298815e-01,-9.026185e-01,-6.300857e-01,1.149152e+00
1.215752e+01,6.191535e+00,1.956954e+01,-6.493871e-01,-1.070200e+00,-1.620172e+00,2.047435e+00
1.224774e+01,5.665155e+00,1.704189e+01,-1.714395e+00,1.733989e+00,2.784905e-02,2.438574e+00
1.792398e+01,9.443068e+00,1.680107e+01,-1.798445e+00,-3.547339e-03,1.520281e+00,2.354925e+00
1.350350e+01,8.530822e+00,1.994658e+01,4.372302e-01,-1.591733e+00,-3.802827e-01,1.693930e+00
1.749265e+01,6.455968e+00,1.950836e+01,2.758699e-01,-7.654425e-02,-1.522822e+00,1.549500e+00
2.019375e+01,7.531610e+00,1.793746e+01,1.534690e+00,-9.114955e-01,5.003789e-01,1.853774e+00
1.976152e+01,8.923581e+00,1.881186e+01,3.049948e-01,-1.504701e+00,1.037724e+00,1.853110e+00
1.988198e+01,1.031272e+01,1.781302e+01,2.289369e-01,-1.212952e+00,1.041664e-01,1.238755e+00
1.825615e+01,1.328118e+01,2.132237e+01,1.871082e+00,-1.289716e+00,-1.216318e-01,2.275766e+00
2.310977e+01,8.069084e+00,1.666087e+01,-3.989549e-01,-2.107982e+00,2.570340e-01,2.160745e+00
1.872782e+01,1.176065e+01,1.729201e+01,1.106220e+00,1.653519e+00,-4.261996e-01,2.034575e+00
1.948126e+01,8.490152e+00,2.071014e+01,4.818708e-01,-7.210376e-01,-1.032128e+00,1.348104e+00
1.775497e+01,8.339014e+00,1.860022e+01,4.291059e-01,-6.829289e-01,4.517700e-01,9.244565e-01
2.154622e+01,9.712666e+00,1.902968e+01,-1.550845e+00,-1.380662e+00,5.667827e-01,2.152346e+00
2.067039e+01,9.457949e+00,1.749206e+01,-3.926677e-01,-1.706622e-01,-5.507084e-01,6.975624e-01
2.258492e+01,7.004297e+00,1.805924e+01,-1.109035e+00,2.090087e-01,9.964432e-01,1.505504e+00
1.592396e+01,6.899945e+00,2.185698e+01,5.478929e-01,6.494839e-01,-7.338499e-01,1.122743e+00
2.328610e+01,1.008100e+01,1.803780e+01,-4.759401e-01,1.470601e+00,5.684239e-01,1.646904e+00
7.465753e-01,8.680434e+00,1.501783e+01,-4.583764e-01,1.044126e-03,9.493283e-01,1.054198e+00
1.694317e+00,9.104101e+00,1.949518e+01,1.795231e+00,4.403984e-01,6.636442e-02,1.849651e+00
2.242106e+01,9.543341e+00,1.809868e+01,9.532549e-01,-4.565801e-01,-2.833649e-01,1.094283e+00
2.923159e+00,9.746915e+00,1.540381e+01,7.051387e-01,1.030297e+00,-1.788512e-01,1.261237e+00
2.579722e+00,8.507009e+00,1.949254e+01,-6.814131e-01,1.528668e+00,1.585708e+00,2.305563e+00
2.469623e+00,1.211335e+01,1.955366e+01,-4.905512e-01,7.407502e-01,-9.573588e-01,1.306096e+00
1.743616e+00,1.247763e+01,2.064502e+01,-1.012059e+00,9.123149e-01,-5.652618e-01,1.475162e+00
2.003807e+00,9.328535e+00,1.679466e+01,-1.121553e+00,5.378459e-01,2.722023e+00,2.992753e+00
2.873964e+00,1.181217e+01,1.546407e+01,-1.071930e+00,-2.045603e+00,2.681618e+00,3.539011e+00
3.617735e+00,1.172773e+01,2.028247e+01,8.423455e-01,-1.337077e+00,4.843631e-01,1.652855e+00
3.989422e+00,8.548704e+00,1.778303e+01,-1.054050e+00,-1.432704e+00,-6.086754e-01,1.879933e+00
5.995964e+00,1.115245e+01,1.905051e+01,-7.218739e-01,-4.757552e-01,5.975897e-01,1.050980e+00
5.768719e+00,1.247736e+01,1.992283e+01,7.861766e-01,-4.777013e-02,1.324690e-01,7.986887e-01
3.827069e+00,1.348764e+01,1.640708e+01,1.017242e+00,-7.861877e-01,9.965552e-01,1.626651e+00
3.211876e+00,1.291895e+01,1.945219e+01,4.732615e-01,-2.548895e-01,-2.995737e-01,6.153775e-01
8.404364e+00,1.233413e+01,1.876248e+01,5.291028e-02,-2.143055e-01,-1.836406e-01,2.871415e-01
7.384168e+00,1.307338e+01,1.640809e+01,-1.936999e-01,4.751460e-01,1.647469e+00,1.725526e+00
1.122803e+01,1.011027e+01,1.758000e+01,1.120382e-01,1.010198e+00,-7.115647e-02,1.018880e+00
7.119748e+00,1.375842e+01,1.945268e+01,-8.474745e-01,-4.190802e-02,-6.489217e-01,1.068208e+00
8.693460e+00,1.353252e+01,1.864285e+01,1.592970e-01,4.311316e-01,6.549009e-01,8.000908e-01
9.765192e+00,1.184170e+01,2.042357e+01,9.966879e-01,7.047395e-01,-1.876274e-01,1.235010e+00
1.014012e+01,9.326258e+00,1.899264e+01,2.950925e-01,8.526231e-01,-1.496722e+00,1.747633e+00
8.323728e+00,1.201064e+01,5.430719e-02,-1.295290e-01,6.110192e-01,5.116792e-01,8.074267e-01
7.813437e+00,1.182513e+01,2.000694e+01,1.045525e+00,-1.695614e+00,-1.151976e+00,2.301147e+00
1.367014e+01,6.868459e+00,2.378396e+01,8.964329e-01,2.377559e-01,2.211207e-01,9.534223e-01
1.538116e+01,1.089473e+01,2.245809e+01,-5.258309e-01,-9.296270e-01,8.383552e-01,1.357772e+00
9.554549e+00,1.198884e+01,2.249052e+01,1.082874e-02,3.147785e-02,-8.091478e-01,8.098323e-01
1.319994e+01,6.995459e+00,1.961485e+01,1.026036e+00,1.712795e+00,1.108714e-01,1.999678e+00
1.435055e+01,1.182221e+01,2.090231e+01,7.739753e-01,2.641208e-01,1.625120e+00,1.819289e+00
1.428585e+01,1.286275e+01,1.722593e+01,-5.635321e-01,5.610475e-01,1.935524e+00,2.092510e+00
1.037620e+01,1.153396e+01,2.309893e+01,-6.595346e-01,1.685626e+00,-1.588264e+00,2.408091e+00
1.049788e+01,1.137221e+01,1.837527e+01,-1.748724e-01,5.737682e-01,5.049601e-01,7.840758e-01
1.408304e+01,1.102834e+01,1.991051e+01,-2.978374e-01,1.032541e+00,-8.484575e-01,1.369207e+00
1.370338e+01,8.015535e+00,1.898148e+01,-6.544131e-01,1.490738e+00,-7.765077e-01,1.803752e+00
1.375123e+01,1.221313e+01,2.206824e+01,-1.208807e+00,1.288272e+00,6.004727e-01,1.865858e+00
1.836524e+01,1.371459e+01,1.631975e+01,-8.411116e-01,2.251239e-01,-9.577473e-01,1.294384e+00
1.416575e+01,1.004015e+01,1.790897e+01,-6.043121e-02,-2.141848e+00,-1.769774e+00,2.779076e+00
1.444822e+01,1.020279e+01,2.242680e+01,-3.629549e-01,-9.556911e-01,-1.952800e+00,2.204202e+00
1.189862e+01,1.052008e+01,1.070577e-01,8.013773e-01,-3.213672e-01,1.836524e+00,2.029360e+00
1.524491e+01,1.106487e+01,1.929077e+01,-3.203759e-01,-7.717527e-01,-1.217649e+00,1.476791e+00
1.927752e+01,1.185728e+01,1.843227e+01,-2.834703e-02,1.725839e+00,-7.369827e-01,1.876824e+00
1.529358e+01,8.956025e+00,2.121214e+01,-4.915314e-01,1.182552e+00,-4.767030e-01,1.366483e+00
1.821546e+01,1.234755e+01,1.797891e+01,-1.087398e+00,9.887114e-01,7.593864e-01,1.654283e+00
1.992351e+01,9.161651e+00,2.010729e+01,6.238638e-01,8.349647e-01,5.022424e-01,1.156987e+00
1.940505e+01,9.218918e+00,1.790573e+01,5.841918e-01,6.304205e-01,-1.135058e+00,1.423751e+00
1.980208e+01,1.351453e+01,1.908579e+01,6.494735e-01,5.614649e-01,-3.709570e-01,9.352367e-01
1.720607e+01,1.102379e+01,2.153538e+01,-1.203119e+00,-7.449955e-01,1.181511e+00,1.843498e+00
2.141009e+01,1.110184e+01,1.875059e+01,3.308374e-01,-3.473186e-01,7.121949e-01,8.586647e-01
1.913330e+01,7.555822e+00,2.058967e+01,-1.284233e+00,-3.246043e-01,-9.805975e-01,1.648088e+00
2.190590e+01,7.595408e+00,1.874576e+01,4.166218e-01,4.120705e-01,1.129199e+00,1.272190e+00
1.988512e+01,8.980402e+00,2.194826e+01,-1.057436e-01,-3.826598e-01,-1.263168e+00,1.324086e+00
2.292148e+01,8.702664e+00,1.476805e+01,-1.006843e+00,7.206377e-01,-1.074435e+00,1.639348e+00
2.298220e+01,9.405731e+00,1.578554e+01,1.355830e+00,-1.649900e+00,-9.714399e-02,2.137728e+00
1.898834e+01,9.104991e+00,1.973978e+01,-1.146124e+00,1.128756e+00,1.308053e+00,2.073329e+00
2.221379e+01,9.145107e+00,1.975038e+01,9.332201e-01,1.499992e-01,2.069689e-01,9.675927e-01
1.393197e+00,1.205333e+01,1.684227e+01,7.851657e-01,-3.034702e-01,3.864641e-01,9.262471e-01
2.335682e+01,1.304088e+01,1.685753e+01,-2.095013e-01,1.553976e+00,5.218387e-01,1.652588e+00
2.385078e+01,1.433353e+01,1.847729e+01,5.596082e-01,-6.822190e-01,-3.806300e-01,9.609699e-01
6.493652e-01,1.285190e+01,2.069910e+01,6.125089e-01,-1.308703e+00,5.051034e-01,1.530686e+00
2.386111e+01,8.608261e+00,1.826819e+01,-8.881910e-01,5.786914e-01,-8.409634e-01,1.353139e+00
2.346742e+01,1.035553e+01,1.553092e+01,-6.011800e-02,1.878867e-01,5.318598e-01,5.672657e-01
1.283820e+00,1.090828e+01,1.705398e+01,-1.484328e+00,1.637910e-01,2.894741e-01,1.521135e+00
2.147933e+01,1.206815e+01,1.850525e+01,-1.431399e+00,-3.580194e-01,1.018144e+00,1.792679e+00
2.731816e+00,1.322689e+01,1.645456e+01,-3.385316e-01,3.436355e-01,-7.214929e-01,8.678946e-01
4.356645e+00,1.401463e+01,1.956752e+01,8.266693e-01,2.399470e-01,-9.398484e-01,1.274469e+00
1.501845e+00,1.527256e+01,2.003724e+01,-4.701205e-01,-4.453199e-01,-1.124897e+00,1.297967e+00
3.852259e+00,1.005451e+01,1.500611e+01,-8.450719e-01,1.646344e+00,1.429279e+00,2.338255e+00
4.147458e+00,1.585971e+01,2.325896e+01,1.332947e+00,9.181965e-01,-6.162000e-01,1.731917e+00
7.719466e+00,1.460170e+01,1.522261e+01,-1.019227e+00,8.982636e-01,-2.477482e-02,1.358792e+00
6.471712e+00,1.468550e+01,1.898116e+01,8.058769e-01,-3.562553e-01,8.433117e-02,8.851368e-01
6.139667e+00,1.760228e+01,2.099098e+01,7.196760e-01,-2.868312e-01,-4.482568e-01,8.950642e-01
6.436646e+00,1.303135e+01,1.691386e+01,2.110999e+00,1.262417e+00,1.996115e+00,3.167726e+00
8.131614e+00,1.430193e+01,1.946074e+01,-1.697612e-01,-2.833709e-01,-2.182168e-01,3.958997e-01
1.044510e+01,1.210079e+01,1.914789e+01,-3.711796e-01,1.896257e+00,-7.204486e-01,2.062186e+00
5.422409e+00,1.438227e+01,1.949512e+01,-1.230566e+00,7.478967e-01,-2.145633e-01,1.455912e+00
6.868194e+00,1.313796e+01,1.783467e+01,-1.048790e+00,7.668512e-01,8.608610e-01,1.558558e+00
9.432953e+00,1.398905e+01,1.666620e+01,2.908502e-01,5.089002e-01,1.606670e-01,6.077723e-01
9.471262e+00,1.323987e+01,1.945960e+01,-5.378838e-01,-1.696944e-01,-4.221950e-01,7.045309e-01
4.797787e+00,1.290535e+01,2.135211e+01,7.587413e-01,-2.115536e+00,-1.666847e-01,2.253656e+00
8.408255e+00,1.316068e+01,1.968331e+01,2.456829e-01,9.642640e-01,-4.570519e-01,1.095017e+00
1.076514e+01,1.447938e+01,1.618682e+01,3.484846e-01,-7.577432e-01,1.458915e+00,1.680491e+00
1.358978e+01,1.290500e+01,1.960135e+01,-1.339099e+00,-8.984497e-01,-9.451556e-01,1.869149e+00
8.764891e+00,1.326438e+01,1.648420e+01,1.033272e+00,-1.950597e-01,1.165065e+00,1.569419e+00
9.124376e+00,1.284979e+01,2.040681e+01,-5.393611e-01,-4.274769e-01,2.926762e-01,7.478678e-01
1.661956e+01,1.349725e+01,1.920271e+01,1.432039e+00,3.264708e-01,1.520927e+00,2.114365e+00
1.490474e+01,1.217930e+01,1.964151e+01,-4.625523e-01,-1.744399e-01,-7.786156e-01,9.222940e-01
1.232905e+01,1.343675e+01,2.224771e+01,-2.328334e-01,-9.772724e-01,-5.872586e-01,1.163678e+00
1.355835e+01,1.126511e+01,1.813051e+01,8.665182e-01,2.386361e+00,3.056436e-01,2.557145e+00
1.536342e+01,1.122468e+01,1.755441e+01,1.777772e-03,8.268441e-01,2.289294e-01,8.579528e-01
1.455584e+01,1.482060e+01,1.920088e+01,-3.430354e-01,2.182054e+00,2.437051e+00,3.289111e+00
1.292058e+01,1.097183e+01,4.481253e-01,-1.583505e-01,-8.439125e-01,8.760071e-01,1.226642e+00
1.889635e+01,1.297560e+01,1.850731e+01,-1.134106e-01,1.899877e+00,-5.581424e-02,1.904077e+00
1.659540e+01,1.011574e+01,2.161525e+01,8.764755e-01,8.883939e-01,-1.040957e+00,1.625129e+00
1.570255e+01,1.004268e+01,1.960436e+01,1.245676e+00,1.034775e+00,-3.690861e-01,1.660931e+00
1.324201e+01,1.095147e+01,2.097501e+01,2.137715e-01,3.210182e-01,1.866594e-01,4.284771e-01
2.039851e+01,1.116634e+01,2.242881e+01,5.600799e-01,-9.241826e-01,-1.826332e-01,1.095973e+00
1.476295e+01,1.404485e+01,2.075773e+01,1.253779e+00,3.563324e-01,-1.516349e-01,1.312222e+00
1.800043e+01,1.272646e+01,1.907585e+01,-6.944129e-02,-1.492410e-01,-9.307363e-01,9.451799e-01
1.660226e+01,1.435270e+01,1.977478e+01,-6.044451e-01,-3.755188e-01,6.846327e-01,9.874666e-01
2.071396e+01,1.247934e+01,1.755425e+01,-2.105024e+00,1.164605e-01,4.740650e-01,2.160886e+00
1.676564e+01,1.452445e+01,1.570481e+01,-1.330861e+00,-1.453932e+00,-7.878329e-01,2.122684e+00
1.838328e+01,1.575825e+01,1.908798e+01,1.216206e+00,-1.854057e+00,2.626270e-01,2.232858e+00
1.954807e+01,1.100198e+01,2.076907e+01,1.880150e-01,3.477802e-01,-3.443051e-01,5.242583e-01
1.922057e+01,1.230133e+01,1.935976e+01,2.394605e-01,-6.917616e-01,-6.808725e-01,9.997314e-01
2.238747e+01,1.343764e+01,2.102256e+01,3.494335e-01,-1.514990e+00,-1.305766e-01,1.560240e+00
2.046661e+01,9.260300e+00,2.102305e+01,6.241229e-01,3.488841e-01,-7.417217e-02,7.188540e-01
2.071167e+01,1.216092e+01,2.308106e+01,-6.201079e-01,5.667164e-01,-1.244627e+00,1.501598e+00
2.370514e+01,1.616604e+01,1.962147e+01,5.283199e-01,-4.513945e-01,7.957004e-01,1.056418e+00
2.379143e+01,1.478444e+01,1.733679e+01,-6.037548e-01,3.459085e-01,4.171214e-01,8.112723e-01
8.882440e-01,1.277293e+01,1.835560e+01,-8.810419e-01,-8.030741e-02,-8.099016e-01,1.199427e+00
2.353775e+01,1.147711e+01,2.066343e+01,8.358066e-01,1.450817e+00,-8.406542e-02,1.676458e+00
2.073826e+01,1.004222e+01,1.851523e+01,-1.030311e-01,-5.229299e-01,-5.398054e-01,7.585914e-01
1.378222e+00,1.348542e+01,2.003985e+01,1.220988e+00,4.454470e-01,-4.209870e-02,1.300387e+00
2.257971e+01,1.727731e+01,2.083603e+01,2.390395e-01,6.439177e-01,1.452044e+00,1.606301e+00
2.302073e+01,1.500364e+01,2.081790e+01,1.247624e+00,-1.073738e+00,4.116257e-01,1.696737e+00
1.342203e+00,1.445031e+01,1.644394e+01,-1.052691e-01,-2.831646e-01,-4.175436e-01,5.153702e-01
4.540340e+00,1.523464e+01,2.255630e+01,-1.640829e+00,6.932963e-01,9.591402e-01,2.023099e+00
3.013847e+00,1.324803e+01,2.126668e+01,-6.231553e-01,1.114506e+00,1.803887e-01,1.289568e+00
2.306987e+01,1.437262e+01,1.965063e+01,-9.308003e-01,4.787308e-01,-3.645557e-01,1.108365e+00
2.281590e+00,1.616735e+01,1.962440e+01,-1.224142e+00,9.831980e-01,8.976954e-01,1.808607e+00
4.357028e+00,1.828385e+01,1.897512e+01,3.993162e-01,-5.735778e-01,6.200804e-01,9.343151e-01
2.684029e+00,1.506892e+01,2.028683e+01,-3.062936e-01,-3.251354e-01,4.535185e-01,6.365594e-01
6.961574e-01,1.700107e+01,2.145207e+01,-1.329125e+00,2.758844e-01,6.265033e-01,1.495055e+00
3.351517e+00,1.432068e+01,1.732037e+01,1.101940e-01,-4.548469e-01,-6.230902e-01,7.792752e-01
5.400751e+00,1.815696e+01,1.757080e+01,1.206457e+00,-5.833786e-01,4.996346e-01,1.430211e+00
6.684832e+00,1.475252e+01,1.787916e+01,-4.278014e-01,7.635856e-01,4.268576e-01,9.737989e-01
2.211159e+00,1.587512e+01,2.081478e+01,8.459282e-01,-4.653080e-01,1.969888e+00,2.193756e+00
6.635848e+00,1.414605e+01,1.629553e+01,-7.542920e-01,1.580545e+00,-8.311245e-01,1.938516e+00
7.982367e+00,1.620189e+01,1.914588e+01,-1.457866e-01,9.102373e-01,-3.310726e-01,9.794870e-01
6.310541e+00,1.565329e+01,1.809518e+01,1.115477e+00,2.244617e+00,2.622748e-01,2.520195e+00
6.981281e+00,1.793793e+01,1.990961e+01,6.860906e-01,1.500495e+00,9.995717e-01,1.929080e+00
7.041675e+00,1.710741e+01,2.061539e+01,-1.327381e+00,-6.804837e-02,4.750710e-02,1.329973e+00
9.253480e+00,1.554242e+01,1.888075e+01,1.359419e+00,-1.089192e+00,6.791906e-01,1.869668e+00
1.032422e+01,9.456662e+00,2.188886e+01,-2.436883e-01,-1.199774e+00,7.886259e-01,1.456287e+00
6.978110e+00,1.457343e+01,2.362377e+01,1.119840e+00,5.574006e-01,1.162932e-01,1.256289e+00
9.170498e+00,1.354532e+01,2.123934e+01,1.191976e+00,8.760955e-01,1.354424e+00,2.005696e+00
1.140454e+01,1.460252e+01,1.902728e+01,-5.712517e-02,5.043179e-01,8.625882e-01,1.000829e+00
7.341889e+00,1.275446e+01,1.957559e+01,-6.216663e-01,-1.249849e+00,-2.381658e-01,1.416091e+00
1.098710e+01,1.325735e+01,1.905757e+01,-2.657234e-01,6.960335e-01,7.629341e-01,1.066368e+00
1.025453e+01,1.281845e+01,2.005496e+01,-1.247070e-01,1.551613e+00,2.044171e-01,1.569981e+00
1.090025e+01,1.815087e+01,2.113615e+01,-1.468914e+00,-3.866048e-02,3.677151e-01,1.514733e+00
9.740555e+00,1.260956e+01,1.833614e+01,3.358258e-01,-1.046486e+00,2.493049e-01,1.126972e+00
9.641390e+00,1.812273e+01,2.132560e+01,7.185890e-01,-3.487196e-01,1.122355e-01,8.065806e-01
1.217566e+01,1.647496e+01,1.885775e+01,2.728618e-01,-9.538686e-01,9.127915e-01,1.348150e+00
1.756572e+01,1.670705e+01,1.866960e+01,1.181191e+00,1.478190e+00,8.448293e-01,2.072196e+00
1.764110e+01,1.630108e+01,2.077501e+01,5.172796e-01,4.968652e-01,-4.070729e-01,8.247191e-01
1.319251e+01,1.462911e+01,1.788022e+01,2.654579e-01,4.914170e-01,-9.092995e-01,1.067138e+00
1.687472e+01,1.645727e+01,1.978669e+01,-4.600786e-01,5.945510e-01,-3.359606e-01,8.234274e-01
1.515972e+01,1.805105e+01,1.897589e+01,8.582192e-01,9.849826e-03,5.051686e-01,9.959079e-01
1.368292e+01,1.545678e+01,1.962457e+01,5.871875e-02,1.664661e+00,9.062623e-02,1.668160e+00
1.908744e+01,1.740155e+01,1.816540e+01,1.186549e+00,1.086689e-01,-7.174105e-01,1.390822e+00
1.681696e+01,1.847363e+01,2.011989e+01,-4.882946e-02,-7.094585e-01,-4.391490e-01,8.358035e-01
1.750641e+01,1.388161e+01,2.193141e+01,4.283419e-02,1.010385e+00,-1.589681e-01,1.023711e+00
1.813121e+01,1.472849e+01,2.183051e+01,-3.636177e-01,1.913124e-01,1.963057e+00,2.005595e+00
1.398819e+01,1.418412e+01,1.991350e+01,-1.136881e+00,-8.376698e-01,-5.303906e-02,1.413153e+00
2.066493e+01,1.390549e+01,1.850598e+01,1.847038e+00,-8.008877e-01,2.496845e-01,2.028624e+00
2.082740e+01,1.593996e+01,2.045922e+01,-1.804557e+00,9.906882e-01,1.000843e+00,2.289012e+00
1.713977e+01,1.486472e+01,2.168362e+01,5.167439e-01,-7.420870e-01,9.898951e-01,1.340750e+00
1.999898e+01,1.516788e+01,1.687590e+01,1.323169e+00,5.484387e-01,-3.440995e-02,1.432741e+00
1.935021e+01,9.885380e+00,1.867077e+01,1.799805e-01,4.517888e-01,2.514275e-01,5.474686e-01
2.242721e+01,1.160598e+01,1.908139e+01,3.629863e-01,-3.419918e-01,1.700201e+00,1.771836e+00
2.306642e+01,1.362940e+01,2.031353e+01,5.549784e-01,1.061434e-01,-1.257903e-01,5.788701e-01
2.053714e+01,1.161292e+01,2.151576e+01,-1.086837e+00,-1.071692e+00,-6.090174e-02,1.527562e+00
2.376382e+01,1.573482e+01,1.634714e+01,1.998026e+00,-1.767005e-01,-7.434409e-01,2.139167e+00
2.088537e+01,1.342175e+01,1.955234e+01,-9.833947e-01,-1.591698e+00,4.025731e-01,1.913801e+00
2.078201e+00,1.509782e+01,1.635018e+01,8.158645e-01,5.116195e-01,4.176607e-01,1.049681e+00
7.344374e-01,1.129265e+01,1.932070e+01,-1.357579e+00,7.850113e-01,4.961015e-01,1.644804e+00
2.230335e+01,1.355458e+01,1.695419e+01,1.119581e+00,-2.154060e-01,7.503211e-01,1.364860e+00
9.207393e-01,1.743893e+01,1.590833e+01,-6.823360e-01,-1.026977e+00,-4.668700e-01,1.318420e+00
2.345337e+01,1.414159e+01,1.053547e+00,-3.778518e-01,9.477168e-02,9.926839e-01,1.066384e+00
3.284270e-01,1.324600e+01,1.921432e+01,-9.039008e-01,7.557546e-01,-2.914890e-01,1.213741e+00
3.424553e+00,1.539424e+01,2.110994e+01,1.108076e+00,4.923299e-01,8.043038e-02,1.215192e+00
7.041380e-01,1.523487e+01,1.798513e+01,-2.128089e-01,-1.000385e+00,-8.267685e-01,1.315144e+00
3.980184e+00,1.334685e+01,1.885100e+01,-5.435666e-01,6.475205e-02,4.429259e-01,7.041596e-01
1.920818e+00,2.176350e+01,1.860941e+01,8.887629e-02,4.337945e-03,7.880928e-02,1.188643e-01
3.190068e+00,1.516110e+01,1.675665e+01,8.224959e-01,-8.835538e-02,7.361940e-01,1.107379e+00
4.572190e+00,1.741222e+01,2.171639e+01,2.525306e-01,7.704828e-01,-3.577663e-01,8.862349e-01
2.475412e+00,1.288554e+01,1.867731e+01,3.840934e-01,-1.305844e+00,1.865562e-01,1.373885e+00
2.110114e+00,1.852239e+01,2.000588e+01,1.338569e+00,-1.799685e+00,-9.882144e-02,2.245083e+00
5.782121e+00,1.651746e+01,1.917268e+01,1.355710e-01,-4.271997e-01,-1.271422e-01,4.658801e-01
8.620779e+00,1.441221e+01,1.785621e+01,-1.087357e+00,4.509438e-02,-7.978318e-01,1.349412e+00
2.945398e+00,1.335646e+01,1.750932e+01,-6.450923e-01,1.247302e-01,-1.356860e+00,1.507571e+00
5.539995e+00,1.784433e+01,1.860481e+01,-6.220158e-01,1.544340e+00,4.453739e-02,1.665495e+00
4.822701e+00,1.519985e+01,1.942135e+01,-2.090242e+00,-1.185683e+00,-7.437419e-03,2.403126e+00
7.657667e+00,1.341993e+01,1.853948e+01,-7.113746e-01,5.268103e-01,6.766131e-01,1.114176e+00
4.420821e+00,1.547244e+01,2.152347e+01,6.777255e-01,-7.566518e-02,-1.611923e+00,1.750238e+00
8.221796e+00,1.534303e+01,2.048171e+01,-3.937887e-01,7.978850e-02,1.085513e-01,4.161960e-01
9.320711e+00,1.477813e+01,1.559144e+01,-2.765423e-02,-3.057109e+00,9.933500e-01,3.214565e+00
6.678652e+00,1.671732e+01,1.821715e+01,-3.998891e-01,-3.226557e-01,7.727137e-02,5.196046e-01
7.444214e+00,1.576928e+01,1.792337e+01,1.343403e+00,2.190805e+00,7.178613e-01,2.668274e+00
6.529153e+00,1.422869e+01,2.090697e+01,4.685608e-01,8.259983e-03,1.335130e+00,1.414987e+00
1.017868e+01,1.407574e+01,1.750012e+01,-4.497805e-01,-3.555855e-02,3.333767e-01,5.609875e-01
9.598278e+00,1.513621e+01,1.652569e+01,4.844940e-01,4.376142e-01,-7.356865e-01,9.836032e-01
1.013567e+01,1.378373e+01,2.068494e+01,-1.871389e+00,-2.074663e-01,9.941900e-01,2.129214e+00
1.011132e+01,1.749835e+01,1.982093e+01,7.348738e-01,-9.054150e-02,7.430584e-01,1.048987e+00
1.060404e+01,1.525790e+01,2.192769e+01,8.468594e-01,1.440200e+00,-4.631317e-01,1.733735e+00
1.243480e+01,1.333912e+01,2.016554e+01,2.579887e-01,-1.047497e+00,-1.985014e-01,1.096909e+00
1.422660e+01,1.514935e+01,2.333077e+01,8.234924e-01,2.841292e-01,9.326287e-01,1.276192e+00
1.222169e+01,1.766220e+01,1.970230e+01,-1.242283e+00,-8.869459e-02,2.197528e+00,2.525918e+00
1.322910e+01,1.570009e+01,1.759743e+01,6.761205e-01,-6.295313e-01,-3.834723e-01,1.000250e+00
1.709447e+01,1.766252e+01,1.946105e+01,1.378532e+00,1.102735e+00,-5.626094e-01,1.852810e+00
1.183302e+01,1.653838e+01,1.975807e+01,-6.588064e-01,5.656113e-01,-1.026292e+00,1.344328e+00
1.392131e+01,1.532994e+01,1.851180e+01,-8.603249e-01,-7.347669e-01,7.507710e-01,1.357829e+00
1.483986e+01,1.683551e+01,1.887995e+01,-5.040196e-01,-1.625907e+00,-4.688704e-02,1.702882e+00
1.676614e+01,2.066001e+01,1.906695e+01,9.178237e-02,-7.124640e-02,-1.575376e+00,1.579655e+00
1.677883e+01,1.733096e+01,1.848271e+01,8.326086e-01,4.016260e-01,8.247281e-01,1.238837e+00
1.580729e+01,1.623551e+01,1.815886e+01,-1.156804e+00,-6.444584e-01,7.221155e-01,1.508301e+00
2.300191e+01,1.837710e+01,2.099788e+01,-1.049249e-01,1.296893e+00,-8.002779e-01,1.527542e+00
1.861699e+01,1.741530e+01,1.942153e+01,2.099892e+00,-1.237259e+00,7.971196e-02,2.438587e+00
2.202515e+01,1.690747e+01,1.907769e+01,8.139960e-01,3.863500e-01,4.738989e-01,1.018055e+00
1.917934e+01,1.452698e+01,1.882961e+01,-5.773109e-01,-1.144133e+00,-6.959060e-02,1.283422e+00
1.854219e+01,1.855575e+01,2.152917e+01,-5.270769e-01,-2.871579e-01,-2.415108e-02,6.007104e-01
2.255985e+01,1.967047e+01,1.965273e+01,-5.372158e-01,1.291205e+00,-4.526711e-02,1.399236e+00
1.829373e+01,1.487895e+01,1.984494e+01,-1.657508e+00,3.229017e-01,-9.317788e-01,1.928681e+00
1.919635e+01,1.799708e+01,2.057120e+01,-3.437964e-01,-4.391864e-01,9.460509e-01,1.098223e+00
2.104404e+01,2.079035e+01,2.003153e+01,3.628436e-01,-1.262304e+00,1.247779e+00,1.811635e+00
2.054323e+01,1.239299e+01,1.942920e+01,6.202068e-01,7.462131e-01,-1.716340e+00,1.971627e+00
1.997816e+01,1.280749e+01,1.830648e+01,2.864920e+00,-1.312745e+00,1.013431e+00,3.310303e+00
1.972843e+01,1.706421e+01,1.939077e+01,-1.359474e-01,-1.514477e-01,7.820028e-01,8.080511e-01
2.178907e+01,1.365581e+01,1.873507e+01,-3.766540e-01,3.276526e-03,5.224618e-01,6.440849e-01
2.382209e+01,1.238484e+01,1.782290e+01,1.378405e+00,-3.761498e-01,-5.457059e-01,1.529472e+00
3.874450e-01,1.521265e+01,1.892451e+01,-4.826421e-01,-6.343775e-02,2.820837e-01,5.626180e-01
2.052376e+01,1.690695e+01,2.022284e+01,1.958530e-02,-1.090175e-01,5.458212e-01,5.569463e-01
1.888803e+00,1.336807e+01,1.782598e+01,8.509036e-01,-1.087595e-01,-3.934138e-01,9.437373e-01
2.569455e+00,1.630405e+01,1.675601e+01,-7.428938e-01,1.279470e+00,9.302411e-01,1.747650e+00
3.553074e-02,1.630869e+01,1.851514e+01,-2.907123e-01,4.706921e-01,-3.817146e-01,6.721389e-01
1.835374e+00,1.499471e+01,2.276332e+01,-5.416938e-02,-6.685879e-01,3.511928e-01,7.571528e-01
1.953952e+00,1.435343e+01,2.049770e+01,7.206039e-01,1.025312e+00,-2.083845e+00,2.431655e+00
2.133238e-01,1.350731e+01,1.802248e+01,1.231915e-01,4.765159e-01,-1.979964e+00,2.040221e+00
3.669830e+00,2.068511e+01,2.143042e+01,-1.089069e+00,-8.788595e-01,-1.488456e+00,2.043029e+00
1.017294e+00,1.718763e+01,1.859278e+01,-1.082559e+00,1.155687e+00,-3.953512e-01,1.632130e+00
5.237748e+00,1.909332e+01,1.853769e+01,2.346250e-02,8.020741e-02,2.718896e-01,2.844427e-01
9.554586e+00,2.086431e+01,2.360898e+01,7.717334e-02,-1.650844e+00,-2.102786e+00,2.674500e+00
4.656959e+00,1.850538e+01,1.991918e+01,2.002345e+00,1.152034e+00,-6.805164e-01,2.408250e+00
3.012502e+00,1.679719e+01,2.348980e+01,2.415541e-01,1.557690e+00,9.215040e-01,1.825901e+00
2.563127e+00,1.502235e+01,1.761566e+01,5.767320e-01,-3.025525e-01,7.668203e-01,1.006067e+00
1.013025e+01,1.485068e+01,1.961428e+01,2.403895e-01,2.698157e-01,7.071208e-01,7.941079e-01
5.556719e+00,1.560167e+01,2.100916e+01,-9.098326e-01,-3.165689e-01,-5.079246e-01,1.089036e+00
5.351505e+00,2.041931e+01,2.261771e+01,8.844656e-01,-9.192689e-01,-1.156860e+00,1.722109e+00
3.790788e+00,1.832452e+01,1.706191e+01,-1.600978e-01,7.923686e-01,-4.833123e-01,9.418440e-01
8.992551e+00,1.785034e+01,1.853664e+01,1.795773e+00,-6.770174e-01,5.562728e-01,1.998147e+00
8.420703e+00,1.659519e+01,1.811194e+01,-1.271635e+00,1.005837e+00,1.070526e+00,1.942882e+00
8.995247e+00,1.700059e+01,2.148280e+01,4.623716e-01,-6.029232e-01,-4.638377e-01,8.901962e-01
1.206903e+01,1.729231e+01,1.640093e+01,3.620961e-01,1.695492e+00,7.150609e-01,1.875399e+00
1.082578e+01,1.774635e+01,1.770849e+01,-6.180963e-01,-1.749042e-01,-5.559872e-02,6.447680e-01
1.011866e+01,1.735194e+01,1.869118e+01,7.586252e-01,5.359738e-01,6.110085e-01,1.111806e+00
1.095654e+01,1.729457e+01,1.664043e+01,-1.997077e+00,-3.258929e-02,-6.269379e-01,2.093425e+00
1.137665e+01,1.743112e+01,2.049360e+01,-4.812580e-02,7.664771e-01,-5.379879e-01,9.376749e-01
1.171063e+01,1.717448e+01,1.786022e+01,-4.079787e-01,-3.147443e-02,-1.328614e-02,4.094066e-01
9.850517e+00,1.838790e+01,1.805720e+01,1.083553e+00,8.894405e-02,-4.430165e-01,1.173994e+00
1.061951e+01,1.904257e+01,2.001081e+01,4.849258e-01,1.531402e+00,-9.666561e-01,1.874771e+00
9.858324e+00,1.637492e+01,1.929225e+01,6.594009e-01,-8.463333e-01,-4.636545e-01,1.168788e+00
1.320615e+01,1.832664e+01,1.809596e+01,-8.939340e-01,8.991961e-01,-2.897295e-01,1.300621e+00
1.613613e+01,1.369578e+01,1.819497e+01,-1.132845e-01,-2.099894e-01,2.576193e-01,3.511362e-01
1.158603e+01,1.967460e+01,1.782052e+01,2.627472e+00,-6.505573e-01,2.369100e-01,2.717161e+00
1.335321e+01,1.681828e+01,1.665590e+01,-6.709959e-03,-1.825818e+00,-1.193573e-01,1.829728e+00
1.375079e+01,1.910230e+01,1.980401e+01,-7.552122e-01,-5.770185e-01,-1.415805e+00,1.705227e+00
1.654414e+01,1.963430e+01,1.950544e+01,-7.164502e-02,-3.957361e-01,1.266400e-01,4.216370e-01
1.187170e+01,2.014080e+01,2.085756e+01,1.113110e-01,1.349233e+00,-8.497768e-01,1.598418e+00
1.683758e+01,1.937391e+01,2.066957e+01,-2.225730e+00,2.788397e+00,8.224281e-03,3.567787e+00
1.251143e+01,1.719427e+01,2.173875e+01,5.631406e-01,-1.182318e-01,4.468550e-01,7.285503e-01
1.625838e+01,1.917441e+01,1.865500e+01,8.119970e-01,5.150511e-01,1.954637e-01,9.812353e-01
1.503313e+01,2.155480e+01,2.024888e+01,-8.402317e-02,-1.817185e-01,1.224689e+00,1.240945e+00
1.906580e+01,1.948330e+01,1.689414e+01,4.191028e-01,-1.693805e+00,2.920696e-01,1.769160e+00
2.302610e+01,1.740448e+01,1.858472e+01,5.341569e-01,-4.506192e-01,1.444016e+00,1.604233e+00
1.813118e+01,1.614986e+01,2.280311e+01,-2.259700e-01,8.828175e-01,1.863785e-02,9.114695e-01
1.562699e+01,1.623742e+01,2.034087e+01,1.064060e+00,-4.682546e-01,-3.563762e-01,1.215932e+00
2.172602e+01,1.912577e+01,1.988031e+01,2.291956e-01,-2.848076e-01,-7.062664e-01,7.952724e-01
1.704901e+01,1.940966e+01,1.664170e+01,-5.958317e-01,-4.169658e-01,-1.262953e+00,1.457370e+00
1.897943e+01,1.649112e+01,2.200079e+01,-7.072525e-01,7.713329e-01,5.014882e-02,1.047700e+00
2.037734e+01,1.933447e+01,2.120504e+01,-2.804886e-01,1.214778e+00,-1.016482e+00,1.608600e+00
1.815880e+01,1.706622e+01,1.583417e+01,-4.883928e-01,-5.965248e-01,-1.508593e+00,1.694173e+00
2.329968e+01,1.900161e+01,1.787583e+01,7.972598e-01,1.033916e-01,1.158154e+00,1.409835e+00
2.349219e+01,1.902428e+01,2.198222e+01,2.409440e-01,1.038953e+00,6.928078e-01,1.271794e+00
9.253939e-01,1.432632e+01,1.853902e+01,-1.021626e-01,-1.938068e-01,4.444905e-01,4.955502e-01
2.392472e+01,1.682357e+01,1.653856e+01,-1.283203e+00,-7.232995e-01,2.035125e-01,1.487007e+00
2.255083e+01,1.502728e+01,1.776100e+01,6.049128e-01,-1.146736e+00,7.249738e-01,1.485432e+00
7.372339e-01,1.603023e+01,1.935365e+01,1.611317e+00,-1.451236e+00,1.508731e-01,2.173751e+00
2.206063e+01,1.566212e+01,1.862956e+01,8.094765e-01,8.922403e-02,1.425604e+00,1.641816e+00
2.072733e+01,1.446300e+01,1.747718e+01,-8.200363e-01,1.910317e-01,-5.778025e-01,1.021180e+00
1.906506e+00,1.665951e+01,1.864784e+01,-1.614094e+00,8.674541e-01,-2.887416e-01,1.855033e+00
4.430200e+00,2.030209e+01,1.948105e+01,-2.331438e-01,-2.111959e-01,-4.787580e-01,5.728603e-01
2.140640e+01,1.986400e+01,1.758333e+01,3.063291e-01,7.494662e-01,-1.340963e+00,1.566435e+00
9.264883e-01,1.997945e+01,1.775040e+01,4.707518e-01,-5.469650e-01,-1.170375e+00,1.374975e+00
2.845582e+00,1.990302e+01,1.630166e+01,1.029923e+00,1.776586e-01,-5.679202e-02,1.046675e+00
3.690682e+00,1.286783e+01,2.047918e+01,6.424414e-01,7.699943e-01,-5.374361e-01,1.137743e+00
3.710805e+00,1.743824e+01,1.873938e+01,-1.102234e+00,-7.563679e-01,1.071615e-02,1.336835e+00
2.201599e+00,2.027570e+01,2.007273e+01,8.977906e-01,-9.888025e-01,9.593764e-01,1.644433e+00
3.986398e+00,1.933691e+01,2.021384e+01,-6.361185e-01,-7.821031e-01,8.908173e-02,1.012061e+00
3.923105e+00,1.664077e+01,2.131283e+01,-1.672363e+00,-8.941291e-01,1.018454e+00,2.152560e+00
6.064050e+00,1.834396e+01,2.017795e+01,-1.089810e+00,-8.124067e-01,-8.039754e-02,1.361673e+00
5.242194e+00,1.820861e+01,2.151829e+01,-1.028297e-01,7.076913e-01,-2.009201e-01,7.428120e-01
9.162123e+00,2.077635e+01,1.973521e+01,2.357768e+00,-2.082690e-01,-7.521805e-01,2.483591e+00
3.959898e+00,1.807389e+01,2.275229e+01,1.376140e-01,-1.681477e-02,2.514853e-01,2.871676e-01
7.954270e+00,1.905491e+01,1.909811e+01,-1.211909e-01,7.207633e-01,3.219498e-01,7.986480e-01
7.756697e+00,1.857148e+01,2.011184e+01,-1.425348e+00,1.716043e-02,2.305040e-01,1.443968e+00
8.031105e+00,1.694806e+01,1.983948e+01,-1.895335e-01,5.942116e-01,-6.331821e-01,8.887800e-01
1.053722e+01,1.981314e+01,2.162904e+01,2.808170e-02,-8.748271e-01,-4.271528e-01,9.739458e-01
8.722498e+00,1.978154e+01,2.060480e+01,-9.804547e-01,1.245604e+00,7.171014e-01,1.739844e+00
8.705207e+00,1.896316e+01,1.986617e+01,7.321167e-01,-3.997035e-01,-7.324194e-01,1.110043e+00
9.249203e+00,6.122681e-01,1.796905e+01,2.726433e-01,4.710679e-01,-1.487223e-01,5.642319e-01
9.322780e+00,2.039310e+01,1.854854e+01,-1.020901e+00,-7.416704e-01,8.288803e-01,1.509754e+00
6.976425e+00,2.015920e+01,2.048243e+01,-1.330219e+00,4.591706e-01,2.847988e-01,1.435769e+00
1.452674e+01,1.808747e+01,1.798222e+01,1.156999e-01,3.861719e-01,-2.276731e+00,2.312146e+00
1.158873e+01,1.927689e+01,2.013055e+01,-2.447481e-01,1.276086e-01,2.561663e-01,3.765724e-01
1.307126e+01,1.719028e+01,1.973736e+01,-5.278973e-01,5.778398e-01,-4.257804e-01,8.909901e-01
1.049425e+01,1.840611e+01,1.907569e+01,-6.909080e-01,3.630465e-01,8.918967e-01,1.185174e+00
1.060755e+01,2.007139e+01,1.843290e+01,6.369449e-01,1.451881e-01,-8.048552e-01,1.036615e+00
1.392475e+01,2.200828e+01,1.955121e+01,1.137899e+00,2.176666e+00,5.770880e-01,2.523038e+00
1.101720e+01,1.983098e+01,1.942905e+01,-1.018148e+00,4.319303e-01,6.186539e-01,1.267250e+00
1.402981e+01,2.050351e+01,1.871503e+01,-9.679651e-02,-1.368576e-01,1.716746e+00,1.724911e+00
1.311174e+01,1.843199e+01,2.015161e+01,-8.876098e-01,-4.928814e-01,-1.481751e+00,1.796210e+00
1.306355e+01,1.675940e+01,1.820840e+01,1.919642e+00,-5.122437e-01,1.467019e-01,1.992220e+00
1.563141e+01,1.878828e+01,2.104114e+01,-4.047189e-01,1.924177e-01,-1.869780e-02,4.485216e-01
1.379691e+01,1.836478e+01,2.103500e+01,-4.926162e-01,-3.397332e-01,-1.374771e+00,1.499362e+00
1.474205e+01,1.838090e+01,2.042404e+01,7.348995e-01,6.288763e-01,4.646754e-02,9.683604e-01
1.365570e+01,1.755726e+01,1.863201e+01,-1.835938e-01,-2.005216e-01,1.500285e+00,1.524720e+00
2.150066e+01,1.780967e+01,2.065918e+01,1.301026e+00,-8.925604e-01,-1.052151e+00,1.896406e+00
1.419680e+01,1.954950e+01,1.804571e+01,-1.963372e+00,7.157584e-02,7.144973e-02,1.965975e+00
1.807072e+01,1.793452e+01,1.531527e+01,1.239982e+00,1.262843e+00,-3.049267e-01,1.795914e+00
2.226832e+01,1.673844e+01,1.789962e+01,1.001242e+00,-9.854207e-02,-1.291778e-01,1.014338e+00
1.460858e+01,2.040524e+01,2.028596e+01,-1.837554e+00,-6.271023e-01,-2.540496e-01,1.958163e+00
1.709050e+01,1.845891e+01,1.807941e+01,8.604937e-01,-4.721784e-01,-2.897345e-01,1.023400e+00
1.857214e+01,2.067633e+01,1.917999e+01,1.948073e+00,-7.695721e-01,-3.727628e-01,2.127482e+00
1.792546e+01,2.048293e+01,1.828555e+01,9.403714e-01,-1.391015e+00,1.342755e+00,2.149933e+00
2.292691e+01,2.031244e+01,1.883882e+01,1.332902e+00,-1.167557e+00,7.505191e-02,1.773541e+00
2.105728e+01,1.900792e+01,1.903981e+01,-4.728823e-01,-6.883243e-01,-5.256624e-01,9.867771e-01
2.072637e+01,1.593233e+01,1.712354e+01,-7.223307e-01,-2.058289e+00,-1.453303e+00,2.621145e+00
9.523784e-03,1.606547e+01,2.066315e+01,-3.167876e-01,-1.515213e+00,-7.255144e-01,1.709560e+00
2.202890e+01,1.573054e+01,2.095657e+01,-3.748557e-01,-2.321164e-01,2.574847e-01,5.105812e-01
1.804172e+01,1.827160e+01,1.760765e+01,-4.115321e-02,1.532914e+00,1.212147e+00,1.954692e+00
5.178733e-01,1.706202e+01,1.757335e+01,7.615799e-01,2.118677e+00,-4.953745e-01,2.305253e+00
2.592351e+00,2.020429e+01,1.521809e+01,9.271032e-01,-2.641324e-01,-2.351858e+00,2.541755e+00
2.210506e+01,1.784393e+01,1.682560e+01,3.276186e-01,7.958258e-01,3.801311e-01,9.408360e-01
2.216096e+01,2.134130e+01,2.031183e+01,1.238744e+00,-1.425332e-01,-3.974716e-01,1.308734e+00
4.222439e+00,1.863367e+01,2.181566e+01,-1.216432e-01,-9.193075e-02,-1.221078e+00,1.230561e+00
3.414375e+00,1.943166e+01,1.732929e+01,5.705553e-01,7.391238e-01,1.384116e+00,1.669615e+00
3.260858e+00,1.617722e+01,1.917476e+01,2.874161e-01,-1.059737e+00,1.322911e+00,1.719227e+00
1.386146e+00,1.861383e+01,1.922059e+01,-6.020536e-01,8.148744e-01,-1.711445e+00,1.988852e+00
7.099448e-01,1.986634e+01,1.541460e+01,9.196856e-01,-8.238238e-01,3.868612e-01,1.293897e+00
5.418656e+00,1.923090e+01,1.985855e+01,2.612516e-01,1.810312e-02,3.948225e-01,4.737773e-01
4.187189e+00,2.061285e+01,2.041555e+01,-1.069500e+00,-4.537534e-01,1.438485e+00,1.849043e+00
1.831393e+00,2.237884e+01,2.150371e+01,3.300069e-01,-2.331351e+00,-6.322278e-01,2.437993e+00
2.351836e+00,1.979827e+01,1.765095e+01,-3.795459e-01,-1.653351e+00,7.787373e-01,1.866562e+00
2.241757e+00,1.682411e+01,2.041985e+01,-8.438268e-01,-1.865349e-01,-7.772433e-01,1.162302e+00
2.307136e+00,1.950561e+01,2.293267e+01,-1.249940e+00,-7.185032e-01,1.480621e+00,2.066600e+00
2.961362e+00,2.339652e+01,1.958349e+01,-1.003556e+00,6.122307e-01,4.790821e-01,1.269437e+00
6.368343e+00,1.765392e+01,1.792363e+01,3.129039e-01,-9.831062e-01,9.246976e-01,1.385450e+00
5.243093e+00,2.057698e+01,2.081871e+01,6.235215e-01,-1.225021e+00,-1.381437e+00,1.948801e+00
5.456223e+00,2.196116e+01,2.157063e+01,9.800428e-01,-9.414917e-01,5.783498e-01,1.476949e+00
3.361816e+00,2.023718e+01,1.958940e+01,3.614329e-01,1.441015e+00,1.030023e-01,1.489217e+00
5.945804e+00,2.113219e+01,2.307119e+01,8.169771e-02,2.579229e-01,1.565486e+00,1.588693e+00
7.036298e+00,1.999919e+01,1.780633e+01,2.575077e-01,9.902575e-01,-2.117189e+00,2.351470e+00
9.582791e+00,2.151325e+01,1.684810e+01,-8.397695e-01,2.692244e-01,5.353445e-02,8.834933e-01
5.011052e+00,2.282996e+01,1.747265e+01,-2.933842e-01,5.559473e-01,4.672678e-02,6.303452e-01
7.778212e+00,2.075131e+01,2.240585e+01,-8.453266e-02,-6.718390e-02,2.703931e-02,1.113129e-01
8.720503e+00,2.369192e+01,1.675056e+01,1.208469e+00,9.668660e-01,-1.389055e+00,2.079592e+00
1.047988e+01,2.277306e+01,1.819970e+01,-6.911126e-02,2.096909e-01,-7.780627e-01,8.087819e-01
1.061718e+01,2.001057e+01,1.738506e+01,-8.266745e-01,1.197806e+00,5.240275e-01,1.546847e+00
9.052841e+00,6.204362e-01,1.906774e+01,1.285582e+00,1.099184e+00,1.379927e+00,2.182917e+00
1.340549e+01,2.174911e+01,1.780737e+01,9.359900e-01,3.825216e-01,4.993561e-01,1.127722e+00
1.122250e+01,2.218098e+01,1.804234e+01,1.632833e-01,-1.318775e+00,-1.243091e-01,1.334646e+00
1.207101e+01,2.214279e+00,2.097585e+01,-6.737345e-01,-1.153719e+00,-4.762881e-02,1.336882e+00
1.346235e+01,2.225567e+01,1.695839e+01,-5.580557e-01,-1.614112e+00,-1.184771e+00,2.078573e+00
1.005684e+01,2.170717e+01,1.961830e+01,-2.713136e-01,1.801276e+00,5.706077e-01,1.908874e+00
1.169065e+01,2.332757e+01,2.122928e+01,-8.974805e-01,3.281873e-01,-1.878114e-02,9.557881e-01
1.021043e+01,2.274252e+01,2.260928e+01,9.183974e-01,1.512051e+00,1.304672e+00,2.198163e+00
1.199689e+01,2.292459e+01,1.800456e+01,-5.251025e-01,7.008382e-02,-1.553903e+00,1.641724e+00
1.553305e+01,2.235662e+01,1.979894e+01,3.416142e-01,-9.796717e-01,-2.501340e-01,1.067251e+00
9.721863e+00,1.966665e+01,2.026892e+01,-6.255637e-01,-2.962321e-01,6.096509e-02,6.948382e-01
1.379656e+01,1.938605e+01,2.094695e+01,1.805289e-01,-7.040121e-01,2.183252e-01,7.588739e-01
1.449931e+01,5.101533e-01,1.645421e+01,4.921608e-01,2.759404e-01,1.555492e+00,1.654667e+00
1.771388e+01,2.129394e+01,1.698183e+01,8.753933e-01,5.089288e-01,-1.393926e-01,1.022131e+00
1.698127e+01,2.060661e+01,1.794134e+01,-1.555467e+00,9.288954e-01,9.521196e-01,2.046669e+00
1.604574e+01,2.015861e+01,1.860801e+01,-1.039383e+00,7.286378e-01,4.034750e-01,1.331924e+00
1.856331e+01,1.992267e+01,1.768902e+01,7.985437e-01,3.635559e-01,-1.358161e-01,8.878575e-01
1.544311e+01,2.242194e+01,1.863110e+01,-5.054932e-01,1.143863e+00,-1.210653e+00,1.740582e+00
1.945053e+01,1.589262e+01,2.288777e+01,-1.422206e-01,-5.860645e-02,3.651186e-02,1.580966e-01
1.793821e+01,2.235111e+01,1.982410e+01,1.384166e+00,1.268118e-01,1.502002e+00,2.046461e+00
1.866408e+01,2.028812e+01,2.034582e+01,6.690435e-01,1.316858e+00,1.640532e-01,1.486152e+00
2.128985e+01,2.080324e+01,1.685048e+01,1.155821e+00,1.692806e-01,-1.795077e-01,1.181863e+00
2.199936e+01,2.041404e+01,1.844118e+01,7.555562e-01,3.422857e-02,5.222690e-01,9.191309e-01
1.828372e+01,2.228452e+01,1.772410e+01,-1.500209e+00,-4.501562e-01,1.532337e+00,2.191193e+00
1.742863e+01,1.864144e+01,1.426071e+01,1.847225e+00,1.595616e+00,3.619482e-01,2.467638e+00
1.938592e+01,2.063824e+01,1.848349e+01,3.567723e-01,-1.102709e+00,1.059425e+00,1.570234e+00
1.915010e+01,2.375141e+01,1.953306e+01,-5.229659e-01,-8.587635e-02,4.734995e-01,7.106827e-01
2.024813e+01,2.118429e+01,1.929915e+01,8.777694e-01,6.963510e-01,7.594308e-01,1.353558e+00
2.307318e+00,1.726912e+01,1.771380e+01,-4.201383e-01,-6.356434e-02,1.463651e-01,4.494211e-01
7.731209e-01,1.782391e+01,1.949512e+01,-1.881620e-01,-9.510568e-01,2.216989e-01,9.945172e-01
7.952423e-01,2.016398e+01,2.027304e+01,-1.380571e+00,-2.287122e+00,-4.544272e-01,2.709872e+00
2.099543e+00,2.281443e+01,1.882996e+01,9.042498e-01,-7.825015e-01,8.817523e-02,1.199063e+00
6.662686e-01,2.122204e+01,1.961006e+01,-1.113151e+00,-7.157306e-01,-3.388865e-01,1.366097e+00
8.749288e-01,2.151196e+01,1.855151e+01,9.604895e-01,3.619504e-01,-2.229128e+00,2.454090e+00
4.696633e+00,2.136986e+01,2.130009e+01,1.623642e+00,-1.557081e+00,4.601801e-01,2.296188e+00
2.016932e+01,2.190425e+01,2.017554e+01,-7.940244e-02,-1.012610e+00,1.015767e+00,1.436477e+00
2.361890e+01,2.317909e+01,1.851309e+01,-2.753328e-01,1.444586e-01,3.485295e-01,4.670645e-01
2.202993e+01,2.191727e+01,1.720893e+01,-8.917650e-01,6.025633e-02,2.383698e-01,9.250382e-01
1.705032e+00,2.029899e+01,1.703720e+01,7.177410e-01,4.889072e-01,1.572247e+00,1.796146e+00
1.642166e+00,2.352558e+01,2.119162e+01,6.479102e-02,-1.537174e+00,1.614107e+00,2.229897e+00
1.617806e+00,2.123207e+00,1.887325e+01,4.954219e-01,-5.964763e-01,-1.203914e+00,1.432004e+00
2.736564e+00,1.110049e+00,1.611993e+01,-1.392889e+00,1.456572e+00,2.138774e+00,2.938723e+00
3.695863e+00,2.255198e+01,1.882825e+01,5.061264e-01,1.915584e+00,2.366321e+00,3.086276e+00
5.352201e+00,2.142283e+01,1.860341e+01,2.033787e-02,1.394172e+00,5.470913e-01,1.497811e+00
6.022527e+00,2.088256e+01,1.792353e+01,-1.388432e+00,-1.051904e+00,1.057999e+00,2.038040e+00
4.206742e+00,2.226184e+01,1.640783e+01,-1.993267e-01,5.066462e-01,-1.324778e+00,1.432291e+00
7.234212e+00,2.331764e+01,2.003979e+01,7.956357e-02,2.370701e-01,-5.740700e-01,6.261701e-01
4.172700e+00,1.465281e+00,1.768133e+01,-8.969006e-01,-2.399476e-01,2.083002e-01,9.515222e-01
6.572267e+00,2.247279e+01,1.912897e+01,2.843618e-01,8.565863e-01,-7.922553e-01,1.200946e+00
7.205728e+00,2.081749e+01,1.888050e+01,-1.961188e-01,-1.014613e-01,-4.057019e-01,4.618993e-01
7.617502e+00,2.099039e-01,2.089766e+01,-3.351522e-01,-1.045509e+00,-8.256366e-01,1.373714e+00
7.664339e+00,2.249779e+01,1.948590e+01,1.047955e-01,1.647763e-01,-9.102630e-01,9.309737e-01
8.951381e+00,2.243778e+01,1.932112e+01,-1.687822e-01,-1.543007e+00,8.520648e-01,1.770699e+00
1.030404e+01,2.286572e+01,1.956139e+01,-2.144068e-02,7.790000e-01,1.167564e-03,7.792959e-01
7.580647e+00,2.563625e-01,1.947023e+01,1.732697e+00,-2.902387e-01,8.403336e-01,1.947469e+00
8.203050e+00,2.329348e+01,1.996656e+01,2.026608e+00,-6.527562e-01,1.932847e-01,2.137894e+00
1.432613e+01,2.178086e+01,1.833406e+01,3.348746e-01,2.625987e+00,1.022262e+00,2.837775e+00
9.659887e+00,2.044444e+00,2.071699e+01,4.428700e-01,-2.326465e+00,8.452714e-01,2.514569e+00
1.147612e+01,2.118704e+01,1.971773e+01,-8.910952e-01,1.647480e+00,-5.491163e-01,1.951863e+00
1.193324e+01,6.373243e-02,1.931572e+01,-1.061319e-01,-2.039330e-01,-6.884255e-01,7.257977e-01
1.023411e+01,2.180343e+01,1.760984e+01,1.815808e+00,5.825087e-02,1.760694e-01,1.825254e+00
1.265357e+01,2.356816e+01,1.503494e+01,-2.582258e-01,1.676285e+00,1.639956e-01,1.703968e+00
1.194480e+01,1.843204e+01,1.902882e+01,-9.115226e-01,2.235594e-01,1.938884e-02,9.387375e-01
8.251675e+00,1.230935e+00,1.896844e+01,9.389348e-01,1.849449e-01,-1.219244e+00,1.549955e+00
1.230334e+01,1.459572e-01,2.088250e+01,-8.609687e-01,-5.478403e-01,-6.518710e-01,1.210922e+00
1.236148e+01,2.311793e+01,1.944959e+01,-1.058205e+00,-3.060407e-01,1.600807e+00,1.943204e+00
1.515469e+01,9.551206e-01,1.917628e+01,3.025861e-01,5.719393e-01,9.569250e-01,1.155153e+00
8.674966e+00,2.223197e+01,2.040432e+01,-5.379782e-01,-4.203163e-01,-1.165030e+00,1.350326e+00
1.409899e+01,2.353270e+01,1.840010e+01,1.244062e+00,-9.796762e-01,7.718905e-01,1.761610e+00
1.634536e+01,2.182179e+01,1.829856e+01,-8.320665e-01,1.087784e+00,-8.162629e-01,1.594332e+00
1.710673e+01,2.268596e+01,1.830811e+01,-1.587078e+00,-6.676745e-01,-2.502494e-01,1.739894e+00
1.692969e+01,2.208313e+01,1.921135e+01,1.009067e+00,7.080905e-02,-1.684440e+00,1.964833e+00
1.473980e+01,8.990699e-01,1.744069e+01,2.606694e-01,3.235389e-01,1.343587e-01,4.366672e-01
1.772729e+01,1.676741e+00,2.200387e+01,-4.978873e-01,-1.297813e+00,1.406981e+00,1.977829e+00
1.676855e+01,1.009431e+00,1.775702e+01,1.010327e+00,8.767914e-01,6.034304e-01,1.467532e+00
1.848692e+01,2.325311e+01,2.023259e+01,6.248752e-01,-8.750220e-01,-1.274303e-03,1.075237e+00
1.822655e+01,1.910813e+01,1.843072e+01,4.315503e-01,6.065673e-01,-6.945802e-01,1.018136e+00
2.144244e+01,2.352319e+00,1.887674e+01,-2.435178e-01,4.225491e-01,-2.831248e-01,5.639222e-01
1.960995e+01,2.113262e+01,1.743630e+01,2.003791e+00,1.068942e+00,-7.164686e-01,2.381416e+00
1.850387e+01,5.114436e-01,1.796515e+01,7.183796e-01,-4.543298e-01,1.554387e-01,8.640868e-01
2.112370e+01,1.898896e+01,1.795839e+01,-1.217907e+00,-5.099297e-01,-7.889083e-01,1.538084e+00
2.118882e+01,2.149086e+01,1.846547e+01,5.184127e-01,2.482304e-01,1.355351e+00,1.472191e+00
2.324078e+01,2.184052e+01,2.217329e+01,-6.604146e-01,-3.842254e-01,6.005439e-01,9.718177e-01
2.030836e+01,1.679147e-01,1.928247e+01,1.667091e-01,2.183230e-01,-2.075083e+00,2.093186e+00
2.283119e+01,2.279497e+01,2.164321e+01,1.292521e+00,-6.825855e-01,-2.162040e+00,2.609780e+00
2.271543e+01,1.022651e+00,1.904913e+01,9.489410e-01,8.659107e-02,3.114086e-01,1.002478e+00
8.799604e-01,2.344304e+01,2.036263e+01,-4.157560e-01,6.475192e-01,-1.261111e+00,1.477340e+00
2.182099e+01,2.670672e-01,1.925736e+01,-1.147020e+00,-5.588257e-02,1.244963e+00,1.693727e+00
2.267862e+01,2.134983e+01,1.659088e+01,-1.252410e+00,6.321650e-01,8.530346e-01,1.641899e+00
1.068664e+00,1.162356e+00,1.915998e+01,-1.933997e-01,6.088488e-01,1.130202e+00,1.298252e+00
2.274801e+01,3.719641e-01,1.574892e+00,1.605144e-01,-6.573924e-01,1.073782e+00,1.269227e+00
2.381142e+01,3.578822e-01,2.096699e+01,1.229284e+00,-2.086518e+00,3.192147e-01,2.442661e+00
3.743142e+00,1.056388e+00,2.318771e+01,-4.240430e-01,4.673882e-01,-1.549088e+00,1.672704e+00
2.304633e+01,1.901148e+00,2.170429e+01,1.118027e+00,-3.674731e-01,-2.200962e+00,2.495847e+00
4.093499e+00,2.329372e+01,1.964795e+01,2.256510e-02,1.553243e+00,-7.665841e-01,1.732260e+00
1.944462e+00,3.875781e+00,1.997988e+01,1.131819e+00,-2.060741e+00,-3.106893e-01,2.371538e+00
2.029071e+00,1.666584e+00,2.063529e+01,-8.544215e-01,-6.544424e-01,-6.127363e-01,1.238457e+00
3.578460e+00,2.382462e+01,2.060036e+01,5.975445e-01,-2.049415e+00,1.572165e+00,2.651201e+00
3.205748e+00,3.385750e+00,1.341399e-01,-2.216213e-01,-1.429549e+00,3.163988e-01,1.480822e+00
4.566208e+00,1.884469e+00,2.243551e+01,-9.591277e-01,-4.613409e-01,1.970627e+00,2.239672e+00
3.211278e+00,5.040964e-01,1.937269e+01,2.231313e-01,1.030690e+00,-8.372667e-01,1.346524e+00
6.848566e+00,1.392615e+00,1.386557e+01,9.858564e-01,1.774116e-01,6.478568e-01,1.192940e+00
3.112712e+00,3.575343e+00,2.158961e+01,1.575246e+00,6.730684e-01,9.934049e-01,1.980221e+00
6.416750e+00,3.153343e+00,1.800096e+01,-5.492292e-01,-1.102537e+00,-1.684950e-01,1.243234e+00
4.587607e+00,2.200783e+01,1.798273e+01,5.752211e-02,9.031942e-01,-2.211424e+00,2.389449e+00
6.538292e+00,2.384813e+01,1.790681e+01,1.869270e+00,4.249725e-01,2.248371e-01,1.930110e+00
8.322498e+00,1.144412e+00,2.164027e+01,-3.047930e-01,5.678556e-01,-1.700811e+00,1.818823e+00
8.919333e+00,4.957225e-02,2.079945e+01,1.231851e+00,9.819386e-01,8.995563e-01,1.814073e+00
6.414283e+00,6.334454e-01,1.872235e+01,-1.656639e-01,5.932629e-02,5.278573e-02,1.837130e-01
1.040042e+01,4.567692e+00,2.013283e+01,-3.733648e-01,-1.223329e+00,-1.023875e+00,1.638369e+00
1.289780e+01,4.001508e+00,2.241436e+01,2.580148e-01,-8.803945e-01,-8.608538e-01,1.258068e+00
8.941588e+00,3.218213e+00,2.158452e+01,-9.534666e-01,5.512923e-01,-5.529811e-01,1.232400e+00
1.346331e+01,2.775620e+00,2.143548e+01,5.486433e-01,-2.090919e+00,-8.000693e-01,2.305008e+00
1.140627e+01,2.333384e+01,1.997980e+01,-3.444086e-01,6.304576e-01,3.010827e-01,7.789383e-01
1.295193e+01,9.674068e-01,2.149873e+01,-7.614804e-01,1.124476e+00,-1.674403e+00,2.155905e+00
1.122451e+01,4.417682e+00,2.173987e+01,-2.622055e-01,-9.813528e-01,-1.008111e-01,1.020768e+00
1.087012e+01,2.312773e+01,2.183874e+01,-1.160733e+00,2.184221e+00,4.017783e-01,2.505903e+00
1.286094e+01,2.668802e+00,2.264954e+01,8.261847e-01,-7.584613e-02,-5.610485e-01,1.001553e+00
1.345475e+01,1.770452e+00,2.272893e+01,2.242284e+00,1.119973e-01,1.036397e-01,2.247470e+00
1.215633e+01,3.199676e+00,1.923093e+01,-7.549986e-01,-3.309552e-03,-1.949128e+00,2.090247e+00
1.380584e+01,2.351016e+01,1.950030e+01,1.355681e+00,2.086508e-01,-1.632922e+00,2.132566e+00
1.419645e+01,2.760713e+00,2.009181e+01,-4.139527e-01,7.038020e-01,-7.422407e-01,1.103456e+00
1.683101e+01,5.403221e-01,2.252779e+01,3.166934e-01,3.463847e-01,-9.892422e-01,1.094933e+00
1.536014e+01,5.263715e-01,2.387456e+01,3.005478e+00,-3.477162e-01,4.287884e-01,3.055759e+00
1.308543e+01,2.287197e+01,1.773474e+01,-9.851730e-01,1.357565e+00,-1.367595e+00,2.164223e+00
1.497542e+01,1.295472e+00,2.119310e+01,8.848053e-01,-2.392346e-01,4.625104e-01,1.026659e+00
1.641270e+01,4.176570e-01,2.391112e+01,-4.381986e-01,-4.870692e-01,9.259604e-01,1.134309e+00
1.701962e+01,9.576620e-02,2.077138e+01,-1.097767e+00,-8.516952e-01,1.479964e+00,2.029968e+00
1.668629e+01,2.365307e+01,1.855808e+01,-1.016275e+00,9.958850e-01,-1.919610e+00,2.389457e+00
1.787167e+01,1.913336e+00,1.969383e+01,-1.673637e+00,-4.158532e-01,1.033070e-02,1.724558e+00
1.604253e+01,2.306199e+01,2.131325e+01,1.182446e-01,-1.064541e+00,2.139615e+00,2.392735e+00
1.841909e+01,2.355985e+01,2.289286e+01,1.353916e+00,-2.556244e+00,-3.266274e-01,2.911040e+00
1.865953e+01,1.458762e+00,1.756117e+01,9.919249e-02,-9.598488e-01,-1.664322e-01,9.792081e-01
2.178478e+01,1.656814e+00,2.163131e+01,-2.697454e+00,-3.977858e-02,9.601940e-01,2.863532e+00
1.853736e+01,2.141989e+01,1.995675e+01,6.622205e-01,-1.388777e+00,1.775148e-01,1.548790e+00
2.120496e+01,8.132288e-01,2.146364e+01,-6.875817e-01,2.248012e+00,3.670145e-01,2.379291e+00
2.209358e+01,3.744030e+00,2.248625e+01,-3.507378e-01,1.757166e+00,-1.145518e+00,2.126702e+00
2.176506e+01,6.228625e-01,1.697397e+01,-6.800380e-01,1.250040e+00,1.273941e+00,1.909968e+00
2.229800e+01,8.694059e-01,2.213212e+01,-5.151895e-01,9.388244e-01,-2.000393e+00,2.269005e+00
1.701453e+01,3.060061e+00,2.089898e+01,4.796891e-01,4.986612e-02,1.005449e+00,1.115131e+00
5.442834e-01,5.584961e-02,1.833117e+01,4.663114e-01,-4.849624e-03,2.061740e-01,5.098799e-01
2.187397e+00,2.390974e+01,1.904869e+01,8.394699e-01,-1.232742e+00,7.069240e-02,1.493104e+00
2.317716e+01,2.182255e+01,1.961383e+01,-5.083543e-01,-9.326975e-01,-1.160031e+00,1.572902e+00
2.058763e+01,2.361291e+01,2.326332e+01,-1.748947e-01,8.339232e-01,3.580173e-01,9.242254e-01
4.180479e+00,2.548419e+00,1.859292e+01,-1.253629e+00,-1.256291e-01,2.028582e+00,2.387994e+00
3.072590e+00,4.252185e+00,2.300850e+01,-5.193715e-01,-5.236451e-01,-1.039839e+00,1.274839e+00
1.263218e+00,4.285135e+00,2.182917e+01,-6.121731e-01,1.127993e+00,-1.417306e+00,1.912036e+00
2.314241e+01,1.352819e+00,2.025433e-01,1.482645e-01,4.883711e-01,1.134360e+00,1.243889e+00
2.500536e+00,2.060175e+00,1.973546e+01,-8.893858e-01,7.612278e-01,5.197588e-01,1.280869e+00
6.163707e+00,2.597893e+00,1.875865e+01,-1.390066e+00,1.361323e+00,-1.364383e+00,2.376347e+00
2.993913e+00,4.829685e+00,1.725636e+01,1.115221e+00,1.302393e+00,1.042423e+00,2.006636e+00
7.246257e-01,4.530885e+00,2.289163e+01,-5.569321e-01,-3.073654e-01,1.430454e-01,6.520037e-01
6.224488e+00,1.143363e+00,1.593895e+01,-1.182347e-01,-1.630900e-01,3.109090e-01,3.704622e-01
5.425145e+00,7.176967e+00,2.143700e+01,-1.135110e+00,-2.714412e-01,-2.184493e-01,1.187381e+00
5.297991e+00,2.842381e+00,1.832666e+01,5.388561e-01,-3.133539e-03,3.824567e-01,6.607941e-01
2.496075e+00,4.821470e+00,2.109262e+01,-5.202038e-01,1.213069e+00,6.682957e-01,1.479449e+00
5.658391e+00,5.233183e-01,1.976378e+01,-1.595661e+00,-1.191799e+00,-1.002750e-01,1.994135e+00
6.565130e+00,4.727709e+00,2.079435e+01,-1.654729e-02,1.378123e+00,6.265175e-01,1.513942e+00
1.087573e+01,2.843542e+00,1.427343e+01,1.990033e-01,-7.189025e-01,7.161123e-01,1.034041e+00
7.948872e+00,1.872374e+00,1.726784e+01,1.178416e+00,8.766491e-01,-5.207185e-01,1.558309e+00
9.770327e+00,2.549714e+00,1.978842e+01,8.782929e-01,1.141764e-01,-3.150582e-01,9.400512e-01
1.173235e+01,8.632889e-01,1.489021e+01,1.601985e-02,2.228530e+00,-8.816760e-01,2.396655e+00
7.616505e+00,1.048166e+00,1.673295e+01,3.459225e-01,-3.335799e-01,-5.807856e-01,7.538235e-01
1.002980e+01,3.923361e+00,1.693084e+01,-7.504574e-02,6.832044e-01,1.061430e+00,1.264529e+00
8.149088e+00,9.857364e-01,1.771338e+01,8.423655e-01,-1.168988e+00,-1.224092e+00,1.890639e+00
7.873619e+00,2.974100e+00,1.599943e+01,1.448957e-02,-1.682136e+00,-2.386862e-01,1.699047e+00
8.549224e+00,2.494775e-01,1.586505e+01,1.139889e+00,1.381051e+00,4.762412e-01,1.852958e+00
6.417159e+00,2.179051e+00,1.732510e+01,3.998683e-01,-1.892270e+00,-2.410884e+00,3.090783e+00
1.053351e+01,5.606819e+00,1.789784e+01,-1.681860e-01,1.878212e+00,-3.402141e-02,1.886034e+00
9.151676e+00,4.887971e+00,1.651910e+01,8.883731e-01,-1.375969e-01,-1.404577e+00,1.667626e+00
8.468951e+00,4.667122e+00,1.959861e+01,-5.377943e-01,8.464930e-01,-6.158028e-01,1.176854e+00
1.021826e+01,6.827269e+00,1.984261e+01,-2.740275e+00,-6.326377e-01,1.638661e+00,3.254926e+00
1.109076e+01,9.540640e-01,1.954741e+01,8.374942e-01,3.849020e-01,1.609302e+00,1.854561e+00
9.501241e+00,5.850234e+00,1.792995e+01,-2.166957e-02,-1.981896e+00,-2.194020e+00,2.956705e+00
1.339809e+01,3.231638e+00,2.056882e+01,-1.925547e-01,1.645564e+00,-2.383753e+00,2.902970e+00
1.051884e+01,5.172809e+00,2.163832e+01,1.378546e+00,6.096368e-01,-3.774891e-01,1.553880e+00
1.386260e+01,4.612759e+00,2.151754e+01,-1.128592e+00,1.259208e+00,-6.023445e-01,1.795033e+00
1.095567e+01,3.571198e+00,1.864648e+01,-9.121639e-02,-8.212063e-01,-1.104808e-01,8.336103e-01
1.450638e+01,4.139803e+00,2.081027e+01,-3.150446e-01,-7.810929e-01,-1.001005e+00,1.308194e+00
1.030339e+01,5.677762e+00,2.322001e+01,-1.610492e+00,6.726733e-01,-5.668607e-01,1.835077e+00
1.652876e+01,9.508392e-01,2.050317e+01,2.847922e+00,-2.564514e-01,-3.884272e-01,2.885707e+00
1.514344e+01,2.273306e+00,2.065273e+01,-1.591102e-01,-9.607536e-01,-4.926188e-01,1.091346e+00
1.341654e+01,6.608481e-01,2.056710e+01,-1.064207e+00,2.087519e-01,-7.488367e-02,1.087070e+00
1.546502e+01,2.310188e+01,2.224696e+01,-1.145148e+00,-1.038199e-01,1.279567e+00,1.720301e+00
1.501521e+01,1.653922e+00,2.221537e+01,4.000428e-01,-8.084147e-04,-8.812774e-01,9.678247e-01
1.445207e+01,1.238321e+00,1.855757e+01,2.227398e+00,3.291317e-02,-5.409615e-01,2.292384e+00
1.627143e+01,6.033099e-01,1.954759e+01,8.760503e-01,-2.971072e-01,-4.595522e-02,9.262012e-01
1.557013e+01,2.072459e+00,2.310959e+01,1.155639e+00,-3.892086e-01,-2.493763e+00,2.775940e+00
1.632398e+01,2.014039e+00,2.071054e+01,4.547041e-01,7.326400e-01,1.612726e-01,8.772263e-01
1.804205e+01,1.041684e+00,2.115249e+01,7.216965e-02,7.272347e-02,5.609894e-01,5.702686e-01
1.775656e+01,1.758770e+00,2.304073e+01,-9.389408e-02,-3.206998e+00,-4.922299e-01,3.245912e+00
2.129991e+01,2.169633e+01,3.021380e+00,-2.031705e-01,-8.405978e-03,1.555820e+00,1.569052e+00
1.713494e+01,2.361923e+01,2.177715e+01,9.333704e-03,-4.403857e-01,-2.493586e-01,5.061684e-01
1.894981e+01,1.945925e+00,1.932577e+01,-1.326187e+00,-3.262899e-01,1.656947e+00,2.147256e+00
2.285626e+01,1.055296e+00,2.322266e+01,-1.153810e+00,4.662496e-01,-2.476576e-01,1.268858e+00
2.227773e+01,1.465005e+00,2.043749e+01,3.738607e-03,5.226493e-01,3.938796e-01,6.544596e-01
2.215054e+01,3.647973e+00,2.352072e+01,-1.200151e-01,-8.770589e-01,-1.558684e+00,1.792521e+00
2.260730e+01,2.337593e+01,2.257109e+00,7.664957e-01,-9.525406e-01,-7.030017e-02,1.224660e+00
2.296863e+01,2.177764e+01,1.522589e+00,9.778783e-01,-1.706624e+00,2.651711e-02,1.967108e+00
2.120934e+01,1.677779e+00,2.340749e+01,1.018343e+00,-1.192945e-01,-3.466834e-01,1.082332e+00
1.358743e+00,2.680830e+00,1.801667e+01,1.925283e-01,-5.260396e-01,1.081351e+00,1.217828e+00
1.408992e+00,5.042450e+00,2.101189e+01,1.901557e+00,-4.933908e-01,-5.933476e-01,2.052173e+00
1.711866e+00,1.473589e+00,2.259399e+01,-2.422675e+00,-5.740844e-01,1.385394e+00,2.849253e+00
1.954511e+00,6.443272e+00,2.118229e+01,3.824065e-01,1.039195e-02,-1.143033e+00,1.205349e+00
3.679050e+00,4.902545e+00,2.072702e+01,3.969492e-01,5.040157e-01,2.171314e+00,2.264112e+00
4.791312e+00,3.696004e+00,2.078943e+01,-9.673814e-01,5.683204e-01,-5.869913e-01,1.266244e+00
3.088378e+00,5.543653e+00,2.232939e+01,-3.969931e-02,2.183245e+00,1.916094e-01,2.191996e+00
3.379953e+00,3.813634e+00,2.028500e+01,7.632816e-01,-2.247832e-01,5.510570e-01,9.678792e-01
3.677208e+00,6.261929e+00,2.101863e+01,5.443803e-02,1.934178e+00,2.980590e-01,1.957765e+00
2.635663e+00,7.208905e+00,1.755728e+01,9.865044e-01,-3.728267e-02,1.025084e+00,1.423158e+00
7.118915e+00,2.537877e+00,2.052809e+01,1.249194e-01,-2.174145e-01,-4.704342e-01,5.330875e-01
5.684196e+00,5.872050e+00,1.975383e+01,7.495585e-01,-5.772929e-01,-2.666303e+00,2.829183e+00
7.958916e+00,5.362501e+00,1.858992e+01,3.231873e-01,5.395121e-01,-1.049849e+00,1.223808e+00
4.055742e+00,3.385160e+00,1.964773e+01,4.567218e-01,-1.592432e+00,1.160715e+00,2.022793e+00
7.180886e+00,9.750153e-01,1.793037e+01,-1.674710e+00,1.236268e+00,-2.887392e-01,2.101519e+00
4.606552e+00,5.035481e+00,5.281765e-01,2.286539e+00,-4.672079e-02,1.233178e+00,2.598301e+00
8.038977e+00,8.702654e+00,2.075144e+01,1.015954e+00,9.251023e-02,1.686666e+00,1.971183e+00
6.517872e+00,4.977876e+00,1.974574e+01,-1.906526e-01,-6.392089e-01,1.827874e+00,1.945780e+00
6.462216e+00,6.626855e+00,1.924979e+01,8.992224e-01,1.181521e+00,-8.260777e-01,1.699117e+00
6.653656e+00,4.198066e+00,1.822258e+01,-2.885553e+00,-9.333610e-01,1.316436e-01,3.035607e+00
8.052964e+00,6.370437e+00,1.898621e+01,1.651689e+00,9.820094e-01,1.247209e+00,2.290840e+00
9.407544e+00,8.226415e+00,1.915618e+01,3.361193e-01,-7.050502e-01,1.771439e+00,1.935993e+00
7.895905e+00,3.338445e+00,1.991071e+01,5.454730e-02,5.459531e-01,-1.552510e+00,1.646611e+00
8.103142e+00,2.931243e+00,1.805685e+01,-5.134354e-01,1.509312e+00,8.722670e-01,1.817275e+00
8.799485e+00,3.897884e+00,1.616304e+01,-5.466706e-01,-6.881173e-01,6.921469e-01,1.118669e+00
1.080262e+01,6.015301e+00,2.220106e+01,-7.141307e-01,-8.185067e-01,-4.689746e-02,1.087260e+00
7.788206e+00,5.784731e+00,2.170965e+01,9.082749e-02,-4.057385e-02,9.834455e-01,9.884639e-01
7.524934e+00,5.632483e+00,2.038294e+01,-1.226658e+00,-1.007319e-01,-2.406558e-01,1.254094e+00
1.076896e+01,7.749643e+00,1.927307e+01,1.511636e-02,1.707924e+00,8.721023e-03,1.708014e+00
9.576550e+00,8.757950e+00,1.800335e+01,7.371233e-01,-5.197977e-01,6.610581e-03,9.019890e-01
1.267973e+01,6.966695e+00,2.145276e+01,1.017110e+00,1.230001e+00,1.627074e+00,2.279207e+00
1.341639e+01,4.494319e+00,2.343746e+01,5.660015e-01,-1.078177e-01,-8.548114e-01,1.030866e+00
1.289975e+01,5.452927e+00,1.950631e+01,7.297913e-01,-9.336289e-01,2.150164e-01,1.204363e+00
1.736193e+01,3.287878e+00,2.207766e+01,-2.904115e-02,4.270944e-01,-2.857865e-01,5.147105e-01
1.342655e+01,3.417712e+00,1.930427e+01,3.570623e-01,2.169273e+00,-1.888671e+00,2.898330e+00
1.333855e+01,5.284759e+00,2.260461e+01,-1.032008e+00,-1.139195e-01,-1.276699e+00,1.645594e+00
1.628241e+01,2.975697e+00,2.014180e+01,-1.328232e-02,-3.826220e-01,-5.010895e-01,6.306082e-01
1.692365e+01,6.086886e+00,1.829250e+01,1.589519e-01,3.649492e-01,1.164611e-02,3.982327e-01
1.653338e+01,5.855018e+00,2.057143e+01,7.151448e-01,-2.313807e-01,1.524579e+00,1.699797e+00
1.425920e+01,2.317115e+00,2.251079e+01,-5.775692e-01,-1.182659e+00,-4.224223e-01,1.382284e+00
1.800214e+01,3.443997e+00,2.314287e+01,4.039726e-02,7.544542e-01,9.972984e-01,1.251174e+00
1.898658e+01,2.238191e+01,2.027983e+00,-1.989959e-01,-1.682055e+00,1.141032e+00,2.042269e+00
1.782436e+01,2.437191e+00,2.121433e+01,-1.873012e-01,3.859127e-01,-1.816340e+00,1.866307e+00
1.429431e+01,2.418842e+00,2.110936e+01,-1.725810e+00,-2.641685e-01,-9.351071e-01,1.980563e+00
1.724145e+01,6.362303e+00,1.090502e+00,5.215198e-01,-8.282221e-01,-3.345860e-01,1.034351e+00
1.819434e+01,4.217304e+00,2.233808e+01,-1.622585e+00,5.190250e-01,1.211679e+00,2.090534e+00
1.798926e+01,5.010434e+00,2.026343e+01,1.145626e+00,3.898665e-02,-6.188984e-01,1.302695e+00
1.758447e+01,4.093074e+00,2.069751e+01,-4.130685e-01,-2.035669e+00,-3.320554e-01,2.103529e+00
2.183352e+01,2.461298e+00,2.002296e+01,1.069080e+00,-2.540488e-01,-1.017431e+00,1.497544e+00
2.062799e+01,5.358992e+00,2.052798e+01,1.758081e+00,-2.943429e-01,2.285892e+00,2.898757e+00
2.256994e+01,4.236988e+00,2.034531e+01,1.166503e+00,-1.558639e+00,2.778054e-01,1.966535e+00
1.962698e+01,3.599979e-01,2.280158e+01,1.690811e+00,-5.280964e-01,2.098808e-02,1.771488e+00
1.867705e+01,9.068499e-01,2.193224e+01,-9.481114e-01,1.622463e+00,-5.451927e-01,1.956665e+00
8.028138e-01,1.545115e+00,2.327536e+01,3.272444e-01,9.478295e-01,1.508302e+00,1.811200e+00
2.282556e+01,4.863323e+00,2.267270e+01,5.608219e-02,1.516924e+00,1.307086e+00,2.003167e+00
2.386992e+01,2.627165e+00,2.224034e+01,4.529508e-01,6.382989e-01,-5.042745e-01,9.310653e-01
3.275507e+00,3.875398e+00,1.616390e+01,-5.432896e-01,-5.692501e-01,-7.916666e-01,1.116219e+00
3.323479e+00,3.214688e+00,1.757530e+01,4.332143e-01,1.743495e+00,1.085455e+00,2.098967e+00
2.295771e+01,3.031103e+00,2.349127e+01,-1.300106e-01,-2.277211e+00,2.145570e+00,3.131463e+00
2.370441e+01,3.490320e+00,2.032419e+01,1.531555e+00,-8.444421e-01,6.441726e-01,1.863787e+00
3.015242e+00,6.582223e+00,2.186263e+01,3.919137e-01,6.829339e-01,1.077712e+00,1.334713e+00
4.363582e+00,6.909079e+00,2.038173e+01,-2.570225e-01,8.303865e-01,-8.016445e-01,1.182470e+00
4.494542e+00,6.655202e+00,1.926940e+01,1.614770e-01,8.024569e-01,-1.300471e+00,1.536632e+00
2.071321e+00,7.980051e+00,1.838464e+01,2.645122e-01,-1.993231e-01,-1.146336e+00,1.193224e+00
5.727270e+00,3.202505e+00,2.107757e+01,-4.123533e-01,1.441646e+00,-4.205244e-01,1.557312e+00
2.763079e+00,6.597909e+00,2.047689e+01,-3.269892e-01,-3.631064e-02,-2.261350e+00,2.285157e+00
6.287084e+00,2.494851e+00,1.631569e+01,3.613335e-01,-3.440213e-01,-6.412187e-01,8.124494e-01
3.228766e+00,8.363120e+00,2.098188e+01,-3.132882e-01,1.514042e-01,-3.700419e-01,5.079406e-01
3.938229e+00,7.622129e+00,1.953835e+01,-9.373442e-01,-1.852372e+00,-8.352885e-01,2.237767e+00
7.308711e+00,5.694481e+00,1.938800e+01,-5.151079e-01,2.975559e-01,-6.028639e-01,8.469478e-01
4.790072e+00,3.488555e+00,1.887355e+01,5.249288e-01,8.798622e-01,-7.754358e-01,1.284916e+00
5.242372e+00,9.315757e+00,1.891159e+01,1.263705e+00,1.260580e+00,-2.091154e+00,2.749352e+00
7.469041e+00,4.884137e+00,2.119078e+01,-7.585221e-01,6.224684e-01,-9.113042e-02,9.854580e-01
6.505266e+00,7.851907e+00,1.961652e+01,2.515321e-01,3.730817e-01,-1.154204e-01,4.645215e-01
6.348275e+00,7.016059e+00,2.108956e+01,1.421040e+00,-2.887320e-01,-8.590528e-01,1.685436e+00
7.718995e+00,9.709910e+00,2.346567e+01,-1.442086e+00,-1.173653e+00,9.290045e-01,2.078490e+00
6.101653e+00,4.868118e+00,1.757944e+01,-4.960714e-01,1.380326e+00,5.719449e-01,1.574328e+00
9.022088e+00,7.907471e+00,2.113586e+01,-8.317423e-01,1.059656e+00,-4.210929e-01,1.411377e+00
7.931859e+00,4.268256e+00,1.888355e+01,-1.699092e-02,-1.050324e+00,-1.394874e-01,1.059682e+00
6.527042e+00,1.059003e+01,2.214141e+01,-4.201772e-01,1.624930e+00,-8.665137e-01,1.888860e+00
1.027964e+01,8.615466e+00,2.030755e+01,6.498459e-01,3.777465e-01,-9.675984e-03,7.517218e-01
9.402707e+00,5.981946e+00,2.016620e+01,-1.114706e+00,3.593023e-01,1.114154e-01,1.176469e+00
1.083172e+01,7.420692e+00,2.238364e+01,8.495245e-01,-8.146164e-02,-4.341936e-01,9.575239e-01
1.075636e+01,9.991852e+00,1.852245e+01,3.859392e-01,8.642799e-01,3.392558e-01,1.005497e+00
1.058003e+01,9.493574e+00,2.298873e+01,-4.745890e-01,1.129888e+00,-6.535910e-01,1.388907e+00
1.257109e+01,4.300171e+00,1.293518e+00,7.268081e-01,7.950152e-01,1.035695e+00,1.494311e+00
1.102958e+01,6.796414e+00,1.907908e+01,-1.607610e+00,-2.400674e-01,1.325594e+00,2.097437e+00
8.818784e+00,6.742924e+00,1.827122e+01,9.254035e-01,3.808340e-01,5.654876e-04,1.000703e+00
1.374371e+01,6.696196e+00,2.126248e+01,9.788452e-01,-5.363702e-01,-5.564131e-01,1.247167e+00
1.584063e+01,4.256792e+00,2.293455e+01,5.101917e-01,5.174108e-01,-2.280950e-01,7.616015e-01
1.686404e+01,4.803059e+00,2.048771e+01,-4.972611e-01,-7.218487e-01,-1.518969e+00,1.753739e+00
1.606820e+01,3.607782e+00,2.087916e+01,-2.693503e-01,-1.314454e-01,1.137878e+00,1.176688e+00
1.738252e+01,5.212729e+00,1.880583e-01,4.397593e-01,4.267179e-01,-7.504348e-01,9.688286e-01
1.880057e+01,3.966828e+00,2.030938e+01,3.267337e-01,-2.761200e+00,-9.967042e-01,2.953709e+00
1.673806e+01,2.318368e+00,5.254283e-01,8.620227e-01,4.620525e-01,3.851661e-01,1.051156e+00
1.568669e+01,4.648239e+00,2.076155e+01,-1.451385e+00,1.729275e+00,-5.590994e-01,2.325834e+00
1.447917e+01,6.298309e+00,1.010515e+00,-6.658302e-01,-6.572622e-03,1.433931e+00,1.580991e+00
1.764546e+01,9.372269e+00,1.917644e+01,8.484608e-01,-5.350287e-01,-1.160484e+00,1.533905e+00
1.893749e+01,1.792016e+00,2.142710e+01,2.711386e-01,6.730650e-01,-3.028965e-01,7.863071e-01
1.538807e+01,8.395495e+00,2.276768e+01,-7.156227e-01,-8.482852e-01,1.132607e-01,1.115586e+00
1.573303e+01,6.989656e+00,2.009517e+01,-4.881284e-01,-7.490883e-01,-1.518630e+00,1.762283e+00
1.831035e+01,8.125255e+00,2.067742e+01,1.233300e+00,2.241944e-01,-7.709038e-01,1.471593e+00
2.145455e+01,4.337963e+00,2.105984e+01,-1.065620e+00,-2.692264e-01,9.703416e-02,1.103379e+00
1.678065e+01,4.445362e+00,1.930678e+00,-1.428920e+00,1.274094e-01,6.213927e-01,1.563386e+00
2.029687e+01,2.949451e+00,2.164731e+01,-1.446620e-01,1.039853e+00,-4.815628e-01,1.155042e+00
1.769641e+01,6.153464e+00,2.049161e+01,1.146304e+00,-1.391486e+00,-9.891081e-01,2.056351e+00
2.301090e+01,7.436106e+00,5.323749e-01,-9.435029e-01,2.605279e-01,1.687284e-01,9.932481e-01
2.021213e+01,1.825224e+00,2.142019e+01,1.143764e+00,7.368072e-02,2.929060e-01,1.182970e+00
1.920270e+01,2.829525e+00,2.117219e+01,-3.834436e-01,5.452812e-01,1.342060e+00,1.498494e+00
2.161117e+01,3.296656e+00,2.075738e+01,9.200455e-01,-6.634268e-01,4.639724e-01,1.225516e+00
1.248538e-01,6.762097e+00,6.717453e-01,2.203574e+00,5.187773e-01,-5.198731e-01,2.322743e+00
1.823903e+01,4.779765e+00,2.141709e+01,1.478193e+00,-1.306531e+00,5.702611e-01,2.053601e+00
2.346113e+01,4.407525e+00,2.109192e+01,1.370085e+00,-6.511054e-01,-9.414810e-01,1.785345e+00
2.331275e+01,6.850559e+00,2.251747e+01,1.600906e+00,7.703927e-01,1.492308e-01,1.782884e+00
4.969905e+00,8.119087e+00,2.206247e+01,-1.759962e+00,1.269136e+00,1.240469e+00,2.499387e+00
6.301892e-01,9.503846e+00,2.292097e+01,-6.504057e-01,5.475970e-01,2.294620e+00,2.447074e+00
3.981391e+00,6.857959e+00,1.758949e+01,-1.144481e+00,-1.227982e-01,-4.949878e-01,1.252968e+00
2.162871e+01,1.121682e+01,2.291470e+01,-1.615085e+00,4.876326e-01,5.732222e-01,1.781816e+00
2.514940e+00,7.518739e+00,1.985013e+01,-1.280953e+00,3.794254e-01,-4.042616e-01,1.395790e+00
3.569430e+00,7.404139e+00,2.142318e+01,-2.190237e+00,-9.742149e-01,-1.650488e+00,2.910385e+00
4.703058e+00,7.887752e+00,1.731997e+01,-1.551478e+00,-5.603828e-01,6.597687e-01,1.776628e+00
4.749480e+00,8.404437e+00,1.850598e+01,2.874906e-01,5.502327e-01,9.417718e-01,1.127981e+00
6.856194e+00,4.209057e+00,1.914496e+01,-2.821904e-01,-5.024442e-01,8.647232e-03,5.763301e-01
7.386545e+00,8.016166e+00,2.012139e+01,1.394543e+00,-3.265005e-01,1.011198e+00,1.753246e+00
7.195111e+00,7.617667e+00,2.117644e+01,-1.012203e+00,6.969794e-02,1.350736e+00,1.689349e+00
3.703000e+00,1.052765e+01,1.944531e+01,-5.613011e-01,-8.468407e-01,-7.508166e-02,1.018742e+00
6.879868e+00,6.080849e+00,2.116230e+01,9.877766e-01,-5.166031e-01,-2.412444e-01,1.140518e+00
3.112111e+00,8.368355e+00,9.955053e-01,-4.222660e-01,-6.883657e-01,1.204762e-01,8.164989e-01
1.058188e+01,9.830029e+00,1.987114e+01,-3.111413e-01,-4.085599e-01,-1.326982e-01,5.304139e-01
1.022006e+01,9.136166e+00,1.297539e+00,-1.189597e+00,1.382287e+00,-6.030885e-01,1.920827e+00
7.491555e+00,1.134808e+01,2.107043e+01,9.301749e-01,1.256560e-01,-3.337880e-01,9.962074e-01
4.259913e+00,1.040957e+01,2.144523e+01,6.517524e-01,-1.981761e+00,-1.428102e+00,2.528168e+00
7.771088e+00,1.063714e+01,1.968049e+01,5.139206e-01,-2.195630e-01,6.184729e-01,8.335652e-01
1.172764e+01,7.482868e+00,1.962225e+01,3.358102e-01,-2.569690e-01,4.802593e-01,6.398833e-01
8.668270e+00,9.361177e+00,1.462922e+00,-8.571735e-01,2.367624e-01,1.398543e-01,9.002011e-01
8.572418e+00,5.759931e+00,2.098757e+01,2.766669e-01,6.842239e-01,9.714806e-01,1.220033e+00
1.144069e+01,1.004653e+01,1.927973e+01,-1.098512e-01,-8.583842e-01,-5.012932e-01,1.000093e+00
1.118896e+01,9.769119e+00,2.380722e+01,-1.475654e+00,-3.903218e-01,2.892008e-01,1.553558e+00
1.045378e+01,9.998530e+00,1.668346e+01,-3.347818e-02,1.159284e+00,-4.886097e-01,1.258491e+00
1.300888e+01,5.441688e+00,2.695717e+00,2.648320e+00,1.423920e+00,1.041489e+00,3.182114e+00
1.134685e+01,9.572251e+00,2.215255e+01,1.661436e+00,-3.607199e-02,-1.069020e-01,1.665263e+00
9.862760e+00,7.811416e+00,2.193192e+01,1.770242e-01,1.544241e+00,1.663367e-02,1.554443e+00
9.972693e+00,5.249830e+00,1.878047e+01,1.152173e-01,2.264960e-01,-1.136794e-01,2.783854e-01
1.258765e+01,8.489481e+00,2.292110e+01,-1.673241e+00,-7.370673e-01,-4.487538e-01,1.882653e+00
1.498615e+01,3.238709e+00,2.071959e+01,9.200453e-02,3.185547e-01,-5.529701e-01,6.447619e-01
1.418136e+01,7.697363e+00,2.151928e+01,1.085202e-01,1.451711e+00,-9.232078e-01,1.723819e+00
1.568450e+01,7.943207e+00,2.181290e+01,-7.157753e-01,2.922738e-01,-2.257766e-02,7.734779e-01
1.484800e+01,5.392885e+00,2.277184e+01,-7.648427e-01,-7.601749e-01,-7.603335e-01,1.319453e+00
1.160021e+01,6.465784e+00,1.597267e+01,-1.753087e+00,-1.095965e+00,-4.728997e-01,2.120869e+00
1.742200e+01,5.378091e+00,2.138422e+01,-8.635101e-01,2.366532e-01,5.625061e-01,1.057387e+00
1.558746e+01,4.343194e+00,1.971584e+00,-6.579541e-01,1.109438e+00,3.604155e-01,1.339275e+00
1.631150e+01,3.696464e+00,2.204165e+01,-1.512257e+00,7.309215e-01,7.644686e-01,1.845421e+00
1.447369e+01,7.893536e+00,2.249512e+01,6.358527e-01,-1.484162e-01,1.965710e-01,6.818916e-01
1.551228e+01,7.616412e+00,4.269161e-01,1.762850e+00,4.078065e-01,-5.620845e-02,1.810278e+00
1.771411e+01,8.285744e+00,2.155683e+01,-1.358131e+00,-3.306274e-01,-1.087965e+00,1.771300e+00
1.780791e+01,6.602080e+00,2.300916e+01,4.205593e-01,7.958011e-01,-2.096891e+00,2.281912e+00
2.219250e+01,5.891079e+00,1.657696e+01,-5.421201e-01,-3.247606e-01,5.552262e-01,8.412133e-01
2.108597e+01,8.142462e+00,2.305326e+01,-6.517605e-01,5.245753e-01,3.678273e-01,9.139299e-01
1.859008e+01,5.855325e+00,2.144580e+01,4.896668e-01,1.323868e+00,1.647821e+00,2.169727e+00
1.395735e+01,5.658102e+00,2.336403e+01,-8.387900e-01,-9.353875e-01,2.105668e+00,2.452011e+00
1.596060e+01,6.191137e+00,1.622154e+01,-1.190648e+00,6.926540e-01,1.338422e+00,1.920621e+00
2.133435e+01,8.364311e+00,1.741909e+01,-7.790532e-01,-6.305299e-01,6.018314e-01,1.169056e+00
2.377410e+01,6.828624e+00,1.920991e+01,-1.085290e+00,1.188459e+00,1.228409e+00,2.024668e+00
1.554700e+01,6.265533e+00,2.273638e+01,-2.026915e+00,1.594869e+00,1.882323e-01,2.586005e+00
3.031026e+00,7.675084e+00,1.866854e+01,-3.575002e-01,-5.816412e-01,-8.533964e-01,1.092885e+00
2.167275e+01,8.626049e+00,1.884520e+01,-1.798927e+00,4.872538e-02,-1.640387e-01,1.807048e+00
2.185293e+01,5.036304e+00,2.046215e+01,-1.433133e-01,-1.349254e+00,-3.646374e-02,1.357333e+00
2.312938e+01,7.795338e+00,2.152904e+01,3.195523e-01,2.212028e-01,1.217163e+00,1.277705e+00
5.501692e-01,8.969942e+00,7.452381e-01,-9.320406e-01,8.763996e-01,-1.476549e+00,1.953707e+00
2.271827e+01,6.943045e+00,1.633396e+01,-2.974577e-01,3.029842e-01,-1.356140e+00,1.421055e+00
1.510536e+00,7.647648e+00,2.273249e+01,1.020380e+00,-8.047920e-01,-6.082752e-01,1.434874e+00
2.143183e+01,7.867542e+00,2.219020e+01,4.348552e-01,2.872258e-01,-3.756369e-01,6.424179e-01
6.172053e-01,8.388686e+00,1.984761e+01,-1.223352e+00,4.024553e-01,-5.715876e-01,1.408997e+00
3.475375e+00,9.648022e+00,2.131918e+01,-1.859408e+00,1.124373e-01,-2.203903e-01,1.875796e+00
1.789043e+00,1.085210e+01,2.193759e+01,-1.624998e-01,1.112497e+00,-4.777592e-02,1.125317e+00
5.562369e-01,9.997621e+00,2.097260e+01,6.137723e-01,3.215946e-01,-1.369262e+00,1.534606e+00
2.572731e+00,1.189503e+01,1.813601e+01,6.327813e-02,-5.220472e-01,2.145107e-01,5.679369e-01
2.833637e+00,9.076724e+00,2.243867e+01,-8.093645e-01,1.316164e+00,-2.881570e-01,1.571748e+00
3.156997e+00,1.048662e+01,2.207582e+01,5.024946e-01,-1.348929e-01,-5.998508e-01,7.940516e-01
2.265641e+00,1.130639e+01,2.065102e+01,-1.005360e+00,-2.401099e-02,-2.873161e-01,1.045885e+00
3.822931e+00,1.108596e+01,2.327349e+01,2.775165e-01,1.865634e+00,-2.993248e-01,1.909765e+00
7.393006e+00,1.226339e+01,1.831327e+01,1.620632e+00,-3.668531e-01,-2.014235e+00,2.611163e+00
6.869970e+00,1.099877e+01,2.014191e+01,-1.296497e+00,-8.791134e-01,5.340095e-01,1.654965e+00
9.240551e+00,1.319360e+01,2.378708e+01,-4.343043e-01,7.733636e-01,6.939149e-01,1.126157e+00
5.695270e+00,1.132343e+01,2.052900e+01,-7.723572e-01,1.049764e+00,-1.699114e+00,2.141384e+00
8.032154e+00,1.208573e+01,2.164696e+01,-1.776100e+00,-6.775580e-01,-5.009337e-01,1.965846e+00
1.478217e+01,8.158664e+00,1.044849e+00,-5.940665e-01,9.503443e-01,-1.465817e+00,1.845180e+00
6.550095e+00,9.338726e+00,2.196888e+01,1.015431e+00,-1.576591e+00,4.892887e-01,1.938077e+00
9.151268e+00,1.400985e+01,7.710938e-01,-6.441619e-01,1.124459e+00,-4.294580e-01,1.365206e+00
7.986375e+00,1.092019e+01,1.786523e+01,1.066009e+00,1.129374e+00,-1.023157e+00,1.859761e+00
9.348616e+00,9.762510e+00,2.274208e+01,-9.122565e-01,2.907407e-01,9.867258e-01,1.374907e+00
9.489620e+00,8.756117e+00,2.233108e+01,1.599964e-01,-1.449885e+00,-2.303972e-01,1.476770e+00
1.209628e+01,1.151492e+01,2.365660e+01,-4.283132e-01,1.056037e+00,2.152248e+00,2.435331e+00
1.062704e+01,1.076029e+01,2.034915e+01,2.286939e-01,1.243590e+00,6.350779e-01,1.414970e+00
1.340219e+01,7.893355e+00,2.213494e+01,-2.483405e-01,4.229816e-01,1.244753e+00,1.337907e+00
1.024677e+01,1.279684e+01,2.108949e+00,4.333753e-01,-6.165759e-01,-3.982729e-01,8.524091e-01
1.222190e+01,7.495515e+00,2.217630e+01,-2.143789e-01,7.254853e-01,1.413734e+00,1.603412e+00
1.171098e+01,8.316495e+00,1.861007e+01,8.221126e-01,-1.226908e-01,1.888780e-02,8.314318e-01
1.269396e+01,7.555383e+00,1.296699e-01,-5.507054e-02,5.529967e-02,2.463123e+00,2.464359e+00
1.176712e+01,8.138189e+00,2.034469e+00,7.500803e-01,7.011415e-02,-7.429269e-01,1.058053e+00
1.175025e+01,7.547754e+00,2.107711e+01,6.841123e-01,-7.041608e-01,-1.301602e+00,1.630343e+00
1.279510e+01,7.875793e+00,1.953727e+01,1.274562e+00,-9.404189e-01,-1.131140e-01,1.587983e+00
1.595035e+01,5.676372e+00,2.143523e+01,3.610288e-01,3.520161e-02,-1.122221e+00,1.179390e+00
1.388190e+01,5.598308e+00,2.135195e+01,3.806841e-01,-4.357935e-01,-2.733966e-01,6.399860e-01
1.326359e+01,9.895138e+00,2.140145e+01,-1.151172e+00,-5.547226e-01,-6.391488e-01,1.428785e+00
1.501277e+01,5.397788e+00,2.098846e+01,-1.481668e+00,-3.063006e-01,-2.779471e-01,1.538315e+00
1.625262e+01,7.653973e+00,2.261011e+01,-1.550261e+00,-4.864177e-02,4.052373e-01,1.603089e+00
1.599256e+01,9.834337e+00,2.269904e+01,-1.542336e+00,-5.879246e-02,1.205202e+00,1.958256e+00
1.512057e+01,7.575490e+00,1.900689e+01,-1.084386e+00,5.459004e-01,1.694738e+00,2.084715e+00
1.930699e+01,6.210974e+00,1.487460e+00,4.966090e-01,-6.073957e-01,-2.798877e-01,8.329988e-01
1.547973e+01,6.258486e+00,9.072965e-01,3.841328e-01,-1.959560e-01,1.979245e-01,4.744796e-01
1.483176e+01,7.734965e+00,2.353779e+01,-8.371586e-01,1.490435e-01,7.845531e-01,1.156967e+00
1.822258e+01,3.539546e+00,2.144209e+01,-5.649587e-01,1.058185e+00,-9.342427e-01,1.520442e+00
2.244394e+01,1.101330e+01,2.022212e+01,2.639998e-01,-6.366533e-01,1.047330e-01,6.971315e-01
1.676630e+01,8.035190e+00,2.172834e+01,-2.054019e+00,-7.239371e-01,3.055416e-01,2.199190e+00
1.774498e+01,9.593568e+00,2.117812e+01,5.231229e-02,3.407953e-02,8.992687e-01,9.014334e-01
1.562649e+01,8.522069e+00,1.911711e+01,-2.113705e-01,9.290992e-02,1.102228e+00,1.126151e+00
1.827082e+01,9.279377e+00,1.825849e+01,6.666791e-01,1.122587e-01,1.425369e+00,1.577574e+00
2.016150e+01,7.393819e+00,2.000291e+01,-8.247251e-01,1.358247e+00,1.635383e-01,1.597420e+00
1.511751e+01,7.286253e+00,2.125420e+01,-1.159081e+00,-9.959804e-01,-5.177395e-01,1.613536e+00
2.082123e+01,5.271778e+00,1.900901e+01,-2.692585e-01,8.778747e-01,-2.658959e-02,9.186246e-01
2.279915e+01,4.988750e+00,2.153081e+01,-2.069093e+00,1.590067e-01,7.022052e-01,2.190781e+00
2.096584e+01,5.786600e+00,2.228061e+01,1.163519e+00,-3.886875e-01,1.052271e+00,1.616208e+00
2.057379e+01,7.911078e+00,1.901163e+01,-8.745030e-01,-4.851133e-01,8.469720e-01,1.310516e+00
1.484003e+00,1.158650e+01,1.993435e+01,-1.098088e+00,8.593405e-01,-4.332614e-01,1.460130e+00
6.223917e-01,1.128639e+01,2.059282e+01,5.407746e-02,-1.256705e+00,6.452448e-01,1.413709e+00
7.631251e-01,1.081607e+01,2.164306e+01,7.062091e-02,-9.698430e-01,1.490003e+00,1.779239e+00
2.237019e+01,8.441781e+00,1.813857e+01,-4.469508e-01,-3.203696e-01,2.008803e-01,5.854525e-01
9.264636e-01,8.672567e+00,1.879193e+01,-1.087387e+00,-4.222964e-01,3.426644e-01,1.215798e+00
5.516754e+00,7.824979e+00,2.042052e+01,-1.230583e-01,-8.033381e-02,7.121907e-01,7.271949e-01
4.353806e+00,1.041531e+01,2.269589e+01,-9.738389e-01,-8.235736e-01,1.427298e-01,1.283358e+00
1.773713e+00,1.407447e+01,2.316915e+01,-1.485794e+00,-1.137776e+00,-4.228910e-01,1.918582e+00
1.553880e+00,7.013082e+00,1.753392e+01,-3.395562e-01,1.835917e-01,2.052608e-01,4.371914e-01
3.632359e+00,9.776641e+00,2.028631e+01,2.107609e+00,3.574960e-01,3.187257e-01,2.161343e+00
6.123699e+00,1.361256e+01,1.994561e+01,1.419827e+00,-2.161364e-01,-4.471564e-01,1.504185e+00
5.961989e+00,1.161492e+01,2.232453e+01,1.365865e+00,-4.451916e-01,-7.001032e-01,1.598101e+00
2.380245e+00,1.272286e+01,2.186908e+01,9.383008e-02,-9.319991e-01,1.754945e-01,9.530082e-01
5.459201e+00,1.204912e+01,2.120684e+01,5.048101e-01,7.722735e-01,8.900971e-01,1.281996e+00
5.885690e+00,1.297814e+01,2.147880e+01,-8.477672e-01,6.374077e-01,-8.276039e-01,1.345335e+00
4.430471e+00,1.154330e+01,2.097275e+01,1.702883e+00,-3.020604e-01,1.248519e+00,2.133038e+00
8.539457e+00,1.159415e+01,2.256189e+01,-1.306765e+00,1.822760e+00,5.999516e-01,2.321644e+00
7.437477e+00,1.233807e+01,2.074429e+01,-7.537731e-01,1.122091e+00,-3.670731e-01,1.400716e+00
5.753299e+00,9.987024e+00,2.173446e+01,1.116934e-01,-5.654658e-01,-6.852764e-01,8.954500e-01
5.908575e+00,1.046220e+01,2.332281e+01,6.465017e-01,-2.528594e-02,1.040950e+00,1.225635e+00
1.067989e+01,1.042237e+01,2.230445e+01,1.254422e+00,-3.802520e-01,1.101896e+00,1.712407e+00
8.865676e+00,1.246389e+01,2.312891e+01,-5.143743e-01,4.884316e-01,-1.716255e+00,1.857062e+00
9.273997e+00,1.217807e+01,4.555457e-01,1.763318e+00,-2.086020e-01,5.127721e-01,1.848173e+00
9.766466e+00,1.239597e+01,2.142445e+01,6.452139e-01,-5.333703e-01,-1.568187e-01,8.516907e-01
1.151389e+01,9.445640e+00,2.031009e+01,4.961879e-01,-1.480198e+00,-4.761790e-01,1.632157e+00
1.107318e+01,1.471750e+01,2.038916e+01,-5.053388e-01,1.509656e-01,-5.911646e-01,7.922333e-01
1.009394e+01,1.149163e+01,2.035530e-01,-1.819963e+00,2.319044e+00,-6.093602e-01,3.010241e+00
6.966892e+00,1.365964e+01,2.737986e-01,-1.464544e-02,-1.313026e+00,-3.879750e-01,1.369225e+00
9.280145e+00,1.145858e+01,1.872734e+01,7.758242e-02,5.356935e-01,-1.304275e+00,1.412133e+00
1.104255e+01,1.142170e+01,8.917184e-01,8.438304e-01,7.037715e-01,-2.430204e+00,2.667065e+00
1.229536e+01,8.721989e+00,1.981118e+01,-8.838509e-01,-5.566050e-01,3.982922e-01,1.117872e+00
1.311491e+01,9.546113e+00,1.950900e+01,-1.736081e+00,5.554801e-01,9.188347e-01,2.041272e+00
1.434171e+01,8.684676e+00,2.320631e+01,3.156927e+00,-1.232312e+00,-2.147081e+00,4.011825e+00
1.439272e+01,1.507496e+01,2.217568e+01,-2.216551e-01,-2.400847e-01,1.565261e-01,3.623149e-01
1.463444e+01,8.921905e+00,2.207832e+01,1.043239e+00,-2.300704e+00,1.741801e-02,2.526240e+00
1.530678e+01,1.257525e+01,2.238698e+01,-8.594191e-01,7.877230e-01,-1.340921e+00,1.776845e+00
1.345646e+01,9.166418e+00,2.345628e+01,1.204608e+00,8.322020e-01,1.053983e+00,1.804028e+00
1.455753e+01,9.027752e+00,2.021115e+01,-1.363772e-01,1.842250e-01,-1.260380e+00,1.281052e+00
1.369219e+01,8.864916e+00,2.134229e+01,-8.687936e-01,-7.789913e-01,-9.762455e-01,1.521409e+00
1.743513e+01,1.094079e+01,1.940579e+01,5.898822e-01,-7.735041e-01,-4.424571e-01,1.068662e+00
1.453920e+01,7.326016e+00,4.484391e-01,4.944758e-01,-1.790287e+00,-1.147903e+00,2.183418e+00
1.856893e+01,1.144931e+01,2.250704e+01,1.320093e+00,4.863431e-01,1.713051e-01,1.417223e+00
1.546138e+01,1.211303e+01,2.154501e+01,4.993686e-01,-9.393526e-01,-2.077295e-01,1.083930e+00
1.604562e+01,1.121497e+01,1.850230e+01,-5.309428e-01,-1.041607e-01,-2.976495e-01,6.175313e-01
1.715826e+01,8.091994e+00,2.353058e+01,-4.152702e-01,9.253596e-01,1.330159e+00,1.672741e+00
1.745063e+01,1.171038e+01,2.240215e+01,1.072841e+00,4.965804e-01,-3.344472e-01,1.228590e+00
1.438498e+01,9.695885e+00,2.110998e+01,8.394070e-01,4.767831e-01,-6.953038e-01,1.189695e+00
2.104088e+01,1.343376e+01,2.268367e+01,4.593340e-01,3.405684e-01,8.725601e-01,1.043233e+00
1.723305e+01,1.314884e+01,2.117138e+01,-9.228299e-01,-1.734619e+00,-1.300537e+00,2.356250e+00
1.963242e+01,7.053429e+00,2.240612e+01,1.025351e+00,-1.445575e+00,1.372101e+00,2.241359e+00
2.061335e+01,8.115052e+00,2.153981e+01,1.655256e+00,1.918563e+00,-9.074112e-01,2.691496e+00
2.333315e+01,1.358609e+01,1.894212e+01,1.046506e+00,1.036037e+00,-1.795068e+00,2.321813e+00
1.620291e+01,8.409558e+00,2.089101e+01,2.881654e-01,-1.552555e+00,-3.052962e-01,1.608314e+00
9.236898e-01,9.765525e+00,1.921283e+01,-1.098678e+00,-1.462271e-01,1.417963e-01,1.117400e+00
2.278826e+01,9.058302e+00,1.891665e+01,-7.016190e-01,1.448443e-02,-5.374972e-01,8.839583e-01
1.980654e+01,1.141213e+01,1.773384e+01,-3.638333e-01,1.771187e+00,1.531091e-01,1.814641e+00
5.543088e-01,9.695144e+00,1.829876e+01,1.993662e+00,-4.895507e-01,-2.419118e-01,2.067092e+00
3.560204e+00,1.161978e+01,5.610092e-01,8.682507e-01,1.283163e+00,-3.358903e-01,1.585304e+00
2.244784e+01,1.263814e+01,2.160680e+01,-8.428149e-01,6.261782e-01,-6.088180e-01,1.213711e+00
2.142930e+01,9.614522e+00,2.133739e+01,7.267464e-01,-2.631435e-02,8.997384e-01,1.156885e+00
1.461181e+00,1.056991e+01,2.091781e+01,1.555298e-01,-6.366142e-01,-2.835833e-01,7.140635e-01
1.426929e+00,1.203974e+01,1.797390e+01,-1.152908e+00,-2.328733e-02,4.722123e-01,1.246084e+00
2.813055e+00,1.222440e+01,2.090219e+01,-1.879327e-01,-7.149551e-01,-5.518987e-01,9.225355e-01
1.873087e+00,1.203524e+01,2.137260e-01,7.476763e-01,3.543393e-01,-5.292046e-02,8.290819e-01
2.314096e+00,1.138856e+01,1.728115e+01,-6.014420e-01,-3.939049e-01,9.744640e-01,1.210980e+00
1.786026e+00,1.166206e+01,1.889319e+01,-4.566181e-01,-7.934541e-01,1.546337e+00,1.797005e+00
4.240952e+00,1.373961e+01,2.064187e+01,-1.257607e+00,-2.214040e-01,-8.855618e-01,1.553967e+00
2.376243e+01,1.501739e+01,2.916127e-01,1.729285e-01,-8.249943e-01,2.188518e-01,8.708708e-01
4.731762e+00,1.299947e+01,1.819120e+01,-1.425676e+00,4.098246e-01,3.344376e-01,1.520644e+00
4.796044e+00,1.258959e+01,2.035681e+01,-2.021992e-01,-1.116254e+00,9.570940e-02,1.138449e+00
7.205574e+00,1.369313e+01,2.138366e+01,7.233259e-01,3.785611e-01,9.179523e-01,1.228473e+00
4.383236e+00,1.623807e+01,2.033988e+01,-1.419880e+00,1.155660e-02,3.685729e-01,1.466983e+00
7.215679e+00,1.354115e+01,2.316060e+01,7.269367e-02,4.597320e-01,3.557486e-01,5.858285e-01
5.449606e+00,1.182366e+01,2.105247e-02,-3.421562e-01,1.454604e+00,5.399046e-01,1.588849e+00
1.056438e+01,8.541988e+00,2.240551e+01,1.048170e-01,-1.584442e+00,-5.201979e-01,1.670943e+00
4.921995e+00,1.652737e+01,1.864746e+01,3.787402e-01,-3.298092e-01,7.805628e-01,9.281683e-01
7.481582e+00,1.303082e+01,2.222554e+01,6.199473e-01,-2.295023e+00,1.686019e+00,2.914469e+00
1.058105e+01,1.683436e+01,2.047363e+01,-8.901266e-01,-2.316221e-01,1.011000e+00,1.366783e+00
8.210532e+00,1.284818e+01,1.781491e+01,7.172978e-01,3.563420e-01,-2.230575e+00,2.370013e+00
6.194513e+00,1.253209e+01,2.503572e-01,4.773588e-01,-4.421542e-01,8.142119e-01,1.042263e+00
1.084499e+01,1.158356e+01,2.090914e+01,-6.961194e-01,-1.896056e-01,6.379678e-01,9.630864e-01
1.057703e+01,1.234520e+01,2.217395e+01,-1.120271e+00,1.570755e-01,-8.051662e-01,1.388515e+00
1.528945e+01,1.451899e+01,2.169596e+01,1.953227e-01,1.176724e+00,-1.694854e+00,2.072525e+00
9.318957e+00,1.514629e+01,2.024671e+01,6.542212e-01,-1.568990e-01,-6.648682e-01,9.458712e-01
1.174809e+01,1.230599e+01,2.177287e+01,3.144136e-01,4.283652e-01,-1.153646e+00,1.270139e+00
9.994946e+00,1.590654e+01,2.014946e+01,1.903187e-01,-1.870231e+00,2.704492e-01,1.899244e+00
1.441908e+01,1.072986e+01,9.502355e-01,-1.543108e+00,4.072364e-02,-9.680445e-01,1.822073e+00
1.085962e+01,1.583941e+01,2.069842e+01,-2.606621e+00,5.530400e-01,-2.042153e-01,2.672458e+00
1.211176e+01,1.424207e+01,2.060805e+01,-4.141650e-01,-1.251852e+00,5.060070e-01,1.412342e+00
1.299281e+01,1.199615e+01,2.373197e+01,1.106469e+00,4.385785e-01,1.316222e+00,1.774561e+00
1.531156e+01,1.343147e+01,2.163403e+01,1.825789e-01,1.265131e+00,-5.256393e-01,1.382096e+00
9.964506e+00,1.357260e+01,2.309366e+01,1.377590e-01,-7.566003e-01,1.394005e+00,1.592065e+00
1.445532e+01,1.288395e+01,2.111640e+01,1.625516e+00,-5.780404e-01,-1.310274e+00,2.166391e+00
1.325590e+01,1.458093e+01,1.913828e+01,1.264025e-01,-1.269957e+00,-1.791978e+00,2.199989e+00
1.673936e+01,9.261075e+00,2.364669e+01,4.901964e-01,-1.368288e+00,2.941038e-01,1.482903e+00
1.292380e+01,1.399398e+01,2.131144e+01,-6.665874e-01,-3.934389e-02,8.492525e-01,1.080332e+00
1.596373e+01,1.186423e+01,1.943279e+01,1.022676e+00,-1.113498e-01,3.653315e-01,1.091665e+00
1.851738e+01,1.401561e+01,1.928634e+01,-3.296329e-01,6.696796e-01,1.089512e+00,1.320669e+00
1.704847e+01,1.287673e+01,1.986227e+01,-6.124085e-01,1.134392e+00,-1.827180e-01,1.302027e+00
1.775942e+01,1.375872e+01,1.985995e+01,-2.378519e-01,-1.007565e+00,-7.420211e-01,1.273717e+00
1.811436e+01,1.049495e+01,2.099714e+01,1.950898e+00,3.648718e-01,3.145106e-01,2.009490e+00
1.933619e+01,1.108763e+01,1.939196e+01,-4.675374e-01,9.035207e-01,5.029887e-01,1.134874e+00
1.659804e+01,1.198291e+01,2.136940e+01,-4.134162e-02,-8.454946e-01,-5.509972e-01,1.010034e+00
1.873869e+01,1.311320e+01,1.988292e+01,3.623019e-01,-1.894856e-01,-3.679790e-01,5.500691e-01
1.940103e+01,7.909349e+00,2.154243e+01,-2.372630e+00,5.310954e-01,1.935411e-01,2.439036e+00
2.268816e+01,1.156664e+01,2.138037e+01,-1.127745e+00,1.986277e-01,-4.890917e-01,1.245180e+00
2.008583e+01,1.092474e+01,1.862382e+01,1.844599e+00,1.316158e+00,-2.186532e-01,2.276538e+00
2.135257e+01,1.408598e+01,2.187449e+01,1.389250e+00,-8.152892e-01,-9.076661e-01,1.848937e+00
2.393304e+01,1.041732e+01,2.011547e+01,2.365278e-01,7.114061e-01,3.083470e-01,8.106306e-01
2.303819e+01,1.002845e+01,1.989282e+01,6.982150e-01,-1.187909e+00,4.722445e-01,1.456587e+00
2.016429e+01,1.025305e+01,2.168569e+01,-1.099506e-01,-4.130404e-01,-3.509928e-01,5.530710e-01
2.283966e+01,1.253730e+01,1.977637e+01,6.976051e-01,-1.456802e+00,-1.109532e+00,1.959588e+00
2.389294e+01,1.513976e+01,1.996024e+01,1.585557e+00,1.131841e+00,-7.483135e-02,1.949527e+00
2.380359e+01,1.524770e+01,2.144492e+01,-4.162969e-01,-2.722645e-01,5.766294e-01,7.615331e-01
2.385634e+01,1.049453e+01,1.878748e+01,8.613617e-01,-4.433915e-01,-1.089002e+00,1.457555e+00
1.165983e+00,1.264474e+01,2.162098e+01,7.761815e-02,-7.659928e-01,7.097762e-01,1.047164e+00
3.877588e+00,1.009636e+01,1.736855e+01,-2.469822e-01,-4.753740e-01,-7.258685e-01,9.021451e-01
2.156261e+00,1.440403e+01,1.937783e+01,-7.817392e-01,-1.375389e+00,5.080127e-01,1.661592e+00
7.326829e-02,1.500277e+01,2.082967e+00,-9.654619e-01,1.410356e-01,1.154598e+00,1.511656e+00
3.736313e+00,1.456037e+01,2.162541e+01,6.938999e-01,1.009413e+00,8.928481e-02,1.228163e+00
4.007409e+00,1.217817e+01,1.948637e+01,-8.904775e-02,-1.395912e+00,4.522420e-01,1.470042e+00
2.149042e-01,1.359803e+01,2.009721e+01,8.697597e-01,4.485165e-01,-1.415217e+00,1.720607e+00
1.457419e+00,1.173306e+01,2.239852e+01,-5.417335e-01,-9.865587e-02,6.941131e-01,8.860029e-01
7.408872e+00,1.603418e+01,2.347523e+01,1.617399e+00,-5.506172e-02,6.333084e-01,1.737841e+00
2.983962e+00,1.407240e+01,1.978660e+01,-1.792760e-01,-1.977044e-01,-2.418767e-01,3.601822e-01
5.185089e+00,1.657268e+01,2.112328e+01,-4.626951e-01,-2.719394e-01,-1.426889e+00,1.524483e+00
4.815949e+00,1.428714e+01,2.178599e+01,6.083341e-02,-1.394619e+00,4.492474e-01,1.466454e+00
3.474831e+00,1.823854e+01,1.592997e+00,-2.015680e+00,8.275158e-01,1.724362e+00,2.778699e+00
5.816681e+00,1.613603e+01,2.198319e+01,1.171830e+00,6.773002e-01,1.549471e+00,2.057373e+00
5.364414e+00,1.655941e+01,2.309227e+01,1.971026e-01,1.119932e+00,8.226891e-01,1.403536e+00
5.703885e+00,1.559778e+01,2.291942e+01,9.165223e-01,-2.172663e-01,1.219819e+00,1.541161e+00
2.991869e+00,1.420225e+01,2.091450e+01,3.017342e-01,-1.315244e+00,-8.900553e-01,1.616512e+00
8.263418e+00,1.406064e+01,2.197898e+01,5.743931e-02,1.139591e+00,1.271194e+00,1.708187e+00
5.098324e+00,1.107086e+01,2.151913e+01,-6.111609e-01,1.972756e-01,-1.788438e-01,6.666486e-01
7.209228e+00,1.263019e+01,2.392335e+01,-2.044394e+00,-7.099151e-02,-7.873947e-01,2.191934e+00
6.530730e+00,1.190246e+01,2.079802e+01,-1.492610e+00,-7.860408e-01,7.541313e-02,1.688619e+00
1.123346e+01,1.392382e+01,1.824992e+01,-4.280127e-01,-7.164586e-01,-9.226427e-01,1.244097e+00
7.929481e+00,1.499697e+01,2.155686e+01,5.773159e-02,4.439634e-01,-1.164977e+00,1.248041e+00
9.726279e+00,1.847150e+01,2.035707e+01,3.902927e-01,7.973078e-01,4.649890e-01,1.002119e+00
9.834360e+00,1.304250e+01,2.220567e+01,-3.401684e-01,-7.680729e-01,1.006582e+00,1.311052e+00
1.571429e+01,1.612023e+01,1.915168e+01,-1.121430e+00,4.912125e-05,5.611773e-01,1.254004e+00
1.190084e+01,1.116327e+01,2.129833e+01,1.176021e+00,-4.249353e-01,-2.674180e-01,1.278713e+00
8.794218e+00,1.265308e+01,2.199775e+01,1.608762e-01,6.626327e-01,-5.826602e-01,8.969148e-01
1.155380e+01,1.479520e+01,2.137277e+01,-1.736632e+00,5.577872e-01,2.232290e+00,2.882731e+00
1.258477e+01,1.490714e+01,2.212272e+01,-8.346596e-01,4.356690e-01,-1.612993e+00,1.867675e+00
1.664690e+01,1.592638e+01,2.137328e+01,6.356775e-01,1.035091e+00,-1.421776e+00,1.870012e+00
1.341273e+01,1.315642e+01,2.063866e+01,-1.638647e+00,1.731455e+00,-1.716024e-01,2.390093e+00
1.373050e+01,1.094455e+01,2.201697e+01,3.121198e-01,1.619540e-01,9.426626e-01,1.006112e+00
1.694914e+01,1.424694e+01,2.280179e+01,5.252645e-02,-5.669459e-01,1.094933e+00,1.234125e+00
1.332496e+01,1.563510e+01,2.059355e+01,1.209092e-01,-4.500851e-01,5.141814e-01,6.939583e-01
1.421533e+01,1.401518e+01,2.167358e+01,-4.674879e-01,2.408468e-01,5.851317e-01,7.867219e-01
1.453553e+01,1.815585e+01,2.184531e+01,-7.596810e-01,1.053498e+00,9.689992e-01,1.620473e+00
1.686457e+01,1.600101e+01,2.255262e+01,-1.641415e+00,-4.717730e-01,2.119472e+00,2.721943e+00
1.659719e+01,1.542922e+01,2.028924e+01,1.129693e-01,1.222892e+00,1.528850e-01,1.237579e+00
1.866936e+01,1.217633e+01,2.030672e+01,3.249029e-01,1.209180e+00,5.675661e-01,1.374704e+00
1.621671e+01,1.481433e+01,2.105081e+01,1.100668e+00,6.877757e-01,-6.412100e-01,1.447638e+00
1.753570e+01,1.457161e+01,1.929607e+01,1.751954e+00,1.610622e-01,-7.687959e-01,1.919982e+00
1.999435e+01,1.191011e+01,2.014008e+01,6.521620e-01,6.342199e-01,-9.411052e-01,1.308904e+00
2.048793e+01,1.182582e+01,1.850859e+01,1.247490e+00,-1.865143e+00,-1.017707e+00,2.463883e+00
1.641988e+01,1.693323e+01,2.208906e+01,-3.000382e-01,-9.549295e-01,-1.429639e+00,1.745217e+00
2.235124e+01,1.520926e+01,2.000754e+01,9.788264e-01,1.692290e+00,-2.142562e-01,1.966686e+00
2.032414e+01,1.355076e+01,1.748605e+01,7.100848e-01,1.152787e+00,-7.626894e-03,1.353956e+00
2.142362e+01,1.482894e+01,1.826023e+01,4.928896e-01,-1.656034e+00,9.909164e-01,1.991809e+00
1.796659e+01,1.057779e+01,2.225455e+01,1.034723e+00,-1.355033e+00,-1.934152e+00,2.578315e+00
2.140857e+01,1.286478e+01,2.142024e+01,-1.613922e+00,1.208533e+00,-8.210485e-01,2.177020e+00
1.975069e+01,1.544603e+01,2.047333e+01,-3.215307e-01,4.264951e-01,9.782920e-01,1.114601e+00
9.006024e-01,1.387007e+01,2.112320e+01,-1.067662e+00,-7.133716e-02,3.508660e-01,1.126098e+00
1.930076e+01,1.339618e+01,2.149025e+01,5.993399e-01,-2.186650e+00,-1.051189e+00,2.499128e+00
2.261205e+01,1.495196e+01,2.318481e+01,6.085190e-01,3.915636e-01,1.703207e-02,7.238145e-01
2.365068e+01,1.691140e+01,2.118612e+01,1.043570e+00,7.575513e-01,8.587967e-01,1.549340e+00
3.163626e+00,1.611855e+01,2.024895e+01,3.063053e-02,-1.665738e-01,6.362061e-01,6.583641e-01
1.252971e-01,1.400706e+01,1.890469e-01,1.609086e+00,-4.017353e-01,-4.772791e-01,1.725788e+00
1.107779e+00,1.443037e+01,1.968077e+01,1.965913e+00,-3.931012e-01,-6.298200e-01,2.101432e+00
6.679928e-01,1.793498e+01,2.068618e+01,-2.238014e+00,4.420661e-01,1.708935e-01,2.287648e+00
7.839466e+00,1.634657e+01,2.082356e+01,-1.647328e+00,1.660689e-01,8.076403e-01,1.842159e+00
2.191212e+00,1.694388e+01,2.283271e+01,-8.138128e-02,-1.782534e+00,1.461099e+00,2.306266e+00
2.801990e+00,1.623820e+01,2.163280e+01,8.349626e-01,-2.190374e+00,1.318304e+00,2.689391e+00
5.590373e+00,1.523497e+01,1.878313e+01,6.425319e-01,-1.408806e+00,-1.077208e+00,1.886255e+00
1.393804e+00,1.688565e+01,1.951875e+01,-1.855078e+00,1.893229e+00,-1.514384e+00,3.052702e+00
2.331382e+01,1.926175e+01,1.913834e+01,1.754523e-01,6.101236e-01,-1.089524e+00,1.260990e+00
6.663910e+00,1.242347e+01,2.197340e+01,-2.405941e-01,-1.252910e+00,-8.216496e-01,1.517490e+00
2.673408e-01,1.694945e+01,2.250017e+01,-8.749630e-01,1.681529e+00,6.638464e-01,2.008431e+00
4.755012e+00,1.851269e+01,2.321052e+01,-1.664891e+00,-1.527258e+00,-9.729379e-01,2.459876e+00
1.494095e+00,2.002663e+01,2.281625e+01,1.042580e-02,-2.087227e+00,4.732143e-01,2.140223e+00
6.441122e+00,1.680838e+01,2.282851e+01,-7.696666e-01,1.258137e+00,2.454890e-01,1.495179e+00
7.353160e+00,1.739816e+01,2.279602e+01,-9.563453e-02,5.229471e-01,2.440857e-01,5.849765e-01
7.091179e+00,1.568230e+01,4.325957e-01,-5.095188e-01,4.049865e-01,5.055339e-01,8.241287e-01
8.617271e+00,1.584505e+01,2.156541e+01,-4.487428e-01,-1.473363e+00,-6.375090e-01,1.666909e+00
6.399019e+00,1.533566e+01,2.184050e+01,7.569472e-01,-3.391777e-01,-9.467379e-03,8.295180e-01
9.593676e+00,1.469651e+01,1.792540e+01,4.479595e-01,-2.165753e-01,1.384894e-02,4.977593e-01
8.498604e+00,1.714220e+01,2.252822e+01,9.927397e-01,2.852422e-01,-3.989066e-01,1.107259e+00
9.937454e+00,1.964148e+01,1.909712e+01,-2.255998e-01,-1.778315e-01,3.936517e-01,4.873202e-01
6.533664e+00,1.303327e+01,2.070152e+01,-1.478501e+00,-9.736257e-01,-8.590317e-01,1.967701e+00
1.104836e+01,1.569653e+01,1.963857e+01,8.138513e-01,4.521585e-01,-5.990800e-01,1.107113e+00
8.260503e+00,1.520377e+01,2.341337e+01,6.630816e-01,-6.711972e-01,6.921586e-01,1.170157e+00
1.000834e+01,1.490719e+01,2.106798e+01,-4.356456e-01,-7.902743e-01,1.698634e-02,9.025570e-01
1.303965e+01,1.473262e+01,2.051462e+01,-5.987225e-01,4.736310e-01,-1.096931e+00,1.336432e+00
1.244882e+01,1.662229e+01,2.064010e+01,6.548005e-02,-2.075385e-01,4.997009e-01,5.450329e-01
1.127901e+01,1.625954e+01,2.205021e+01,3.464732e-01,4.542894e-01,-7.474029e-01,9.407623e-01
1.451623e+01,1.416043e+01,2.277743e+01,5.042181e-01,7.920243e-01,-3.775872e-01,1.011983e+00
1.192196e+01,1.538028e+01,2.310182e+01,9.254700e-01,5.667718e-01,-3.883629e-01,1.152628e+00
1.386160e+01,1.644186e+01,1.913693e+01,6.845198e-01,2.933087e-01,2.612875e+00,2.716931e+00
1.323569e+01,1.643361e+01,2.143072e+01,-1.271528e+00,-9.373426e-01,1.977569e-01,1.592012e+00
1.096973e+01,1.637899e+01,1.886117e+01,1.211076e-01,-1.662781e+00,-1.081584e+00,1.987293e+00
1.298966e+01,1.522259e+01,2.315218e+01,-3.728851e-01,-1.713226e-01,4.178152e-02,4.124808e-01
1.437670e+01,1.514847e+01,2.075764e+01,-6.615401e-01,3.138149e-01,9.781900e-01,1.221872e+00
1.464269e+01,1.637208e+01,2.065602e+01,-9.479489e-01,7.116025e-01,6.037752e-01,1.330237e+00
1.699014e+01,1.800642e+01,2.227756e+01,-1.544547e+00,-1.353642e-01,4.335780e-01,1.609950e+00
1.751357e+01,1.831998e+01,2.110418e+01,-1.406269e-01,-8.035136e-01,-1.567042e+00,1.766644e+00
1.738880e+01,1.515036e+01,2.264098e+01,1.698018e+00,7.206355e-01,1.445009e+00,2.343210e+00
1.542436e+01,1.542043e+01,2.094284e+01,1.344320e+00,-5.089021e-01,-8.761089e-01,1.683373e+00
1.927124e+01,1.518866e+01,1.956147e+01,-1.881332e+00,3.772080e-01,1.269495e+00,2.300720e+00
2.189941e+01,1.454931e+01,2.087561e+01,9.747142e-01,5.869616e-01,-5.245949e-01,1.252913e+00
1.845323e+01,1.721280e+01,2.311552e+01,-5.139178e-02,6.454110e-01,2.072540e-01,6.798166e-01
2.043086e+01,1.436738e+01,2.232633e+01,8.630638e-01,-1.948443e-01,8.611753e-01,1.234693e+00
2.105076e+01,1.683802e+01,1.873610e+01,-1.814792e+00,1.377606e+00,-3.119004e-01,2.299685e+00
2.209479e+01,1.609615e+01,2.319979e+01,-2.118834e-01,-1.919670e+00,-1.889140e-02,1.931420e+00
2.146779e+01,1.504330e+01,2.175812e+01,-1.400663e+00,-3.729977e-01,-8.114410e-01,1.661150e+00
1.966549e+01,1.204666e+01,2.269735e+01,4.706331e-01,6.746900e-01,6.247046e-01,1.032937e+00
1.971282e+01,1.504163e+01,2.241675e+01,-7.992405e-02,-5.764671e-01,9.648348e-01,1.126769e+00
1.739658e+00,1.640762e+01,2.201950e+01,-1.314963e-01,-1.127873e+00,3.575643e-01,1.190479e+00
2.389891e+01,1.735132e+01,1.895257e+01,1.560832e+00,3.103521e-01,1.132096e+00,1.952986e+00
1.103109e+00,1.615761e+01,2.091652e+01,-4.472141e-01,-4.652956e-01,-1.076198e-01,6.542801e-01
2.201871e+01,1.685966e+01,2.156200e+01,1.179768e+00,1.033540e+00,-1.035428e+00,1.879407e+00
1.197986e+00,1.736404e+01,2.227403e+01,-1.254575e+00,-2.636496e-01,-1.140996e+00,1.716200e+00
3.360969e-01,1.923908e+01,1.967013e+01,4.761610e-01,-1.671854e-01,-6.453133e-01,8.192127e-01
7.234733e-02,1.693554e+01,2.351311e+01,7.449282e-01,7.792489e-01,8.969793e-01,1.402397e+00
2.315739e+01,1.598939e+01,2.147595e+01,-1.627822e+00,5.648406e-01,1.488701e-01,1.729454e+00
5.614091e-01,1.703269e+01,2.021693e+01,2.849868e-01,1.331437e+00,4.587359e-01,1.436795e+00
2.861772e+00,1.483637e+01,2.208260e+01,2.001312e+00,1.380543e-01,-1.850918e-01,2.014588e+00
1.324791e+00,1.401642e+01,1.798689e-01,-2.715448e-02,1.267721e+00,-8.405030e-01,1.521282e+00
1.696575e-01,2.234657e+01,2.032724e+01,7.391851e-01,5.016276e-01,-2.226618e+00,2.399135e+00
6.517840e+00,1.620011e+01,2.116380e+01,-2.243362e-01,3.727037e-01,-1.047382e+00,1.134127e+00
3.820111e+00,1.984873e+01,2.236973e+01,-3.408222e-01,6.270642e-01,-1.341269e+00,1.519332e+00
4.522456e+00,1.768577e+01,2.059382e+01,-4.344568e-01,-7.370376e-01,1.216164e+00,1.486954e+00
3.191690e+00,2.154893e+01,2.117716e+01,-3.920473e-01,-5.503974e-02,2.738393e-01,4.813714e-01
2.759610e+00,1.507446e+01,1.878888e+01,-7.692629e-01,-2.466586e+00,-2.279602e-01,2.593796e+00
6.976332e+00,1.681300e+01,1.950326e+01,5.996720e-01,3.454070e-01,6.193193e-01,9.286921e-01
3.610451e+00,1.784621e+01,2.115496e+01,2.366171e-01,1.178402e-01,-1.944664e+00,1.962547e+00
4.135287e+00,1.686550e+01,2.332538e+01,-1.153254e-01,4.931246e-01,1.387954e+00,1.477460e+00
6.086186e+00,1.610831e+01,2.386627e+01,-1.244347e+00,2.005409e-01,1.520104e+00,1.974673e+00
6.029868e+00,2.057874e+01,2.012557e+01,5.447920e-01,-1.563403e-01,-7.808787e-01,9.648897e-01
7.333269e+00,1.869656e+01,2.278011e+01,8.205573e-01,-1.437625e+00,-2.293801e-01,1.671136e+00
8.563729e+00,1.928223e+01,4.054448e+00,5.365089e-01,1.175389e+00,7.895544e-01,1.514192e+00
7.594503e+00,1.708996e+01,2.184593e+01,-1.611267e+00,1.546621e+00,3.138816e-01,2.255380e+00
9.569217e+00,2.192968e+01,2.274285e+01,3.772411e-01,1.899811e+00,-7.871278e-02,1.938502e+00
7.891477e+00,1.767156e+01,2.079616e+01,1.368278e+00,-3.527309e-01,7.516798e-01,1.600508e+00
7.939492e+00,1.844484e+01,2.159927e+01,5.417656e-01,-1.875886e+00,-1.390058e+00,2.396814e+00
9.547437e+00,1.698480e+01,2.052724e+01,9.268065e-01,-8.289749e-01,-2.464332e-02,1.243695e+00
8.506534e+00,1.527703e+01,1.951179e+01,-8.150540e-01,6.786776e-01,1.675144e-01,1.073768e+00
7.432200e+00,1.468831e+01,2.014041e+01,-1.959506e-02,-1.007877e+00,-5.409724e-01,1.144050e+00
5.134750e+00,2.048470e+01,2.367725e+01,-4.807941e-02,3.515629e+00,3.669938e-01,3.535059e+00
1.274149e+01,1.894673e+01,2.104557e+01,-4.002407e-01,6.412580e-01,-9.495128e-01,1.213663e+00
1.172296e+01,1.819818e+01,2.186384e+01,-4.934118e-01,-1.963110e-01,-1.915709e+00,1.987948e+00
1.503339e+01,1.753954e+01,2.099268e+01,1.421244e+00,-1.519927e-01,9.720775e-01,1.728575e+00
9.879803e+00,1.961061e+01,1.793535e+01,-8.377726e-01,1.269318e+00,1.147202e-01,1.525185e+00
1.119175e+01,1.755239e+01,1.889011e+01,1.426613e+00,-1.688690e-01,-9.383426e-01,1.715875e+00
1.190259e+01,1.762563e+01,2.380157e+01,1.750853e+00,-1.451538e+00,-1.536576e+00,2.744725e+00
1.734813e+01,1.892129e+01,2.256425e+01,-4.003752e-01,-7.589591e-02,-5.276980e-01,6.667276e-01
1.491346e+01,1.704088e+01,1.994757e+01,4.928780e-01,-1.770952e+00,1.522177e+00,2.386676e+00
1.597139e+01,1.713044e+01,1.931217e+01,-4.762478e-01,1.801312e+00,-2.601793e-01,1.881284e+00
1.619664e+01,1.432327e+01,2.343528e+01,-7.336494e-02,-2.285255e+00,-1.389278e+00,2.675419e+00
1.314833e+01,1.682216e+01,2.252691e+01,-1.365769e+00,-5.859206e-02,4.008949e-02,1.367613e+00
1.525456e+01,1.667017e+01,2.161936e+01,-4.641820e-01,-2.156939e-01,-5.778988e-02,5.151005e-01
1.815163e+01,1.839053e+01,2.016332e+01,9.988553e-01,8.358451e-01,3.599008e-01,1.351250e+00
2.015491e+01,1.439241e+01,2.389646e+01,-1.986341e+00,-1.649240e+00,5.595446e-01,2.641710e+00
2.038007e+01,1.763303e+01,2.341489e+01,7.195999e-01,-2.447036e-01,2.591166e-01,8.030225e-01
1.461852e+01,1.847463e+01,4.216596e-01,-5.663189e-01,1.156812e+00,1.260231e+00,1.801975e+00
1.939213e+01,1.685583e+01,2.345008e+01,4.374921e-01,-1.336371e+00,5.746747e-01,1.519058e+00
2.299017e+01,1.870462e+01,1.998324e+01,1.693385e-01,2.079557e-01,3.035851e-01,4.050741e-01
1.799697e+01,1.469093e+01,2.347329e+01,2.607829e-01,1.586445e+00,-8.325709e-01,1.810522e+00
1.994577e+01,1.652550e+01,2.164372e+01,1.953122e-01,1.341440e+00,-2.765797e-01,1.383512e+00
2.083640e+01,1.855083e+01,1.995582e+01,-5.600421e-01,-5.048497e-01,-1.994084e+00,2.131875e+00
2.280509e+01,1.844189e+01,1.891193e+01,-7.087400e-01,-7.269615e-01,-4.137803e-01,1.096357e+00
2.129865e+01,1.685230e+01,2.085473e+01,4.919034e-01,-4.710144e-01,5.598508e-01,8.816214e-01
1.901814e+01,1.752715e+01,2.226714e+01,8.022444e-01,2.538871e-01,-2.248085e+00,2.400404e+00
1.213456e+00,1.643407e+01,2.291361e+01,3.705702e-01,-1.519749e+00,1.767877e+00,2.360582e+00
2.296465e+01,1.531943e+01,1.918705e+01,7.407444e-01,5.010008e-01,2.062354e-01,9.177347e-01
1.922335e+00,1.525200e+01,2.162525e+01,4.966059e-01,-1.328379e-01,-1.128732e-02,5.141894e-01
3.783173e-03,1.788025e+01,2.151401e+01,6.640957e-02,-7.422904e-01,6.110020e-01,9.637057e-01
2.379386e+01,1.897802e+01,2.067290e+01,6.605462e-01,-1.031024e+00,-3.245735e-01,1.266760e+00
2.189235e+01,2.008866e+01,2.063398e+01,-8.055554e-01,-9.270936e-01,5.934862e-01,1.364056e+00
5.325080e-01,1.836073e+01,1.859333e+01,7.537850e-01,1.655952e+00,7.699277e-01,1.975641e+00
2.338228e+01,1.899288e+01,2.070837e-01,-4.246997e-01,9.667731e-01,-1.551162e+00,1.876466e+00
3.311731e+00,2.245281e+01,1.995578e+01,4.445681e-01,-8.609319e-01,2.032488e-01,9.900276e-01
1.052168e+00,1.897979e+01,2.055692e+01,4.693918e-02,3.653041e-01,-1.026113e+00,1.090210e+00
3.080776e+00,1.888737e+01,2.187117e+01,-3.810230e-01,1.155879e-01,-3.863849e-01,5.548265e-01
2.350668e+01,1.998128e+01,1.988973e+01,2.778058e-01,2.254093e-02,-1.232831e+00,1.263945e+00
2.974281e+00,2.099095e+01,2.032627e+01,-9.406770e-01,-4.141155e-01,1.029557e+00,1.454769e+00
7.825778e+00,2.017439e+01,2.125678e+01,1.199162e+00,-2.483789e-01,1.839931e-01,1.238360e+00
4.898859e+00,1.754402e+01,2.280011e+01,7.867748e-01,8.638457e-01,1.483786e-01,1.177820e+00
2.505749e+00,2.083117e+01,1.923052e+01,1.650987e+00,-6.406649e-02,-1.896872e-01,1.663083e+00
5.788450e-01,2.035755e+01,2.236799e+01,-1.510305e-01,-1.552900e+00,-8.739866e-01,1.788340e+00
5.618219e+00,2.298962e+01,2.361097e+01,-6.416219e-01,-1.870683e-01,5.746845e-01,8.814395e-01
7.683629e+00,1.716311e+01,9.718002e-01,5.544418e-01,1.782462e+00,-1.927899e+00,2.683537e+00
5.164760e+00,2.225391e+01,1.967199e+01,3.120856e-01,-1.763891e-01,1.021597e+00,1.082668e+00
7.263771e+00,1.794711e+01,2.372565e+01,-1.552541e-01,7.705125e-01,5.540992e-01,9.616752e-01
8.524169e+00,1.915703e+01,2.351571e+01,1.014945e+00,1.371842e+00,-1.819789e+00,2.494734e+00
8.347566e+00,1.643897e+01,8.589791e-01,-8.745001e-01,-7.782124e-01,2.766623e-01,1.202874e+00
3.299639e+00,2.093147e+01,2.284539e+01,-2.296618e-01,-3.708700e-01,7.302230e-01,8.505967e-01
8.632266e+00,2.091330e+01,2.140323e+01,-1.076205e+00,-1.128745e+00,-1.371121e+00,2.076596e+00
7.057020e+00,2.212405e+01,2.151757e+01,4.242119e-01,-4.828964e-01,-9.881160e-01,1.178778e+00
4.813389e+00,1.897911e+01,2.309350e-01,9.458049e-02,-5.097392e-01,2.219530e-01,5.639527e-01
8.077035e+00,2.184972e+01,2.208180e+01,-5.771319e-01,4.525670e-01,6.369863e-01,9.714163e-01
7.383285e+00,1.936871e+01,2.188769e+01,3.344258e-01,-5.127506e-01,6.084146e-01,8.630887e-01
1.289659e+01,1.760731e+01,2.069613e+01,-1.383743e-01,-3.701734e-01,2.659194e-01,4.763286e-01
1.001358e+01,2.074219e+01,2.252133e+01,-1.458341e+00,-1.595978e+00,1.278516e-01,2.165699e+00
8.755817e+00,1.977910e+01,1.931280e+01,1.771831e+00,-3.778313e-01,-1.435535e+00,2.311471e+00
1.216491e+01,1.482320e+01,1.958828e+01,-2.434657e-01,-1.623680e+00,3.862487e-01,1.686654e+00
1.562744e+01,2.046397e+01,1.949178e+01,-9.483897e-01,-3.987392e-01,-1.414000e-01,1.038475e+00
1.331389e+01,1.940371e+01,1.889220e+01,-1.728712e-01,-4.487860e-01,-1.175049e-01,4.950765e-01
1.128215e+01,1.826085e+01,1.988625e+01,1.146176e+00,1.189466e+00,-4.628901e-01,1.715464e+00
1.125598e+01,2.097494e+01,1.782396e+01,-1.816335e-01,3.509305e-01,1.085450e+00,1.155139e+00
1.499036e+01,2.045116e+01,1.835360e+01,1.110383e+00,-6.734652e-01,5.520695e-01,1.411129e+00
1.303165e+01,1.829259e+01,1.919123e+01,5.502626e-01,1.344412e+00,-6.624210e-01,1.596570e+00
1.137506e+01,1.903529e+01,2.134875e+01,-1.780606e+00,-2.380867e-01,-9.932539e-01,2.052753e+00
1.526357e+01,1.855767e+01,2.243929e+01,1.935852e+00,4.850088e-01,-5.536947e-01,2.071070e+00
1.839446e+01,1.756559e+01,2.117063e+01,1.855734e+00,9.202194e-01,-2.944040e-01,2.092182e+00
1.193058e+01,1.837259e+01,2.077938e+01,2.121204e+00,-1.053070e+00,-1.272303e+00,2.688349e+00
1.258916e+01,2.065093e+01,2.208781e+01,-3.196965e+00,-1.895742e+00,1.744715e-01,3.720868e+00
2.015591e+01,1.816676e+01,1.925485e+01,-9.962782e-01,1.149118e+00,-6.873378e-01,1.668974e+00
1.907366e+01,2.159136e+01,2.098928e+01,3.307632e-01,-5.320018e-01,1.325511e+00,1.466087e+00
1.869711e+01,1.860024e+01,2.249679e+01,-7.419660e-01,-2.269684e-01,1.337719e+00,1.546454e+00
1.787893e+01,1.664769e+01,1.969263e+01,7.614727e-01,-2.196440e-01,-2.023403e-01,8.179399e-01
2.102680e+01,1.725071e+01,2.170344e+01,-2.287658e-01,1.451185e+00,6.806349e-01,1.619116e+00
2.369004e+01,1.790591e+01,2.042823e+01,1.707210e+00,-8.085695e-01,-9.662661e-01,2.121796e+00
1.804968e+01,1.785224e+01,2.230867e+01,-1.008782e+00,-2.521452e-01,-1.740670e-01,1.054285e+00
2.183612e+01,1.812567e+01,1.866821e+01,-8.082027e-01,-4.802358e-02,6.428235e-01,1.033789e+00
2.086044e+01,1.955158e+01,2.018222e+01,-3.651836e-01,7.483025e-01,-7.347329e-01,1.110472e+00
2.303087e+01,2.080392e+01,1.977605e+01,-4.536224e-01,7.394476e-01,-8.590911e-01,1.220899e+00
1.967958e+01,1.821762e+01,2.165960e+01,-1.108792e-01,-8.833408e-01,-8.396625e-01,1.223772e+00
2.172972e+01,1.872978e+01,2.101794e+01,3.097902e-01,6.465956e-01,7.563064e-02,7.209548e-01
4.011264e-01,1.877138e+01,1.761148e+01,4.008639e-03,3.908809e-01,-9.907170e-01,1.065047e+00
2.269224e+01,1.888918e+01,1.666294e+01,1.387469e+00,-4.653267e-01,3.761226e-01,1.510982e+00
1.395431e+00,2.242184e+01,2.246023e+01,2.063120e-01,-1.589974e+00,-5.988639e-01,1.711496e+00
2.244270e-01,2.074980e+01,1.797095e+01,1.112613e+00,1.846489e+00,-1.002181e-01,2.158118e+00
3.609208e-01,1.946969e+01,1.865059e+01,1.812149e+00,1.958102e+00,6.814697e-01,2.753625e+00
2.384281e+01,2.130406e+01,2.037765e+01,-1.064132e+00,1.100659e+00,3.150500e-01,1.563037e+00
2.223882e+01,2.339008e+01,1.989154e+01,-1.494283e+00,-4.844240e-01,1.286295e+00,2.030297e+00
2.008681e+01,1.863530e+01,1.832288e+01,-4.633207e-01,1.122850e-01,1.171671e+00,1.264945e+00
2.642287e+00,1.795077e+01,2.068901e+01,6.664156e-01,3.918352e-01,-6.600938e-01,1.016547e+00
3.651661e+00,2.373930e+01,1.881549e+01,-6.890096e-01,-6.643156e-01,-1.675334e-01,9.716567e-01
2.602818e+00,2.329302e+01,2.341479e+01,-1.022512e+00,-1.305850e+00,1.448213e+00,2.201839e+00
2.897892e+00,2.044123e+01,2.201251e+01,-5.377593e-01,-1.120402e+00,2.341847e-01,1.264646e+00
4.981031e+00,1.925236e+01,2.100833e+01,-1.356395e-01,-1.123831e+00,1.965741e-01,1.148928e+00
6.743846e+00,1.858307e+01,1.624833e+01,-6.553235e-02,9.371542e-01,-3.412673e-01,9.995078e-01
1.890961e+00,2.359754e+01,2.003225e+01,5.350811e-01,4.849133e-01,1.740812e-02,7.223266e-01
5.905293e+00,2.108547e+01,2.177723e+01,-5.055623e-01,-1.697708e-01,1.353855e-01,5.502223e-01
4.632741e+00,2.036260e+01,2.173336e+01,-2.122051e-01,5.721827e-01,1.279696e+00,1.417760e+00
7.316353e+00,2.198047e+01,2.039907e+01,-4.150710e-01,-3.570256e-01,3.791649e-02,5.488068e-01
2.694200e+00,1.740485e+01,2.155173e+01,-9.051471e-01,-4.943945e-01,-1.341792e+00,1.692372e+00
5.550160e+00,2.013280e+01,1.928802e+01,-1.388766e-01,4.354701e-02,2.941454e-01,3.281837e-01
6.967128e+00,1.921866e+01,1.863627e+01,-7.538688e-02,-2.568930e-01,7.692393e-01,8.144976e-01
8.061643e+00,2.010549e+01,1.667844e+01,1.720029e+00,-6.593890e-01,1.483306e+00,2.365057e+00
8.101885e+00,2.166423e+01,2.101032e+01,3.755262e-01,-1.989048e-01,-4.075518e-01,5.887967e-01
5.445656e+00,2.270007e+01,2.072924e+01,-1.385551e+00,-1.482363e-01,3.394320e-01,1.434203e+00
9.581932e+00,2.119877e+01,2.163750e+01,9.536227e-01,-1.109548e+00,-2.981667e-01,1.493116e+00
9.850835e+00,2.309691e+01,2.141729e+01,5.959108e-02,-1.417153e+00,3.566296e-01,1.462552e+00
1.315680e+01,1.916970e+01,2.297468e+01,-5.077076e-01,-5.349545e-01,-2.486532e-01,7.783134e-01
8.996107e+00,3.538281e-01,2.192598e+01,-1.370799e+00,3.756334e-01,-7.953603e-01,1.628738e+00
8.836855e+00,2.317287e+01,2.176829e+01,1.920152e+00,8.703021e-01,2.049679e+00,2.940339e+00
1.019131e+01,2.201320e-01,2.241797e+01,-4.403936e-01,2.435051e-01,7.278361e-01,8.848653e-01
9.409468e+00,2.012458e+01,2.155649e+01,2.577101e+00,6.404039e-01,-1.411649e+00,3.007377e+00
1.228026e+01,1.994833e+01,2.291762e+01,1.162572e+00,-7.721967e-03,-1.987166e-01,1.179459e+00
1.259227e+01,1.920734e+01,1.973694e+01,-1.498504e+00,1.203278e+00,-3.131728e-01,1.947169e+00
1.263907e+01,2.300834e+01,2.188676e+01,1.022011e+00,6.080506e-01,-2.625733e-01,1.217858e+00
1.337594e+01,2.197241e+01,2.051555e+01,-8.819269e-02,-2.327704e+00,9.533799e-01,2.516926e+00
1.450400e+01,2.269593e+01,2.230184e+01,5.233667e-01,-1.071282e+00,1.409551e+00,1.846183e+00
1.274011e+01,2.045100e+01,1.922674e+01,-1.586844e+00,-2.769929e-01,-9.756997e-01,1.883292e+00
1.795341e+01,1.808624e+01,2.339693e+01,7.222265e-01,5.706219e-01,1.119374e+00,1.449213e+00
1.366355e+01,2.219000e+01,2.185214e+01,9.115254e-01,1.303261e+00,-1.071714e+00,1.917795e+00
1.532812e+01,2.226985e+01,2.129228e+01,1.921483e-01,-8.741146e-02,1.130189e+00,1.149734e+00
1.276982e+01,2.140842e+01,2.125939e+01,2.624608e-01,-3.732762e-01,-1.012930e+00,1.110968e+00
1.287968e+01,2.014384e+01,2.055327e+01,8.925646e-01,1.757053e-01,2.988744e-01,9.575332e-01
1.593979e+01,2.061211e+01,2.062498e+01,-5.490793e-01,6.348287e-02,1.176520e+00,1.299891e+00
1.491231e+01,1.939623e+01,2.048591e+01,-2.183797e-01,-9.696912e-01,-1.223210e+00,1.576145e+00
1.462296e+01,2.053958e+01,1.703707e+01,5.652513e-02,1.992348e+00,-5.702975e-01,2.073135e+00
1.826687e+01,2.196454e+01,1.886774e+01,-2.149396e-01,1.381383e+00,-1.590080e+00,2.117256e+00
1.788155e+01,2.088250e+01,2.369394e+01,5.365672e-01,-6.135986e-02,-1.748372e+00,1.829884e+00
1.812645e+01,2.091628e+01,2.153700e+01,1.942985e+00,5.066804e-01,-4.317679e-01,2.053860e+00
1.918181e+01,1.875997e+01,1.774180e+01,1.712506e+00,7.344675e-01,-4.692100e-01,1.921530e+00
2.007345e+01,2.204093e+01,2.136205e+01,-5.610805e-01,9.811378e-02,-6.128314e-01,8.366600e-01
2.009288e+01,1.937448e+01,1.949575e+01,1.769631e-03,-8.359193e-01,-3.048834e-01,8.897854e-01
1.768858e+01,1.925514e+01,2.161105e+01,5.263316e-01,1.173409e+00,2.045379e+00,2.416090e+00
2.110514e+01,2.139097e+01,2.094640e+01,8.308756e-01,-4.839336e-01,-6.153935e-02,9.635004e-01
2.214611e+01,2.103469e+01,2.146986e+01,1.381201e+00,-1.115973e+00,-1.635396e+00,2.414049e+00
1.953644e+01,2.345950e+01,2.078414e+01,8.807761e-01,-2.042571e-01,-2.004049e-01,9.260937e-01
1.937395e+01,1.939867e+01,2.064356e+01,-8.272224e-01,-9.466012e-02,-9.135835e-01,1.236079e+00
1.907954e+01,2.225112e+01,2.023150e+01,8.073825e-01,-5.576837e-01,-4.871282e-01,1.095523e+00
9.813313e-01,2.119532e+01,2.058062e+01,1.065352e+00,7.983118e-01,-5.445091e-01,1.438321e+00
1.497861e+00,1.962020e+01,2.372369e+01,1.273906e+00,-1.131296e+00,-1.143107e+00,2.051673e+00
2.296076e+01,2.244886e+01,2.039746e+01,2.231545e-01,-2.286317e+00,1.304572e+00,2.641771e+00
3.972244e+00,2.157781e+01,2.051019e+01,2.090502e-01,3.462590e-01,-2.231848e+00,2.268203e+00
2.308575e+01,2.230564e+01,1.826383e+01,-3.907781e-01,-2.263186e-01,8.340136e-01,9.484231e-01
2.131536e+00,2.140339e+01,2.101449e+01,1.950160e-01,-5.217414e-01,2.121779e-01,5.960409e-01
2.382181e+01,5.273024e-02,2.200894e+01,-1.792316e-01,-1.612814e-01,2.998672e-01,3.847804e-01
1.452912e+00,2.211385e+01,2.051963e+01,2.140644e-01,-2.118075e-01,-9.394446e-02,3.154545e-01
2.596072e+00,4.931658e-01,2.037035e+01,-2.518564e-01,6.192232e-01,-9.932763e-01,1.197275e+00
4.521887e+00,2.227198e+01,2.257596e+01,-5.056704e-01,-1.278613e+00,9.384467e-01,1.664703e+00
1.782874e+00,2.124468e+01,2.000003e+01,6.183562e-01,-8.574369e-01,1.600795e-01,1.069200e+00
6.188055e+00,1.914201e-01,2.118596e+01,-8.513206e-01,1.058681e-01,9.850543e-01,1.306249e+00
6.085778e+00,1.974381e+01,1.847416e+01,-5.009998e-01,-6.742652e-01,-9.182727e-01,1.244532e+00
1.147603e+00,2.146364e+01,2.163067e+01,-5.438432e-01,6.565623e-01,-3.164232e-01,9.093752e-01
4.670406e+00,2.694047e+00,2.046392e+01,8.277959e-02,-8.914195e-01,2.467466e-01,9.286361e-01
2.224390e+00,2.086906e+01,2.289864e+01,2.743812e-01,-1.834939e-01,1.172099e-01,3.502760e-01
7.920018e+00,2.312602e+01,2.096325e+01,4.303373e-01,-1.464139e+00,-2.748502e-02,1.526319e+00
5.950154e+00,2.178499e+01,8.460680e-02,2.992841e-01,-8.264338e-01,-6.483100e-01,1.092186e+00
3.633552e+00,2.281573e+01,2.308922e+01,1.219577e-01,-1.667154e+00,-1.262802e+00,2.094981e+00
8.326766e+00,2.083308e+01,2.033614e+01,-3.803785e-01,-4.253175e-01,-6.065547e-01,8.327613e-01
6.027691e+00,2.352980e+01,1.899936e+01,7.203533e-01,-1.455480e+00,8.329356e-01,1.825134e+00
7.360969e+00,2.093871e+01,1.994364e+01,1.411197e+00,1.709491e+00,-1.009449e+00,2.435739e+00
6.258933e+00,2.170849e+01,1.981210e+01,-2.463353e-01,6.526438e-01,-9.405266e-01,1.170989e+00
1.126916e+01,1.990095e+01,1.610797e+01,5.468365e-01,1.129424e+00,1.624337e+00,2.052584e+00
9.514602e+00,3.896187e+00,2.055640e+01,-4.947204e-01,2.511877e-01,-7.331794e-01,9.194539e-01
8.796744e+00,2.096716e+01,2.245776e+01,1.343434e+00,1.227060e-01,1.988130e-01,1.363598e+00
1.046316e+01,1.523168e+00,2.043830e+01,-1.489450e+00,3.358497e-01,-1.697382e+00,2.283060e+00
8.733538e+00,1.601058e+00,2.077057e+01,1.298304e-01,-1.155312e+00,1.617398e+00,1.991878e+00
7.260648e+00,2.190908e+00,1.944510e+01,7.503948e-01,-1.619825e-01,1.159092e-01,7.763799e-01
1.329540e+01,2.029584e+01,2.277616e+01,2.202403e-01,-8.183698e-02,-4.434531e-01,5.018503e-01
9.968961e+00,2.216425e+01,2.178483e+01,-1.127882e+00,-2.918403e-01,-1.732302e+00,2.087620e+00
1.388707e+01,1.317508e+00,1.688439e+01,-1.036661e+00,4.581174e-01,3.951588e-01,1.200286e+00
9.808229e+00,2.383739e+01,1.915668e+01,-6.437859e-02,-7.439789e-01,6.566589e-01,9.944095e-01
1.195106e+01,2.207387e+01,2.318387e+01,-1.102724e+00,-6.194462e-02,-9.545590e-01,1.459802e+00
1.183777e+01,2.131599e+01,2.079781e+01,-1.093242e+00,1.559338e-01,5.923558e-01,1.253148e+00
1.074374e+01,2.186227e+01,2.120722e+01,1.190191e+00,-1.007583e+00,2.474449e+00,2.924838e+00
1.884724e+01,2.281261e+01,1.865335e+01,9.213428e-01,7.050851e-01,-1.208539e+00,1.675287e+00
1.870067e+01,1.990953e+01,2.141731e+01,1.003575e+00,1.292696e+00,-3.033348e-01,1.664403e+00
1.125787e+01,3.621633e+00,2.091270e+01,-1.120776e+00,3.602814e-01,3.906639e-01,1.240387e+00
1.391823e+01,2.095269e+01,1.974446e+01,-1.790483e+00,1.028776e+00,-3.467696e-01,2.093910e+00
1.732304e+01,1.064194e+00,1.958386e+01,1.212197e+00,4.315762e-01,-4.933445e-01,1.378067e+00
2.011189e+01,2.029423e+01,2.294107e+01,-1.450963e-01,-9.156499e-01,-7.958939e-01,1.221849e+00
1.364445e+01,2.089912e+01,2.083826e+01,5.473454e-02,-1.053248e+00,4.796132e-02,1.055759e+00
2.198755e+01,2.245395e+01,9.973337e-01,-2.295537e-02,1.130054e+00,2.861438e-01,1.165944e+00
1.917951e+01,2.039068e+01,2.225571e+01,-3.734243e-01,-2.343389e-01,-9.865896e-01,1.080611e+00
1.813901e+01,2.236021e+01,2.082369e+01,6.079372e-01,5.005587e-01,-1.193033e-01,7.964797e-01
1.587313e+01,2.114815e+01,2.159096e+01,9.157633e-01,1.209640e+00,6.757210e-01,1.660859e+00
1.950075e+01,2.351418e+01,1.813633e+01,-3.459079e-01,8.411382e-01,-6.012674e-01,1.090270e+00
1.916021e+01,1.831511e-01,1.725763e+01,2.060713e+00,-1.215207e-01,-5.982546e-01,2.149235e+00
1.807734e+01,2.386893e+01,2.131367e+01,4.664046e-01,8.592625e-01,5.672858e-01,1.130344e+00
2.172085e+01,1.591005e+00,1.941641e+01,-9.807665e-02,-3.394230e-01,-8.155011e-02,3.625981e-01
1.990505e+01,2.024422e+01,1.563530e+01,-7.391027e-01,-1.964429e+00,-7.321179e-02,2.100146e+00
2.135318e+01,2.329634e+01,1.921498e+01,-2.000202e+00,8.375822e-01,7.648800e-01,2.299433e+00
1.956551e+01,2.031680e+01,1.972963e+01,-2.086148e-01,4.083992e-01,1.963021e-01,4.988432e-01
1.911488e+01,2.365432e+01,2.177258e+01,3.638627e-01,2.032335e-01,-4.271203e-01,5.967677e-01
1.978343e+01,1.216951e+00,2.214193e+01,-1.743499e-01,-1.901681e+00,-1.556390e+00,2.463562e+00
2.309080e+01,2.227831e+01,1.723359e+01,1.291765e+00,1.764343e+00,-3.696765e-01,2.217707e+00
2.184402e+01,2.159530e+01,2.100066e-01,-3.995015e-01,-1.056613e-01,5.784173e-01,7.108673e-01
2.058334e+01,2.316409e+01,2.095915e+01,4.719690e-01,8.052221e-01,-1.462365e-01,9.447341e-01
1.340209e+00,6.695929e-01,2.065109e+01,2.352500e-01,-3.035039e-01,-1.010225e-01,3.970676e-01
2.541960e+00,1.732384e+00,2.193212e+01,-1.513631e+00,5.165905e-01,-3.288170e-01,1.632809e+00
3.240235e+00,2.373831e+01,2.267865e+01,4.051480e-01,1.944421e-01,-1.577377e-01,4.762707e-01
4.057368e-01,2.306333e+01,2.267041e+01,3.872785e-01,-6.837048e-01,2.497023e-01,8.244926e-01
5.560794e+00,2.276566e+00,2.179490e+01,-1.653651e+00,8.322139e-01,-2.633202e-01,1.869887e+00
4.090055e+00,1.329349e+00,1.079827e+00,-3.642280e-01,-4.389705e-01,8.459234e-01,1.020266e+00
2.539083e+00,2.284841e+01,2.221775e+01,1.729631e+00,-3.966618e-01,1.757241e-01,1.783211e+00
1.027727e+00,6.500229e-01,2.263199e+01,5.346872e-01,-4.325557e-01,1.613245e+00,1.753726e+00
4.515516e+00,2.345458e+01,2.224067e+01,5.953922e-02,5.306882e-01,4.208989e-01,6.799491e-01
3.782177e+00,5.439869e-02,2.166165e+01,7.020170e-01,-2.521211e-01,-1.389658e-01,7.587519e-01
4.244014e+00,8.397568e-01,2.225969e+01,3.294638e-01,-7.059879e-01,-2.723389e-01,8.253083e-01
2.682431e+00,7.677575e-01,1.815110e+01,-4.687508e-01,3.062175e-01,3.292392e-01,6.495344e-01
8.416872e+00,3.088953e+00,2.249559e+01,3.886195e-01,-6.336773e-01,-2.458598e+00,2.568517e+00
3.346743e+00,8.656687e-01,2.109141e+01,-1.655990e+00,4.522650e-01,-5.432176e-02,1.717497e+00
4.294702e+00,1.223496e-01,2.302623e+01,-1.117518e+00,8.897974e-01,-6.627171e-02,1.430027e+00
7.217741e+00,1.124052e+00,1.908422e+01,2.500716e-02,-2.443155e-01,3.400509e-01,4.194640e-01
5.242058e+00,2.330210e+01,1.955208e+01,8.066704e-01,1.200208e+00,1.045596e+00,1.784513e+00
7.484849e+00,3.211502e-03,2.278128e+01,2.225669e+00,-2.690933e-01,1.139410e+00,2.514810e+00
6.948294e+00,9.375801e-01,2.126758e+01,3.149812e-01,-4.331452e-01,-1.026573e+00,1.157878e+00
5.097173e+00,2.379100e+01,2.044611e+01,-2.572639e-01,-1.268033e+00,3.633806e-01,1.343927e+00
7.921076e+00,2.346967e+01,2.360192e+01,-4.485980e-01,-1.436810e+00,1.198294e+00,1.923947e+00
9.052955e+00,4.075327e+00,1.722099e+01,4.065522e-01,-8.319710e-01,1.550560e-01,9.388838e-01
9.212726e+00,2.047486e+00,2.176766e+01,5.006543e-01,7.968059e-01,-8.837280e-01,1.290941e+00
1.091077e+01,7.046877e-01,1.229890e+00,1.087412e+00,-7.869605e-01,3.716196e-01,1.392793e+00
8.205176e+00,1.298010e+00,2.300975e+01,1.082094e+00,-8.156798e-01,4.054932e-01,1.414456e+00
9.537157e+00,3.003432e+00,2.235969e+01,2.094681e-01,-9.711031e-02,8.976804e-02,2.477208e-01
1.137297e+01,7.767765e-01,2.549154e-01,3.201225e-01,-2.968668e-01,1.960076e-01,4.785680e-01
8.602705e+00,2.013824e+00,1.021217e+00,6.530117e-01,7.774102e-01,1.163556e-01,1.021924e+00
1.441973e+01,2.333433e+01,1.464260e+00,2.493098e-01,6.528707e-02,-2.220871e-01,3.402065e-01
1.321854e+01,2.367463e+01,2.301600e+01,4.709946e-01,-4.675985e-01,-4.325886e-01,7.922229e-01
1.354534e+01,2.361918e+01,1.856279e-01,-9.613615e-01,-1.133881e+00,5.576873e-01,1.587739e+00
1.229076e+01,3.228800e+00,2.134260e+01,1.285818e+00,6.849332e-01,2.326977e-01,1.475334e+00
1.162714e+01,2.273629e+01,4.299424e-02,-2.385764e-01,7.954997e-02,-3.435307e-01,4.257467e-01
1.412641e+01,2.082622e+00,1.938296e+01,-1.033433e+00,-1.725290e+00,1.230529e-01,2.014882e+00
1.705928e+01,2.223420e+01,2.044353e+01,-1.871452e-02,9.822282e-01,1.024128e+00,1.419141e+00
1.289219e+01,2.275040e+01,2.384727e+01,9.887348e-01,-7.242796e-01,5.854478e-01,1.358281e+00
1.333014e+01,2.264090e+01,2.280806e+01,1.657546e+00,1.414805e-01,-1.382883e-01,1.669311e+00
1.703044e+01,1.090072e+00,2.354585e+01,-9.928604e-01,6.088452e-01,1.008241e+00,1.540459e+00
1.514030e+01,2.243267e+01,1.390945e+00,-3.352929e-02,1.354637e+00,-1.103731e-01,1.359540e+00
1.435684e+01,2.303448e+01,2.523100e+00,1.154427e+00,6.686506e-01,-2.156213e-01,1.351402e+00
1.782595e+01,1.526165e+00,2.876949e-01,-5.507403e-01,-8.169788e-01,6.950958e-01,1.205789e+00
1.907694e+01,2.258079e+01,2.133618e+01,-3.286502e-01,8.539121e-01,-6.454787e-01,1.119741e+00
1.575719e+01,2.189131e-01,2.076499e+01,9.494845e-02,2.759566e-02,-1.079729e+00,1.084247e+00
1.523237e+01,2.253396e+01,3.433990e+00,2.211553e-01,-7.428298e-01,5.876532e-01,9.726469e-01
2.163031e+01,2.176755e+01,2.319894e+01,6.247091e-01,-1.063304e+00,-6.877827e-02,1.235155e+00
2.163963e+01,2.382991e+01,2.267871e+01,-8.246628e-01,7.585545e-01,1.023952e+00,1.517877e+00
1.742333e+01,2.317031e+01,2.014904e+01,1.155772e+00,-3.136745e-01,-2.126407e-02,1.197770e+00
1.984127e+01,2.338751e+01,2.391248e+01,-1.383171e+00,1.503151e+00,-7.561122e-01,2.178149e+00
1.975874e+01,1.120037e+00,2.079357e+01,-3.133418e-01,-1.758503e-01,4.116186e-01,5.463848e-01
2.002104e+01,2.300918e+01,2.191610e+01,1.565554e+00,-8.602777e-01,3.091422e-01,1.812900e+00
2.217897e+01,2.275628e+01,2.308478e+01,2.357187e-01,-4.800172e-01,-9.700322e-02,5.434974e-01
2.096387e+01,1.878910e+00,2.216380e+01,-1.533508e-01,7.723857e-01,5.434245e-01,9.567687e-01
2.218945e+01,2.205168e+01,2.222969e+01,-6.646113e-01,-1.447139e+00,-6.039036e-01,1.703121e+00
2.006540e+01,2.302726e+01,1.963863e+01,-1.781873e+00,-8.246245e-01,-1.682443e+00,2.585670e+00
2.261076e+01,2.321178e+01,7.833397e-01,-1.418245e+00,1.904354e+00,9.204987e-01,2.546625e+00
2.024253e+01,2.150923e+00,9.015087e-01,-2.496528e+00,1.065851e+00,-2.062884e-01,2.722361e+00
2.197365e+01,2.133981e+01,1.291179e+00,5.441112e-01,-1.396337e+00,7.492531e-01,1.675468e+00
2.298776e+01,2.860625e+00,1.130988e+00,-4.930667e-01,1.440319e+00,-6.859409e-01,1.669775e+00
2.454609e+00,2.788653e+00,2.157130e+01,4.208583e-01,1.542388e+00,1.470230e+00,2.172017e+00
1.966082e+00,2.651495e+00,2.290927e+01,-1.390134e+00,5.852950e-02,8.401072e-02,1.393899e+00
1.726493e+00,6.298209e-01,2.345861e+01,1.022760e-01,2.706732e-01,2.556190e-01,3.860899e-01
4.850635e+00,4.758642e+00,2.219927e+01,4.456462e-01,-4.042242e-01,-8.329263e-01,1.027504e+00
1.517339e+00,1.500040e+00,2.146606e+01,9.474830e-01,1.265031e+00,1.227988e+00,2.001495e+00
1.771690e+00,3.495987e+00,2.238317e+01,-1.181452e+00,-1.809326e+00,5.289990e-02,2.161548e+00
6.007743e-01,3.304383e+00,2.123102e+01,2.546069e+00,4.822112e-01,-9.129638e-02,2.592938e+00
8.257804e+00,2.930433e+00,1.709266e+01,1.133759e+00,-6.137902e-02,-1.283336e+00,1.713513e+00
4.725792e+00,2.983137e+00,2.146916e+01,1.216195e+00,8.267387e-01,-4.744098e-01,1.545216e+00
6.267454e+00,3.196229e+00,2.217248e+01,1.333461e+00,1.061418e+00,9.848773e-01,1.968428e+00
1.982162e+00,6.574035e-01,2.155818e+01,9.711496e-01,1.435077e+00,-9.356573e-01,1.969272e+00
7.416467e+00,1.330739e+00,2.026249e+01,3.214134e-01,-1.057458e-01,5.680439e-01,6.611828e-01
5.412432e+00,2.005207e+00,2.369793e+01,-7.826883e-01,-9.109114e-02,-6.522529e-01,1.022904e+00
6.075918e+00,1.552281e+00,1.917674e+01,-5.479846e-02,-3.777602e-01,-1.175815e+00,1.236223e+00
6.395284e+00,1.238842e+00,2.043555e+01,9.532966e-01,-1.882214e+00,1.087993e+00,2.373865e+00
8.837413e+00,2.064495e+00,1.633763e+01,5.017591e-01,8.681337e-01,-1.055904e-01,1.008250e+00
8.121213e+00,2.354592e+00,2.338708e+01,-1.005332e+00,-4.309728e-01,-1.828358e+00,2.130569e+00
8.786192e+00,4.724233e+00,2.341977e+01,3.940130e-01,8.179150e-01,-3.041611e-01,9.574681e-01
8.507191e+00,3.795991e+00,2.064333e+01,-4.723845e-01,1.322841e+00,1.999002e+00,2.443167e+00
7.728572e+00,4.064883e+00,1.671322e+01,9.134405e-01,4.827132e-01,-1.310389e+00,1.668684e+00
7.251212e+00,1.987586e+00,1.826588e+01,-3.279943e-01,-1.047153e+00,3.329161e-01,1.146710e+00
5.652430e+00,3.765738e+00,1.124559e+00,-1.325257e-01,-7.835174e-01,-4.056980e-01,8.922183e-01
9.763239e+00,3.542039e+00,1.793709e+01,-3.953191e-01,1.725254e-01,6.516499e-01,7.814664e-01
7.642037e+00,6.515922e+00,1.644046e+01,-2.943419e-02,2.084030e-01,-1.391727e+00,1.407552e+00
1.119102e+01,4.084298e-01,2.309732e+01,1.587678e-02,-1.102237e+00,-6.724281e-01,1.291255e+00
8.708421e+00,3.505067e+00,1.941385e+01,-2.248669e-02,7.112789e-01,7.774247e-01,1.053951e+00
1.203997e+01,2.235948e+01,2.123867e+01,4.568781e-02,3.159139e-01,-3.089284e-01,4.442136e-01
1.134366e+01,4.793505e+00,2.365893e+01,-6.692993e-02,4.310105e-01,6.052533e-01,7.460437e-01
1.186466e+01,6.291723e+00,2.231297e+01,1.196624e+00,-5.115886e-01,6.575824e-01,1.458097e+00
1.115186e+01,3.127983e+00,1.969323e+01,-7.730623e-01,-1.645656e+00,-2.376945e-01,1.833660e+00
1.577217e+01,2.858721e+00,2.143906e+01,-8.839248e-01,6.117979e-01,-4.546209e-01,1.167176e+00
1.362320e+01,1.685222e+00,2.384628e+01,-3.103889e-01,7.655354e-03,-1.772871e+00,1.799854e+00
1.708010e+01,7.541366e-01,7.574868e-01,-5.486270e-01,8.326799e-02,-7.462533e-02,5.599054e-01
1.535206e+01,3.986254e+00,2.197389e+01,-5.218029e-01,9.798581e-01,6.917086e-01,1.307999e+00
1.483441e+01,2.387111e+01,6.894762e-01,-8.075381e-01,-3.357646e-01,-1.482385e+00,1.721139e+00
1.468198e+01,2.258521e+00,1.835423e+01,-1.248779e+00,2.840532e-01,-7.700539e-01,1.494362e+00
1.673528e+01,2.361948e+01,7.658130e-01,-1.348958e+00,8.968402e-01,1.629707e+00,2.297816e+00
1.651303e+01,2.757051e+00,2.259270e+01,1.589769e+00,1.630912e-01,9.833122e-01,1.876397e+00
1.424927e+01,1.747067e-01,2.356932e+01,1.072442e+00,1.501661e-01,9.016702e-01,1.409145e+00
2.082041e+01,9.379786e-01,2.705280e+00,-3.482362e-01,-1.041878e+00,-8.354991e-01,1.380159e+00
1.865520e+01,2.313313e+01,2.393293e+01,1.006663e+00,-3.593008e-01,5.337373e-01,1.194715e+00
1.568584e+01,2.621215e+00,4.675443e-01,-1.679450e+00,2.095614e-01,1.112713e+00,2.025487e+00
1.978148e+01,2.227431e+01,4.499041e-01,1.525954e+00,-1.244600e+00,-6.159646e-01,2.063245e+00
2.066912e+01,3.142723e+00,2.291738e+01,-1.691176e+00,6.185706e-01,1.194047e+00,2.160661e+00
1.798987e+01,3.249027e-01,2.393547e+01,9.726924e-01,2.647970e-01,1.893370e+00,2.145017e+00
2.029781e+01,3.934236e+00,2.216158e+01,1.094376e+00,8.687120e-01,2.342681e-01,1.416757e+00
2.234848e+01,1.914341e+00,2.258188e+01,1.133111e+00,-3.234897e-01,-6.494260e-02,1.180171e+00
2.125385e+01,3.560860e+00,2.166887e+01,-1.361092e+00,-4.140569e-01,-7.423454e-01,1.604709e+00
2.213153e+01,1.285013e-01,4.805743e-01,1.759309e+00,-9.922295e-01,-2.071038e+00,2.892903e+00
1.915805e+01,3.204686e+00,2.253174e+01,-7.406280e-02,1.625694e+00,9.658621e-01,1.892421e+00
2.180849e+01,9.256326e-01,2.302304e+01,-2.130322e-01,-1.109839e+00,-6.740250e-01,1.315840e+00
2.043334e+01,6.126519e+00,2.318525e+01,-5.971768e-01,3.618819e-01,-8.486186e-01,1.098969e+00
2.103565e+01,2.366551e+01,2.024966e+01,-2.332740e+00,3.649819e-01,7.786177e-01,2.486188e+00
2.066117e+01,4.358352e+00,2.362701e+01,1.103756e+00,5.953277e-01,-1.434296e-01,1.262246e+00
1.803005e+00,1.457255e+00,1.065590e+00,-7.306622e-02,3.147305e-01,9.206689e-01,9.757178e-01
2.380428e+00,4.514089e+00,1.254548e-01,8.517577e-02,-1.476506e+00,-1.183510e+00,1.894207e+00
2.069813e+00,3.810150e+00,2.099814e+01,-7.060484e-01,-1.734246e-01,6.354950e-01,9.656263e-01
2.212181e+01,3.731791e+00,2.105053e+00,-1.063563e+00,-1.193808e-01,-4.906982e-01,1.177371e+00
1.387276e+00,2.463159e+00,2.388676e+01,-4.588640e-01,4.515025e-01,-1.016340e+00,1.203062e+00
3.394646e+00,7.491199e+00,2.039937e+01,1.062546e+00,1.218453e+00,1.589607e-01,1.624469e+00
5.594139e+00,5.195564e+00,7.128243e-01,1.711275e-01,1.704160e+00,5.178221e-01,1.789297e+00
2.348337e+00,8.071531e+00,2.319788e+01,-1.401645e+00,4.187987e-01,7.464864e-02,1.464777e+00
4.718784e+00,1.563005e+00,2.143687e+01,8.804379e-01,-7.636891e-02,-3.722033e-01,9.589257e-01
2.315961e+01,4.027658e+00,2.327197e+01,-9.212554e-02,-1.345302e+00,-5.361334e-01,1.451125e+00
7.417041e+00,3.103700e+00,2.258997e+01,2.290008e+00,-1.371979e-02,-2.077348e-01,2.299452e+00
5.175008e+00,4.515237e+00,1.918202e+01,3.235698e-01,2.049880e+00,-2.807033e-02,2.075450e+00
4.183934e+00,1.940058e+00,2.372650e+01,9.929509e-01,-4.281273e-01,-1.047946e+00,1.505801e+00
5.337346e+00,5.035633e+00,2.026975e+01,-8.900032e-02,1.475532e+00,-2.816804e-01,1.504812e+00
6.857836e+00,3.177619e+00,1.972277e+01,-1.197387e+00,-7.452264e-01,-1.096734e+00,1.786595e+00
5.543871e+00,2.093485e+00,2.074061e+01,9.645784e-01,1.761636e-01,7.975401e-01,1.263929e+00
7.123143e+00,2.339936e+01,1.496026e+01,-3.321840e-01,-5.071485e-01,5.513364e-01,8.194618e-01
5.976808e+00,5.761132e+00,2.099683e+01,-3.713731e-01,-1.784167e-01,-7.676069e-01,8.711894e-01
7.556413e+00,4.842472e+00,1.774931e+01,-9.934744e-01,9.499502e-01,2.045298e-02,1.374705e+00
7.043038e+00,5.136895e+00,2.588325e+00,1.114973e+00,1.349295e-01,1.167078e+00,1.619704e+00
6.140985e+00,2.332594e+00,1.990005e+01,5.739499e-01,-7.021448e-01,-1.508529e+00,1.760138e+00
9.888531e+00,7.406420e+00,2.085867e+01,6.501224e-01,8.760183e-01,-1.490894e-01,1.101043e+00
5.543566e+00,3.775526e+00,1.793387e+01,-1.069860e+00,1.378699e-01,5.695429e-01,1.219831e+00
9.052055e+00,1.520503e+00,1.726207e+01,9.303484e-01,-5.384258e-01,-7.896302e-01,1.333779e+00
1.001082e+01,2.431295e+00,1.752241e+01,3.873154e-01,7.857648e-01,-1.526544e+00,1.760050e+00
1.284285e+01,3.578156e+00,1.850280e+01,1.598121e+00,-1.317781e-01,-1.554727e+00,2.233502e+00
9.161057e+00,4.491873e+00,1.855985e+01,-6.212782e-01,4.788742e-01,-1.043501e+00,1.305451e+00
6.985078e+00,7.659125e+00,2.252863e+01,-4.933755e-01,-2.720188e+00,-4.216820e-01,2.796544e+00
1.127355e+01,6.363882e+00,2.008768e+01,-9.048546e-02,7.322358e-02,-1.330404e-01,1.767741e-01
9.050185e+00,5.698039e+00,2.304358e+01,-1.484750e-01,8.557356e-01,1.356472e+00,1.610697e+00
1.116433e+01,6.272194e+00,1.068038e+00,-1.026078e+00,3.926047e-01,-6.908257e-01,1.297773e+00
9.851905e+00,5.203868e+00,2.074955e+01,-3.057102e-01,7.260442e-01,1.116221e-01,7.956497e-01
1.347960e+01,4.339183e+00,2.037573e+01,1.697660e+00,9.656188e-01,7.185009e-01,2.081036e+00
1.286913e+01,4.206188e+00,1.930726e+01,1.012306e+00,-1.354160e+00,3.801864e-01,1.732932e+00
1.178450e+01,3.347915e+00,2.367977e+01,1.233206e+00,-8.844505e-01,8.854978e-01,1.757030e+00
1.471250e+01,3.575579e+00,2.279607e+01,-2.623164e-01,1.791581e+00,-2.709018e-01,1.830836e+00
1.418803e+01,9.078322e-01,2.273666e+01,-1.164235e+00,7.649077e-02,1.372187e+00,1.801164e+00
1.406344e+01,4.316153e+00,2.254336e+01,8.654822e-01,7.771066e-01,-4.883820e-01,1.261535e+00
1.569839e+01,3.098236e+00,2.314669e+01,2.814499e-01,-2.050629e-01,1.532384e+00,1.571453e+00
1.369499e+01,3.306441e+00,2.243372e+01,-1.304841e-01,1.691216e+00,-6.133801e-01,1.803739e+00
1.442252e+01,2.283555e+01,2.122950e+01,3.791982e-01,-1.072320e+00,-1.852030e+00,2.173402e+00
1.627719e+01,5.251016e+00,2.255528e+01,-8.115769e-01,1.335315e+00,-9.398394e-01,1.823464e+00
1.688235e+01,3.765909e+00,2.304408e+01,-1.414028e+00,1.211494e+00,-7.089069e-01,1.992421e+00
1.792762e+01,4.391318e+00,2.377117e+01,6.345318e-01,-1.827627e-01,-5.467938e-01,8.573309e-01
1.681999e+01,2.451598e+00,2.172244e+01,8.148504e-01,-3.319077e-01,1.375138e+00,1.632528e+00
1.489106e+01,2.915948e+00,2.199600e+01,2.404259e-02,-4.171735e-01,-2.360934e-01,4.799498e-01
1.875088e+01,5.311518e+00,2.344433e+01,-1.825906e-01,1.076393e+00,-1.096042e+00,1.547019e+00
1.733236e+01,4.339010e+00,9.221120e-01,-7.616922e-01,-7.718136e-01,-7.867655e-01,1.339728e+00
1.680026e+01,1.655399e+00,2.265815e+01,-7.900973e-01,2.338281e-01,-6.767144e-01,1.066242e+00
2.181399e+01,4.748076e+00,2.319883e+01,5.717302e-02,4.593232e-01,-1.348480e-01,4.821105e-01
2.252219e+01,2.597170e+00,3.759790e+00,-7.616330e-01,-5.862949e-03,7.265470e-01,1.052611e+00
2.137238e+01,5.544730e+00,2.134373e+01,6.759297e-02,2.399706e+00,1.962591e+00,3.100794e+00
4.425719e-01,6.828530e+00,2.308593e+01,3.436784e-01,-1.776641e-01,4.049963e-02,3.889982e-01
1.522065e-01,2.169895e+00,2.129800e+01,-5.883375e-01,8.305236e-01,-1.212328e+00,1.582924e+00
1.608833e-01,5.412550e+00,5.349913e-01,-1.707971e-01,1.127843e+00,1.759032e+00,2.096519e+00
2.311329e+01,8.435613e+00,2.384919e+01,1.136850e+00,3.337063e-02,-1.265830e+00,1.701724e+00
1.784333e+00,5.635741e+00,2.184107e+01,1.254013e+00,3.283402e-01,-6.472132e-01,1.448876e+00
5.606818e+00,4.645997e+00,2.127547e+01,-2.509812e-01,-1.358819e-01,3.085028e-01,4.202730e-01
1.816385e+00,4.435666e+00,2.328461e+01,1.376198e+00,1.697179e-01,4.003657e-01,1.443266e+00
2.182120e+00,9.032465e+00,5.461205e-01,-2.386014e+00,-5.494417e-01,1.927818e+00,3.116317e+00
2.494721e+00,3.798972e+00,1.800006e+01,-1.208122e+00,-1.060699e+00,-3.233620e-01,1.639879e+00
9.454663e-01,7.361145e+00,2.383043e+01,6.654467e-01,5.667168e-01,7.555663e-02,8.773232e-01
4.419110e+00,4.573166e+00,2.003602e+01,1.742138e+00,5.727401e-01,6.514885e-01,1.946153e+00
2.103708e+00,6.846330e+00,2.246198e+01,-1.459592e-01,-1.096282e+00,-1.166402e+00,1.607368e+00
5.267806e+00,5.943267e+00,2.167427e+01,-8.673063e-01,4.225503e-01,8.033877e-02,9.681030e-01
2.015441e+00,8.564459e+00,2.187421e+01,-2.153834e+00,1.035185e+00,-5.837523e-02,2.390401e+00
5.955868e+00,7.746884e+00,2.258626e+01,5.785402e-01,-6.723076e-01,-1.331289e+00,1.599699e+00
5.380189e+00,5.460495e+00,1.879308e+01,1.375899e+00,-9.647500e-02,-1.073897e+00,1.748044e+00
5.498061e+00,6.698792e+00,2.042886e+01,5.603753e-01,4.277679e-01,1.759944e+00,1.895893e+00
5.559286e+00,9.112854e+00,2.226384e+01,-1.019263e+00,8.445057e-01,-6.136306e-02,1.325086e+00
7.833474e+00,6.525400e+00,2.090496e+01,2.609653e-01,7.437475e-01,-8.664905e-01,1.171353e+00
6.279996e+00,6.718332e+00,2.201077e+01,-1.114150e+00,-7.748515e-01,-1.370906e+00,1.929017e+00
4.979513e+00,7.390026e+00,1.866396e+01,-9.812776e-01,-1.377668e+00,4.507152e-01,1.750434e+00
9.054897e+00,8.763737e+00,2.029483e+01,3.286996e-01,-4.492415e-02,1.411115e-01,3.605192e-01
7.474929e+00,6.223467e+00,2.422088e+00,-1.698644e+00,1.374001e+00,-8.587657e-01,2.347499e+00
9.530479e+00,1.073569e+01,2.055158e+01,-4.535623e-01,2.372026e-01,-7.100649e-01,8.753148e-01
9.546443e+00,9.760130e+00,1.999369e+01,1.885948e+00,-1.785967e+00,3.552919e-02,2.597642e+00
8.014960e+00,5.445032e+00,1.675521e+01,1.794729e+00,-1.035958e-02,-2.254850e-01,1.808868e+00
1.132797e+01,5.968247e+00,2.313384e+01,4.836518e-01,-1.109614e+00,1.649521e+00,2.045992e+00
7.434815e+00,4.782715e+00,2.240729e+01,3.678838e-01,5.440979e-01,-2.327963e-01,6.968323e-01
1.236356e+01,7.395272e+00,2.314698e+01,-1.316462e+00,2.439857e-05,6.673067e-01,1.475931e+00
1.158219e+01,4.938683e+00,1.258602e+00,-3.115129e-02,5.252262e-01,1.205702e+00,1.315504e+00
7.258639e+00,3.212777e+00,1.875493e+01,-7.864290e-01,1.269410e+00,-2.108280e-01,1.508085e+00
1.025739e+01,1.348907e+01,3.022478e+00,-1.968132e-01,1.019010e+00,1.308333e+00,1.669986e+00
1.312419e+01,6.755562e+00,2.277550e+01,1.758626e-01,1.163911e+00,1.807630e+00,2.157114e+00
1.163321e+01,5.400330e+00,2.176829e+01,1.110191e+00,3.334178e-01,-7.780172e-01,1.396066e+00
1.152067e+01,6.576334e+00,2.125292e+01,-2.693336e-01,-3.924261e-01,9.722155e-01,1.082470e+00
1.254847e+01,5.272162e+00,1.825551e+00,6.919239e-01,-1.044730e+00,-1.211906e+00,1.743254e+00
1.474210e+01,4.528851e+00,2.331854e+01,2.495821e-01,7.115210e-01,1.522598e-01,7.692440e-01
1.521567e+01,6.417759e+00,3.305307e+00,1.171698e+00,-9.759650e-01,5.418345e-02,1.525884e+00
1.424620e+01,3.511857e+00,2.157895e+01,2.607084e+00,-1.170938e+00,-1.838004e-01,2.863873e+00
1.091682e+01,3.163612e+00,1.739237e+00,-1.131591e+00,-4.065396e-01,-8.242495e-01,1.457793e+00
1.505510e+01,7.699862e+00,2.840639e+00,1.126032e+00,-6.847686e-01,8.058876e-01,1.544769e+00
1.680165e+01,5.302321e+00,1.246921e+00,1.343826e+00,6.012493e-01,1.412459e-01,1.478959e+00
1.566745e+01,6.151439e+00,2.377767e+01,-6.581055e-01,4.264499e-01,5.197705e-01,9.408102e-01
1.564327e+01,4.857616e+00,6.694662e-01,6.676701e-01,1.701430e-01,2.994376e-01,7.512622e-01
1.917905e+01,4.732591e+00,2.265851e+01,2.760889e-01,1.339193e+00,6.844244e-01,1.529085e+00
1.761372e+01,6.857033e+00,1.848560e+00,3.368172e-01,-9.725118e-02,3.614617e-01,5.035456e-01
1.893928e+01,1.632805e+00,2.256865e+01,2.069188e+00,7.144962e-01,3.495204e-01,2.216802e+00
1.672807e+01,4.657412e+00,2.338254e+01,-7.727471e-01,-1.862340e+00,-1.083869e-01,2.019207e+00
1.746645e+01,5.666670e+00,2.061387e+00,1.747873e-01,-4.369245e-01,8.865161e-01,1.003675e+00
2.025689e+01,8.676869e+00,2.322761e+01,7.741655e-01,-9.542944e-02,-8.986653e-01,1.189974e+00
1.628051e+01,4.367243e+00,2.961826e+00,8.944998e-01,-1.152722e+00,1.145570e+00,1.855055e+00
2.188412e+01,5.725001e+00,1.000149e+00,1.814175e+00,-4.564663e-01,1.904846e-01,1.880392e+00
1.731371e+01,6.640626e+00,2.143923e+01,-3.796636e-01,-1.344836e+00,1.549119e+00,2.086264e+00
1.965268e+01,2.389184e+00,2.225601e+01,8.841437e-01,-3.929271e-01,3.765890e-02,9.682561e-01
2.154145e+01,2.235983e+00,3.190639e-01,-3.054858e-01,8.706865e-01,8.328359e-01,1.242993e+00
1.984123e+01,6.176911e+00,9.082880e-02,1.282484e+00,6.096892e-01,-9.792746e-02,1.423403e+00
2.386081e+01,4.981580e+00,2.214013e+01,-7.060049e-01,3.956352e-02,1.311653e-01,7.191749e-01
2.189368e+01,6.135572e+00,2.051353e+01,-2.110084e-01,-1.977894e-01,2.420945e-01,3.771670e-01
4.770917e-01,1.700037e+00,2.221683e+01,1.318345e+00,-7.314359e-01,-3.694979e-01,1.552276e+00
2.165570e+01,5.774677e+00,2.320360e+01,7.521974e-01,-1.140050e-01,-1.685024e+00,1.848811e+00
2.105136e+01,8.699303e+00,1.840105e-02,7.438733e-01,-1.116737e-01,4.197119e-01,8.613806e-01
2.207004e+01,7.720768e+00,2.125936e+01,-9.977455e-01,1.955971e+00,1.343618e-01,2.199857e+00
1.174617e+00,6.629224e+00,2.209458e+01,1.132288e+00,-9.862503e-02,7.524902e-01,1.363101e+00
1.500658e+00,8.429643e+00,1.304272e+00,-6.722614e-01,1.477325e-02,4.999021e-01,8.378877e-01
2.253437e+01,1.086885e+01,2.276354e+01,5.638420e-01,1.146306e+00,-7.383661e-01,1.475507e+00
2.769913e+00,1.255736e+01,2.292792e+01,1.027526e+00,6.084555e-01,-3.502973e-01,1.244482e+00
2.341522e+01,3.550346e+00,2.028873e+00,4.132791e-01,-1.030975e+00,3.607554e-01,1.167841e+00
9.505887e-01,6.117197e+00,1.437343e+00,2.476049e-01,-9.923414e-01,2.606622e-01,1.055459e+00
2.667704e+00,6.042148e+00,1.917256e+01,-7.960981e-01,-4.719421e-01,4.589168e-01,1.033008e+00
2.549371e+00,7.571723e+00,2.105897e+01,1.098280e+00,-2.917926e-01,-1.664588e+00,2.015494e+00
6.722066e+00,6.428773e+00,2.019656e+01,-2.128577e-01,-6.145418e-01,-3.103384e-01,7.206108e-01
2.382630e+01,1.012036e+01,2.228951e+01,-9.388732e-01,8.421058e-02,3.360288e-01,1.000745e+00
8.037386e+00,9.439406e+00,2.181859e+01,6.091076e-02,7.871229e-01,2.029609e-01,8.151476e-01
4.553863e+00,8.527949e+00,1.976929e+01,-8.765859e-01,7.428916e-01,1.438679e+00,1.841219e+00
7.520249e+00,8.597433e+00,2.306715e+01,1.290548e+00,1.162811e+00,-3.995886e-01,1.782502e+00
4.658967e+00,9.753047e+00,1.488473e+00,3.151584e-01,5.947957e-01,1.099896e-01,6.820589e-01
9.445777e+00,9.958331e+00,8.084538e-01,1.154134e+00,-1.121053e+00,7.736032e-01,1.785286e+00
1.007129e+01,6.774654e+00,2.291884e+01,-6.392661e-01,9.518444e-01,-6.609634e-01,1.323458e+00
9.034009e+00,9.200475e+00,2.138644e+01,8.705759e-01,1.452710e+00,-1.427936e+00,2.215236e+00
7.467699e+00,6.893366e+00,2.186770e+01,-6.034421e-01,-4.104550e-01,1.235456e+00,1.434910e+00
6.093915e+00,8.065349e+00,2.154637e+01,6.151884e-01,-3.274590e-01,-1.129207e+00,1.326949e+00
9.837114e+00,8.589050e+00,2.325176e+01,1.570130e+00,-1.153929e+00,-2.114091e-01,1.959988e+00
9.079911e+00,7.697848e+00,8.216400e-02,3.300939e-01,5.592135e-01,-5.975193e-01,8.824460e-01
5.168147e+00,8.387998e+00,1.792701e+00,8.763882e-01,1.083359e+00,-1.268704e+00,1.884498e+00
1.078490e+01,7.800532e+00,2.138780e+01,7.956879e-02,1.135909e+00,1.002809e+00,1.517316e+00
1.425664e+01,7.272188e+00,1.505759e+00,8.485336e-01,-1.568554e+00,8.100845e-02,1.785198e+00
8.455623e+00,6.072769e+00,2.460866e+00,4.719289e-01,-3.916707e-01,1.498971e+00,1.619579e+00
9.193595e+00,6.351033e+00,3.208891e+00,7.007683e-01,8.005606e-01,6.137515e-01,1.228277e+00
1.526802e+01,5.293436e+00,2.639370e+00,-7.368733e-01,-1.171984e+00,8.162648e-01,1.607114e+00
1.284941e+01,7.820355e+00,1.092921e+00,-7.100690e-01,-3.996343e-01,9.041826e-02,8.198055e-01
1.138777e+01,4.786461e+00,2.270109e+01,9.379351e-01,-1.134668e-01,-1.219980e+00,1.543032e+00
1.152445e+01,7.877223e+00,3.090979e+00,-1.588747e-01,-6.884885e-02,-1.143203e+00,1.156242e+00
1.368381e+01,4.400682e+00,1.433704e+00,-1.030662e+00,7.885217e-02,-1.254979e-01,1.041264e+00
1.637807e+01,4.775526e+00,2.157944e+01,2.061953e+00,3.350536e-01,2.480038e-01,2.103667e+00
1.039705e+01,3.831724e+00,2.179118e+01,1.184910e-01,-3.761330e-01,4.463957e-01,5.956386e-01
1.470130e+01,6.461195e+00,2.075015e+01,-8.786891e-02,1.802119e+00,-2.414083e-01,1.820338e+00
1.395050e+01,5.309591e+00,3.557561e+00,9.011771e-01,-1.312953e+00,1.139152e+00,1.957967e+00
1.370708e+01,9.256817e+00,2.238622e+01,-3.793783e-01,1.379181e+00,-2.651532e-01,1.454777e+00
1.770809e+01,5.570235e+00,2.324898e+01,6.650096e-01,-7.569010e-02,6.650397e-01,9.435277e-01
1.531440e+01,7.317873e+00,1.682798e+00,-1.551432e+00,-1.127444e+00,6.142321e-01,2.013791e+00
1.515850e+01,7.161328e+00,2.241697e+01,-5.607833e-01,2.704368e-01,-1.251572e-01,6.350419e-01
1.658733e+01,8.744199e+00,2.263669e+01,2.939467e-02,-5.531446e-01,-2.354118e+00,2.418410e+00
1.842964e+01,6.387011e+00,9.783332e-01,7.037238e-01,-6.197354e-01,1.384753e-01,9.478790e-01
1.621737e+01,6.818141e+00,5.211054e-01,-1.425448e+00,-1.747731e-01,-4.823049e-01,1.514947e+00
2.062634e+01,6.738632e+00,5.278890e-01,7.413190e-01,4.971092e-01,-7.655897e-01,1.175925e+00
2.138345e+01,7.843255e+00,1.962006e+01,4.994457e-01,1.213748e+00,-6.427924e-01,1.461442e+00
1.789048e+01,7.342614e+00,2.371831e+01,3.929847e-01,1.133090e+00,7.992487e-01,1.441224e+00
1.863879e+01,6.650595e+00,2.226203e+01,-8.687768e-03,4.956534e-01,-4.587195e-01,6.754046e-01
2.050081e+01,2.447014e+00,2.383790e+01,-2.861719e-01,2.377384e-01,-1.111209e-01,3.882805e-01
2.104047e+01,7.632551e+00,2.074216e+01,5.383378e-01,-2.879974e-02,2.512878e-01,5.947963e-01
2.041589e+01,6.280658e+00,2.148404e+01,1.476024e+00,7.813586e-01,5.385816e-01,1.754776e+00
2.162974e+01,4.575297e+00,2.210659e+01,5.869147e-01,-2.814395e-01,-4.114976e-01,7.700697e-01
5.094798e-01,7.902008e+00,2.307986e+01,-2.733778e-01,-1.080505e+00,-3.379306e-01,1.164656e+00
4.250725e-01,8.849007e+00,2.363489e+01,6.481320e-01,-5.107646e-01,-9.915862e-01,1.290038e+00
2.383853e+01,7.491357e+00,2.373207e+01,-3.161275e-01,-1.281562e+00,-1.396023e+00,1.921254e+00
2.152008e+01,7.222239e+00,1.851073e-01,4.559483e-01,7.470054e-01,-7.778388e-01,1.170871e+00
2.368902e+01,7.634793e+00,1.985196e+01,-5.103862e-01,5.212192e-02,9.169111e-01,1.050684e+00
2.339042e+01,8.861939e+00,2.210224e+01,1.874744e+00,-8.825588e-01,-3.297919e-01,2.098175e+00
2.311604e+01,1.054900e+01,2.088322e+01,-3.446800e-01,1.884306e+00,1.040948e+00,2.180135e+00
2.333189e+01,9.515375e+00,5.504107e-02,2.014670e-01,8.579231e-01,2.416388e-01,9.137890e-01
6.840536e-02,9.384025e+00,2.026791e+01,2.195412e-01,-1.136257e+00,9.521409e-02,1.161182e+00
2.003522e+00,8.439496e+00,2.048909e+01,-1.859937e-01,-3.826663e-02,1.591779e+00,1.603065e+00
4.139152e+00,5.730583e+00,2.192511e+01,2.129483e-01,-2.276866e-01,-1.514900e+00,1.546645e+00
4.625339e+00,1.108262e+01,2.379064e+01,4.160735e-01,2.013281e-01,7.584621e-02,4.684045e-01
5.044067e+00,7.348426e+00,1.141107e+00,2.655108e-01,-1.040915e+00,4.011001e-01,1.146683e+00
1.517601e+00,1.056035e+01,6.425642e-01,3.450479e-01,6.141884e-01,-3.047343e-01,7.675601e-01
4.135414e+00,7.400327e+00,2.257751e+01,-1.592477e-01,5.335871e-01,1.681778e+00,1.771568e+00
2.797960e+00,1.069136e+01,2.677937e+00,-1.316064e+00,1.159053e+00,5.653248e-01,1.842558e+00
2.933569e+00,8.068005e+00,2.205845e+01,-3.220796e-01,-1.016939e-01,-2.951055e-01,4.485133e-01
1.037048e+01,1.072179e+01,2.135516e+01,1.529545e+00,9.522186e-01,-8.805905e-01,2.005410e+00
9.911115e+00,1.063212e+01,2.371766e+01,1.038685e+00,-5.453525e-01,-1.426496e+00,1.846935e+00
1.103919e+01,9.046510e+00,2.115384e+01,-1.398935e+00,7.072863e-01,2.919869e-01,1.594531e+00
1.016794e+01,7.558404e+00,2.366551e+01,-5.432605e-01,-1.020639e+00,2.926975e-01,1.192689e+00
8.303608e+00,9.688444e+00,4.986029e-01,-4.660348e-02,-6.481288e-01,7.085967e-01,9.614323e-01
7.813020e+00,1.058873e+01,2.236385e+01,-3.099129e-01,-4.663443e-01,1.862532e-01,5.900960e-01
1.015949e+01,9.498959e+00,1.992142e-01,6.241046e-01,1.100817e+00,6.571301e-01,1.425877e+00
9.923307e+00,8.631066e+00,2.130525e+01,-1.429126e+00,-6.106176e-01,1.558053e-01,1.561900e+00
8.791169e+00,1.056056e+01,1.978618e+01,2.630419e-01,7.242468e-02,2.202274e+00,2.219110e+00
9.575465e+00,1.010289e+01,2.182739e+01,1.234352e+00,-4.852657e-01,-1.697967e+00,2.154576e+00
8.488037e+00,8.480076e+00,2.187296e+01,7.162252e-01,7.181681e-01,9.209589e-01,1.370003e+00
1.078607e+01,1.013807e+01,1.281503e+00,7.171962e-01,-2.042212e-01,-1.313585e+00,1.510491e+00
1.263021e+01,6.248590e+00,2.361426e+01,7.265402e-01,2.901345e-01,1.077273e+00,1.331374e+00
1.261748e+01,6.294485e+00,1.998018e+00,4.009997e-02,-2.435021e-01,-3.268096e-01,4.095189e-01
8.856253e+00,1.093524e+01,3.942716e-01,-1.318123e+00,-5.172525e-01,-7.085934e-03,1.415997e+00
1.371923e+01,6.369861e+00,1.993623e+00,-9.715931e-01,8.334757e-01,-9.409580e-01,1.588734e+00
1.196689e+01,9.449576e+00,2.134645e+01,2.284157e+00,-3.690230e-02,1.842745e+00,2.935038e+00
1.381137e+01,8.428426e+00,1.340957e+00,1.567639e+00,-2.019273e-01,3.627254e-02,1.581007e+00
1.645937e+01,1.235379e+01,1.867749e+01,-1.210625e+00,1.100149e-01,-5.653612e-02,1.216927e+00
1.453749e+01,8.595575e+00,2.048438e+00,2.874304e-01,-3.158939e-01,3.764900e-01,5.693417e-01
1.350912e+01,1.086976e+01,1.530816e+00,1.446572e+00,1.289277e+00,6.852939e-01,2.055343e+00
1.253567e+01,6.156254e+00,9.481953e-01,-2.228683e-01,8.331401e-01,-4.324326e-01,9.647749e-01
1.177032e+01,1.055218e+01,1.312664e+00,5.013040e-01,8.478254e-01,1.027337e+00,1.423213e+00
1.358446e+01,8.742130e+00,3.004016e+00,-1.365624e+00,-5.920719e-02,-4.810950e-02,1.367753e+00
1.561117e+01,9.526227e+00,2.384250e+01,1.640588e-01,-2.031983e-03,7.965809e-01,8.133022e-01
1.686914e+01,9.221191e+00,1.002783e+00,-7.576324e-01,-7.293322e-02,7.375440e-01,1.059857e+00
1.364098e+01,7.965605e+00,2.333970e+01,6.003724e-01,1.640161e+00,1.091767e+00,2.059740e+00
1.770298e+01,9.611305e+00,2.343923e+01,4.609075e-01,-8.003904e-01,-9.904423e-01,1.354266e+00
1.585516e+01,9.412942e+00,9.984556e-01,5.241482e-01,-3.635585e-01,-9.060662e-01,1.108089e+00
1.807284e+01,7.528496e+00,9.089227e-01,-2.414788e-01,-1.395932e+00,6.520754e-01,1.559532e+00
1.885348e+01,8.051436e+00,1.394571e-01,6.463726e-01,6.797819e-01,-9.905576e-01,1.364223e+00
1.665795e+01,5.869298e+00,2.335601e+01,-5.577729e-01,8.049250e-01,5.121655e-01,1.105137e+00
1.738901e+01,1.127255e+01,4.997350e+00,6.789512e-01,6.090432e-01,4.467808e-01,1.015638e+00
1.708902e+01,1.017305e+01,8.020906e-02,-6.694254e-01,1.631146e+00,4.381322e-01,1.816790e+00
1.745161e+01,6.004619e+00,2.219338e+01,-8.164557e-01,-9.860330e-01,3.568099e-01,1.328975e+00
1.933912e+01,4.853456e+00,2.159978e+01,1.257808e+00,-9.887162e-01,1.321624e+00,2.075170e+00
1.662302e+01,7.981860e+00,1.972517e+01,-1.100665e-01,5.087287e-01,1.097899e+00,1.215032e+00
1.615402e+01,8.136937e+00,2.365715e+01,-2.378623e-01,2.512286e-01,-4.400203e-01,5.597430e-01
1.764556e+01,1.223686e+01,2.153186e+01,4.235068e-02,-1.421150e+00,9.413532e-01,1.705171e+00
2.213071e+01,9.785509e+00,2.261704e+01,1.414509e+00,-8.072974e-01,-1.314632e+00,2.093041e+00
2.248870e+01,7.575547e+00,2.228942e+01,2.128876e-01,5.185640e-01,6.492530e-01,8.577641e-01
2.252679e+01,1.023594e+01,1.899822e+01,-5.937169e-01,-8.326409e-02,1.048663e+00,1.207943e+00
1.865683e+01,6.403234e+00,1.935608e+01,1.116154e+00,-5.247456e-01,8.694134e-01,1.508986e+00
2.936715e+00,1.056900e+01,1.293978e+00,1.121587e+00,4.267554e-01,2.116317e-02,1.200219e+00
1.574360e+00,7.976963e+00,1.957003e+01,6.250009e-01,-5.377825e-01,-7.421631e-01,1.109343e+00
2.260334e+01,1.301550e+01,2.323876e+01,6.233479e-01,1.055027e-01,-1.360112e+00,1.499866e+00
1.037943e+00,9.303588e+00,2.036489e+01,-1.188045e-01,1.467793e-01,-3.931960e-01,4.361901e-01
4.443237e-01,1.195830e+01,2.134822e+01,1.066026e+00,-5.861624e-01,4.211502e-01,1.287387e+00
2.431001e+00,1.132606e+01,8.753846e-01,1.795020e-01,-9.781316e-02,-1.425074e+00,1.439661e+00
3.974917e+00,1.051416e+01,1.222517e+00,-1.290922e+00,1.243524e+00,-2.259865e-01,1.806627e+00
2.025988e+01,1.122005e+01,9.984017e-01,-8.968200e-02,-7.043813e-01,7.466214e-01,1.030359e+00
1.371866e-01,1.102523e+01,2.643179e-01,-2.322986e-01,-8.449667e-01,3.644879e-01,9.490958e-01
2.865459e+00,9.157212e+00,2.028601e+01,1.855558e+00,-2.245015e-01,6.443196e-01,1.977029e+00
4.833235e+00,1.128391e+01,8.228798e-01,-3.146663e-01,-2.863282e-01,-1.314333e+00,1.381474e+00
6.132233e-01,1.362867e+01,2.287898e+01,2.950600e-01,-1.665435e+00,9.377662e-01,1.933944e+00
5.552114e+00,1.039928e+01,3.337550e-01,-1.808484e+00,-8.414500e-01,-2.058374e+00,2.866279e+00
9.363396e+00,1.131254e+01,2.156030e+01,-4.763322e-02,3.584494e-01,2.414362e-01,4.347946e-01
4.477828e+00,7.840917e+00,2.077750e+01,-8.506142e-01,-9.341038e-01,7.146382e-01,1.451483e+00
6.163684e+00,1.113247e+01,2.002753e+00,-1.185284e+00,1.279941e+00,-1.083930e-01,1.747826e+00
2.447320e+00,9.224836e+00,2.119650e+01,1.292654e+00,-8.631692e-01,3.329364e-01,1.589610e+00
4.243224e+00,8.742596e+00,2.117946e+01,9.779785e-01,5.730766e-01,-4.831771e-02,1.134545e+00
8.261365e+00,8.576495e+00,7.689573e-01,1.265630e+00,-5.327662e-01,1.244918e+00,1.853505e+00
5.161719e+00,1.271130e+01,2.329596e+01,-1.361128e+00,-1.735941e+00,-1.426517e-01,2.210545e+00
9.377612e+00,1.023586e+01,1.976907e+00,1.685185e-01,-1.367384e+00,-7.679536e-02,1.379868e+00
1.109757e+01,1.062630e+01,2.324091e+01,-3.730369e-01,4.734466e-02,1.231926e+00,1.288037e+00
1.152575e+01,1.099524e+01,2.010193e+01,7.732381e-01,6.624363e-01,-7.839262e-01,1.285013e+00
7.480326e+00,1.008491e+01,2.791010e+00,3.888440e-01,1.246840e+00,-6.288860e-01,1.449588e+00
1.108377e+01,1.331880e+01,2.197722e+01,5.731305e-01,-1.666842e+00,4.004198e-01,1.807533e+00
1.369261e+01,1.373869e+01,1.890829e+01,-3.250588e-01,2.873546e-01,-1.103723e+00,1.185934e+00
1.233005e+01,9.226471e+00,2.392245e+00,3.637507e-01,-1.274375e+00,-9.474752e-01,1.629127e+00
1.210045e+01,9.780644e+00,2.283116e+01,5.127175e-03,-6.576334e-01,-7.901137e-01,1.028002e+00
1.190997e+01,1.085970e+01,2.245026e+01,1.026177e-01,2.949911e-01,1.531710e+00,1.563230e+00
1.448498e+01,1.283782e+01,2.480370e+00,1.056183e-01,-9.099186e-01,-1.484766e+00,1.744602e+00
1.374484e+01,1.246419e+01,3.121491e+00,6.959553e-01,-1.058713e+00,-5.463690e-02,1.268153e+00
1.093377e+01,8.071298e+00,1.102159e+00,9.473337e-02,6.575331e-01,1.178010e-01,6.746860e-01
1.193857e+01,6.698839e+00,2.836747e-01,-1.602578e+00,6.157096e-01,3.656527e-01,1.755294e+00
1.550587e+01,1.457268e+01,2.019563e+01,-1.304456e+00,-1.404569e+00,1.083492e+00,2.201902e+00
1.404481e+01,8.756422e+00,3.414495e-01,6.904499e-01,-1.169600e+00,6.488868e-01,1.505237e+00
1.275094e+01,9.308357e+00,2.206232e+01,-1.146390e+00,1.446229e+00,-2.835750e-01,1.867138e+00
1.641734e+01,6.376359e+00,1.570700e+00,1.255585e+00,1.258623e-01,-2.672153e-01,1.289860e+00
1.729966e+01,1.439449e+01,2.068609e+01,-1.753847e+00,-5.559760e-01,-3.298343e-01,1.869192e+00
1.482032e+01,9.736139e+00,1.158595e+00,-2.673330e-01,-9.622650e-01,7.047059e-02,1.001193e+00
1.704671e+01,9.849186e+00,2.263969e+01,1.212055e-01,-6.251456e-01,2.065502e+00,2.161433e+00
1.742950e+01,1.296460e+01,2.078017e-01,-6.643965e-01,1.505196e+00,4.512208e-01,1.706059e+00
1.729032e+01,1.027134e+01,1.147165e+00,-1.694645e-01,9.075332e-01,-9.511726e-02,9.281067e-01
1.588714e+01,1.199055e+01,2.574949e+00,9.437297e-03,1.431203e+00,-6.413334e-01,1.568356e+00
1.500676e+01,9.393680e+00,2.301483e+01,1.071791e-01,6.025006e-01,-1.067100e+00,1.230121e+00
1.592807e+01,9.045318e+00,2.195059e+01,3.565541e-01,-4.365287e-01,-1.884745e+00,1.967219e+00
1.704696e+01,1.170260e+01,2.771332e-01,-1.358825e+00,3.055840e-01,-1.110914e+00,1.781549e+00
1.627146e+01,1.083701e+01,1.991754e+01,-1.273536e+00,-4.251266e-02,7.967426e-01,1.502831e+00
1.844652e+01,9.778005e+00,4.751684e-01,2.533080e-01,2.308682e-01,-7.088090e-01,7.873215e-01
1.835610e+01,8.805540e+00,1.100925e+00,8.375883e-01,6.862408e-01,1.926759e+00,2.210177e+00
1.860313e+01,7.656897e+00,2.228408e+01,-6.832975e-01,-1.362196e+00,9.759847e-01,1.809701e+00
1.915677e+01,9.539252e+00,1.479873e+00,8.998896e-02,-1.131568e-01,-4.718472e-01,4.935000e-01
2.169456e+01,1.185013e+01,2.191600e+01,-1.719672e+00,-1.308305e+00,6.790130e-01,2.264948e+00
2.985173e-01,7.849216e+00,1.889557e+01,5.067968e-01,1.157664e+00,-7.386227e-01,1.463760e+00
2.163324e+01,1.042509e+01,1.991430e+01,-4.565688e-01,9.041222e-02,-8.190235e-01,9.420345e-01
2.102558e+01,6.981051e+00,1.916651e+01,-3.714386e-02,-5.304243e-01,-6.056516e-01,8.059426e-01
1.812559e+01,7.203539e+00,2.134664e+01,8.125079e-01,-1.043104e+00,1.247152e+00,1.817587e+00
2.241643e+01,8.212044e+00,1.948683e+01,-4.663710e-01,2.353452e+00,-1.939321e-02,2.399295e+00
2.395578e+00,1.164393e+01,2.181124e+01,-4.597144e-01,6.088603e-01,-1.077738e+00,1.320442e+00
4.435073e-01,1.170883e+01,2.271194e+01,-9.321345e-01,8.501780e-01,4.012009e-02,1.262255e+00
2.377547e+01,1.128932e+01,2.187221e+01,5.895666e-01,-9.158614e-01,1.612410e+00,1.945831e+00
7.206288e+00,1.441518e+01,2.239103e+01,3.118266e-01,4.943230e-01,7.761541e-01,9.715998e-01
4.832803e+00,1.267946e+01,1.195214e+00,-2.834030e-01,1.968168e+00,5.935760e-01,2.075171e+00
9.790924e-01,1.272695e+01,1.671577e+00,1.328853e+00,-5.579843e-01,-1.141579e-01,1.445762e+00
1.516705e+00,1.172982e+01,2.133704e+01,7.207665e-01,6.107470e-01,-9.007362e-01,1.305313e+00
5.391812e+00,1.323104e+01,3.660028e-01,1.947872e-01,3.580625e-01,-9.701708e-02,4.190025e-01
3.558821e+00,8.441065e+00,1.996148e+01,1.023558e-01,6.511662e-01,-7.735725e-01,1.016321e+00
4.612659e+00,6.449949e+00,1.563314e+00,2.907613e-01,-7.450921e-02,-2.581760e-01,3.959149e-01
2.309215e+00,1.134972e+01,2.289780e+01,1.229580e+00,-8.468633e-01,-3.324903e-01,1.529573e+00
8.383960e+00,1.039582e+01,1.274453e+00,1.820035e+00,6.702637e-01,3.759171e-02,1.939895e+00
8.207418e+00,1.312267e+01,2.390931e+01,-4.912059e-01,-4.784473e-01,2.017388e-01,7.147682e-01
5.489687e+00,1.576596e+01,2.000565e+01,-6.392219e-01,-5.319487e-01,5.766842e-01,1.011997e+00
7.753366e+00,1.125198e+01,2.346506e+01,7.516208e-01,2.524352e-01,4.944290e-01,9.344075e-01
7.886080e+00,1.375902e+01,1.126505e+00,-1.921209e-01,1.065607e+00,2.723431e-01,1.116512e+00
7.626344e+00,9.775567e+00,1.419549e+00,5.085058e-01,-3.629562e-01,1.253439e+00,1.400509e+00
6.672742e+00,1.161313e+01,3.843957e+00,-1.446638e+00,-1.059486e+00,-9.951382e-02,1.795878e+00
7.307060e+00,9.564253e+00,2.259439e+01,-6.929881e-01,-6.165124e-01,-1.027818e-01,9.332118e-01
7.784387e+00,1.355387e+01,2.029155e+01,1.188026e-01,3.665792e-01,-4.391182e-01,5.842253e-01
7.120546e+00,1.291481e+01,1.139510e+00,1.052608e+00,1.159039e+00,-5.724725e-01,1.667057e+00
8.779508e+00,1.028087e+01,4.354365e+00,1.980957e-01,1.760473e+00,-2.925945e-01,1.795583e+00
8.415381e+00,1.267815e+01,8.980036e-01,5.058229e-01,-3.378880e-01,1.438033e-01,6.250636e-01
1.070710e+01,1.293653e+01,2.114069e+01,7.602748e-01,1.143690e+00,-2.726768e-01,1.400142e+00
1.148648e+01,8.325994e+00,2.192776e+01,-1.326028e+00,-5.137648e-01,5.512837e-01,1.525195e+00
1.307435e+01,1.390667e+01,1.805796e+00,5.106142e-01,3.939005e-01,-4.716465e-01,7.989586e-01
8.491268e+00,1.148595e+01,1.201967e+00,8.414161e-02,-4.364663e-01,-7.625642e-02,4.509963e-01
1.264802e+01,1.059142e+01,2.333075e+01,-1.363757e+00,3.890135e-01,-6.875659e-01,1.576043e+00
1.232485e+01,1.205568e+01,2.080977e+01,1.495574e-01,-9.692609e-01,-1.295246e+00,1.624653e+00
1.350279e+01,1.386418e+01,3.070494e-01,7.395766e-01,3.339380e-01,-5.107392e-01,9.588236e-01
7.875320e+00,1.632438e+01,2.251965e+01,-1.025191e-02,-3.198156e-01,1.090563e+00,1.136536e+00
1.116051e+01,1.364486e+01,2.053168e+01,1.765417e-02,2.154652e-01,-1.782293e+00,1.795357e+00
1.616241e+01,1.106082e+01,2.353520e+01,2.593530e-01,-3.166066e-01,-5.346613e-01,6.733249e-01
1.592836e+01,1.251303e+01,2.352849e+01,3.603132e-02,2.145438e-01,-1.542279e+00,1.557547e+00
1.184043e+01,1.238133e+01,5.133228e-01,1.291673e-01,-1.218967e-01,-1.002013e+00,1.017631e+00
1.440556e+01,6.950135e+00,2.543185e+00,-1.045605e+00,-5.747567e-01,-8.135822e-01,1.444144e+00
1.442781e+01,1.077418e+01,2.105757e+01,-1.287296e+00,-8.343925e-01,-1.253077e+00,1.980794e+00
1.842926e+01,1.033116e+01,2.326729e+01,3.620112e-01,-1.137396e+00,-1.292521e+00,1.759356e+00
1.404976e+01,1.194378e+01,2.345054e+01,-1.332619e+00,-1.267737e-01,5.479966e-01,1.446459e+00
1.566194e+01,1.423834e+01,1.905614e+01,-5.231789e-01,-6.418974e-01,-1.416433e+00,1.640741e+00
2.133251e+01,1.358537e+01,2.060242e+01,-1.395845e+00,-1.133369e+00,-5.319879e-02,1.798816e+00
1.719910e+01,1.073861e+01,2.314549e+01,3.947241e-01,-7.091396e-01,-1.199960e+00,1.448651e+00
1.585703e+01,1.281806e+01,7.810094e-01,7.470977e-01,-3.120637e-01,-6.549788e-03,8.096799e-01
1.804790e+01,9.604834e+00,1.631227e+00,-7.327984e-01,-7.932189e-01,-9.230383e-01,1.420630e+00
2.040041e+01,1.279038e+01,2.209486e+01,-9.359184e-01,5.391894e-01,3.218317e-01,1.127051e+00
1.932600e+01,1.144393e+01,2.095726e+00,1.245914e+00,4.196280e-01,-6.830997e-01,1.481558e+00
1.703147e+01,9.963668e+00,2.282846e+00,-4.509334e-01,-1.477579e+00,1.014205e+00,1.848024e+00
2.005004e+01,1.250463e+01,2.100697e+01,3.037732e-01,-1.853974e-01,-4.723588e-01,5.914163e-01
1.790692e+01,9.461184e+00,2.222489e+01,-1.007054e+00,2.531754e+00,-3.377171e-01,2.745540e+00
1.948588e+01,1.150309e+01,2.165397e+01,6.854267e-01,-1.443425e+00,9.539413e-01,1.860992e+00
1.784715e+01,1.164279e+01,2.333267e+01,-2.099577e+00,4.973702e-01,-6.707254e-01,2.259529e+00
2.087223e+01,1.052444e+01,2.103343e+01,-1.428405e+00,1.504767e+00,6.006546e-01,2.159965e+00
2.308181e+01,7.794545e+00,1.858966e+01,-8.894497e-01,-8.131091e-01,-1.384921e+00,1.835830e+00
1.806673e+01,1.085210e+01,3.715932e-01,-1.338118e+00,7.522295e-01,-1.320124e+00,2.024633e+00
2.002669e+01,1.180807e+01,2.393844e+01,7.855609e-01,-1.193537e+00,-7.703852e-02,1.430934e+00
2.283256e-02,1.430735e+01,2.088564e+01,9.216574e-01,3.196550e-01,-3.358927e-01,1.031725e+00
1.806719e-01,1.610816e+01,2.174286e+01,-3.919539e-01,-7.710041e-01,1.192696e+00,1.473295e+00
2.294226e+01,1.231130e+01,2.261095e+01,2.712119e-01,2.277535e-01,9.271128e-01,9.924544e-01
2.746551e+00,1.480842e+01,2.328609e+01,-1.469052e+00,7.207423e-02,-3.292950e-01,1.507230e+00
1.842168e+00,1.341695e+01,2.126788e+01,-8.034841e-01,8.797417e-01,1.399642e+00,1.838078e+00
1.613069e+00,2.002706e+01,2.096107e+01,5.966543e-01,1.669319e-01,-1.386042e-02,6.197215e-01
2.093679e+01,1.466579e+01,2.040761e+01,4.358477e-01,-9.686366e-02,6.742775e-01,8.087001e-01
2.232046e+01,1.602605e+01,1.216228e+00,-6.060578e-02,9.711495e-01,-6.541509e-02,9.752352e-01
2.340928e+01,1.254399e+01,2.109647e+01,-7.477564e-01,-1.323329e+00,1.387758e+00,2.058206e+00
4.941747e+00,1.664497e+01,1.609629e-01,3.987115e-02,2.536046e-01,1.687961e+00,1.707371e+00
1.777706e+00,1.324607e+01,8.285831e-01,-2.087492e-01,7.680726e-01,-9.238273e-01,1.219413e+00
2.862780e+00,1.413529e+01,1.307350e-01,-6.415951e-01,-4.273201e-01,5.567065e-02,7.728816e-01
6.399868e+00,1.350211e+01,2.240460e+01,1.144854e-02,5.291052e-02,-1.673907e+00,1.674782e+00
2.989402e+00,1.777856e+01,2.267515e+01,1.049008e+00,-4.599699e-01,-3.267539e-02,1.145887e+00
4.463597e+00,1.475672e+01,2.052738e+01,1.297331e+00,1.154302e+00,6.284653e-01,1.846740e+00
3.185963e+00,1.795153e+01,2.370049e+01,1.176462e+00,1.047351e-01,-1.851202e+00,2.195901e+00
6.109895e+00,1.559130e+01,8.589652e-01,9.131929e-01,6.331097e-01,-1.778879e+00,2.097417e+00
9.782121e+00,1.766276e+01,2.231162e+01,3.934449e-01,1.697631e-01,-4.084425e-01,5.919828e-01
6.321179e+00,1.259282e+01,2.299156e+01,1.390701e+00,1.741879e+00,-1.538547e+00,2.708379e+00
3.199741e+00,1.165367e+01,2.243555e+01,9.130804e-01,-9.359337e-01,3.267025e-01,1.347747e+00
8.147715e+00,1.301382e+01,2.114985e+01,-2.213874e-01,-1.298919e+00,-5.510405e-01,1.428233e+00
1.074163e+01,1.945881e+01,2.346408e+01,-2.872528e-01,4.372937e-01,-1.321394e+00,1.421204e+00
1.245803e+01,1.195473e+01,2.272732e+01,8.632220e-01,-9.465830e-01,2.904436e-01,1.313594e+00
6.820808e+00,1.500217e+01,2.215947e+00,1.624647e-01,7.515326e-01,1.670351e+00,1.838822e+00
7.207616e+00,9.271296e+00,2.111388e+01,-1.155726e+00,7.688434e-01,-3.343649e-01,1.427804e+00
1.012414e+01,1.556631e+01,2.285354e+01,-3.338019e-01,5.446612e-01,9.386573e-01,1.135411e+00
9.341354e+00,1.480279e+01,2.291147e+01,2.138166e-01,8.040588e-01,-1.713837e+00,1.905115e+00
7.903025e+00,1.434776e+01,3.193381e-01,3.467474e-04,9.278671e-02,-1.514397e+00,1.517237e+00
8.764529e+00,1.845428e+01,2.087025e+01,-3.659162e-01,6.964128e-01,3.806005e-01,8.739234e-01
1.039096e+01,1.210878e+01,1.199552e+00,-7.112254e-01,-1.812102e+00,7.463986e-01,2.084866e+00
1.442037e+01,1.175814e+01,4.695878e-01,-7.054466e-01,-2.551278e-01,3.076112e-01,8.107834e-01
8.463247e+00,1.493255e+01,2.243340e+01,1.821098e-01,2.012164e-01,6.420098e-01,6.970141e-01
1.329235e+01,1.536457e+01,2.155484e+01,4.925610e-01,-9.150790e-01,1.522107e+00,1.843040e+00
9.576058e+00,1.639500e+01,2.237751e+01,-9.366195e-01,-7.491239e-01,6.407700e-01,1.359790e+00
1.348608e+01,1.433247e+01,2.334915e+01,-1.094167e+00,2.068119e-01,1.101313e+00,1.566162e+00
1.302481e+01,1.187789e+01,9.058662e-01,-5.968909e-01,-2.465205e-01,7.871603e-01,1.018171e+00
1.534253e+01,1.269465e+01,2.061580e+01,-1.179971e+00,1.724103e+00,8.504270e-02,2.090955e+00
1.462511e+01,1.150062e+01,2.200357e+01,7.537989e-01,-8.984468e-01,-1.027765e+00,1.559397e+00
1.521728e+01,1.039138e+01,2.352689e+01,9.523703e-01,-1.754064e+00,3.828357e-01,2.032317e+00
1.476475e+01,1.585000e+01,2.277328e+01,2.986279e-01,-6.346676e-01,1.365968e+00,1.535529e+00
1.734085e+01,1.901727e+01,1.939502e+01,9.507442e-03,1.585620e-01,-1.852022e+00,1.858822e+00
1.550725e+01,1.571528e+01,2.207771e+01,8.006700e-01,1.070838e+00,-5.349717e-01,1.440126e+00
1.703932e+01,8.068114e+00,1.865900e+00,2.545653e-01,1.191112e+00,7.271428e-02,1.220180e+00
1.819458e+01,1.486263e+01,1.787272e+01,4.924133e-01,2.555840e-01,-8.464769e-01,1.012086e+00
1.685347e+01,1.182379e+01,2.243195e+00,3.089556e-01,1.621122e+00,1.153722e+00,2.013595e+00
1.519271e+01,1.002580e+01,2.173320e+01,6.551709e-02,-1.791382e-01,9.624721e-01,9.811909e-01
1.508636e+01,1.164263e+01,2.317084e+01,-7.449123e-01,-8.355892e-01,2.555824e-02,1.119713e+00
1.896954e+01,1.042653e+01,2.162707e+01,-1.239965e+00,1.277453e-01,1.559257e+00,1.996276e+00
2.005682e+01,1.338618e+01,2.024008e+01,-2.460771e-01,1.417821e+00,6.881802e-01,1.595106e+00
1.873135e+01,9.062091e+00,2.354044e+01,-1.919217e+00,6.633244e-01,-4.744367e-01,2.085301e+00
2.186360e+01,1.095525e+01,2.135990e+01,1.545037e+00,1.360622e+00,-8.530278e-01,2.228472e+00
1.890739e+01,1.341112e+01,2.326222e+01,8.848357e-01,-3.442226e-01,1.196701e+00,1.527585e+00
1.836920e+01,1.144385e+01,2.129066e+01,-3.333356e-01,-4.833734e-01,8.793346e-01,1.057351e+00
2.363871e+01,1.307227e+01,2.306856e+01,1.762448e-02,1.125130e+00,9.211008e-01,1.454186e+00
2.110596e+01,8.839200e+00,2.213090e+01,-1.394900e+00,-6.952396e-01,-8.039741e-01,1.753704e+00
1.591855e+01,1.382404e+01,2.239043e+01,8.213768e-01,-6.025094e-03,1.335278e+00,1.567694e+00
3.500894e-01,1.443753e+01,2.206661e+01,-1.200818e+00,-4.864805e-01,1.599036e-01,1.305449e+00
3.077261e+00,1.368166e+01,2.263592e+01,3.495681e-01,-8.127082e-01,1.534345e+00,1.771132e+00
3.275906e-02,1.386887e+01,2.140590e+00,-1.006292e+00,-5.707045e-01,8.912937e-01,1.460388e+00
1.637100e-01,1.547803e+01,2.305625e+01,-1.166689e+00,5.767484e-01,-4.203848e-01,1.367671e+00
1.721913e+00,1.763481e+01,2.129793e+01,-5.823952e-01,-4.093472e-01,4.999087e-01,8.698609e-01
4.406892e+00,1.455529e+01,1.376128e+00,-6.985629e-01,5.650359e-01,-2.584613e-01,9.349107e-01
2.331360e+01,1.639274e+01,2.261515e+01,6.802720e-01,1.260311e+00,2.110712e+00,2.550737e+00
7.904717e+00,1.722492e+01,3.448097e+00,7.876316e-02,5.671829e-01,8.660711e-01,1.038258e+00
1.281022e+00,1.421419e+01,2.226591e+01,4.252612e-01,-1.838996e+00,-6.746406e-02,1.888731e+00
2.013626e+00,1.875740e+01,2.109671e+01,-7.056974e-01,-1.450884e-01,7.123303e-02,7.239707e-01
4.211255e+00,1.413043e+01,2.266551e+01,3.388035e-02,-6.579869e-01,1.029182e+00,1.222011e+00
2.352199e+01,1.790920e+01,2.344224e+01,7.344527e-01,-1.086599e+00,-2.106249e+00,2.481210e+00
2.702595e+00,1.873158e+01,2.828176e-01,-1.084842e+00,2.291410e+00,6.321841e-01,2.612872e+00
5.051593e+00,1.953297e+01,2.334749e+01,-2.343132e+00,2.696012e-01,-4.328381e-01,2.397979e+00
4.342117e+00,1.317228e+01,2.288282e+01,1.508797e-01,-1.371823e-01,-1.411328e+00,1.425984e+00
3.701024e+00,1.234593e+01,2.140033e+01,-7.767601e-01,3.197798e-03,-7.468649e-01,1.077578e+00
6.986548e+00,1.815306e+01,2.194117e+01,-6.326600e-01,-6.409384e-01,-5.292894e-01,1.044609e+00
8.012580e+00,1.661324e+01,1.821346e+00,1.058858e-01,2.058050e+00,-3.047449e-01,2.083183e+00
7.743447e+00,1.276495e+01,2.300903e+00,-9.196031e-01,5.837834e-01,2.770162e-01,1.123927e+00
8.460837e+00,1.738078e+01,1.309262e-01,-6.146448e-02,4.649485e-01,8.577059e-01,9.775553e-01
7.056505e+00,1.594922e+01,2.026632e+01,-1.355140e-01,8.906912e-01,4.861191e-01,1.023722e+00
1.012012e+01,1.713111e+01,1.895024e+00,-1.218929e+00,4.055252e-01,-9.807170e-01,1.616182e+00
1.099815e+01,1.784612e+01,1.521254e+00,-2.617129e-01,-6.218630e-01,-3.289826e-01,7.506243e-01
9.587323e+00,1.968655e+01,2.344548e+01,-1.483174e+00,-3.021996e-01,1.330202e+00,2.015085e+00
9.147778e+00,1.646153e+01,2.331518e+00,-9.901280e-01,9.350641e-01,-4.886902e-01,1.446899e+00
9.503374e+00,1.523840e+01,2.202302e+01,6.900529e-01,9.751864e-01,1.517771e+00,1.931525e+00
9.893407e+00,1.233842e+01,2.343210e+01,-3.369116e-01,2.075009e+00,6.950332e-01,2.214101e+00
9.835287e+00,1.602102e+01,2.121102e+01,-2.299588e-01,6.587885e-01,-1.286461e+00,1.463512e+00
9.253820e+00,1.499161e+01,8.799681e-01,2.513020e-01,5.397753e-01,4.688362e-02,5.972505e-01
1.044164e+01,1.687373e+01,2.154097e+01,3.767239e-01,3.398364e-01,-1.443946e+00,1.530487e+00
1.298337e+01,1.663203e+01,2.010889e+00,-1.268201e+00,-1.634706e+00,-1.779942e+00,2.729247e+00
1.142048e+01,1.922920e+01,2.251257e+01,-3.477606e-01,8.856229e-01,2.596341e-01,9.862430e-01
1.597597e+01,1.793243e+01,1.987779e+01,-2.230214e+00,9.248839e-01,-3.309623e-01,2.436965e+00
1.421064e+01,1.591816e+01,2.162412e+01,9.723209e-02,1.201791e+00,2.473004e+00,2.751273e+00
1.408140e+01,1.345553e+01,2.343300e+01,-9.926217e-02,2.001578e+00,-2.685792e-01,2.021955e+00
1.253352e+01,1.770174e+01,2.273804e+01,-3.635822e-02,-1.303737e-01,2.233612e+00,2.237709e+00
1.178424e+01,1.276206e+01,2.296558e+01,-1.332701e+00,2.792945e-01,-1.063584e+00,1.727804e+00
1.648150e+01,1.734045e+01,2.324178e+01,-2.921901e+00,1.466951e+00,8.142224e-01,3.369334e+00
1.644042e+01,1.292923e+01,2.192997e+01,1.379751e+00,-3.664504e-01,-8.438075e-01,1.658316e+00
1.358855e+01,1.588122e+01,2.250094e+01,1.162309e+00,-4.711902e-01,-4.683169e-02,1.255060e+00
1.861589e+01,1.558114e+01,2.371362e+01,1.017497e+00,-1.906978e-01,-8.969739e-01,1.369755e+00
1.647117e+01,1.360956e+01,2.037995e+01,1.466959e-01,-7.696703e-01,-6.630672e-01,1.026436e+00
1.867085e+01,1.274439e+01,2.240090e+01,6.302663e-01,3.828931e-01,2.519351e+00,2.625066e+00
1.601953e+01,1.531838e+01,3.271393e-01,3.046069e-02,6.146959e-01,2.251839e-01,6.553524e-01
1.851096e+01,1.390132e+01,2.241111e+01,1.097328e+00,5.166879e-01,-6.300438e-01,1.366766e+00
2.098394e+01,1.352580e+01,2.381161e+01,-5.771540e-01,8.511013e-01,1.338157e-01,1.037009e+00
1.790117e+01,1.194878e+01,4.877190e-01,7.329449e-01,-3.699157e-01,6.344432e-01,1.037576e+00
1.633262e+01,1.850729e+01,2.284748e+01,-1.225628e+00,-1.081748e+00,-7.250301e-01,1.788299e+00
2.139269e+01,1.139199e+01,2.027996e+01,2.021385e-02,4.473501e-01,3.625325e-01,5.761601e-01
2.034008e+01,1.495539e+01,2.151638e+01,-1.035352e+00,-5.636492e-01,4.491271e-01,1.261495e+00
1.895159e+01,1.232725e+01,2.134261e+01,2.805293e-01,-5.104808e-01,4.936391e-01,7.635227e-01
2.133850e+01,1.618238e+01,4.586745e-01,1.667343e+00,1.157431e+00,-2.746684e-01,2.048200e+00
2.224493e+01,1.583546e+01,2.202758e+01,1.821333e+00,-2.377935e-02,8.271111e-01,2.000483e+00
2.360201e+01,1.426108e+01,2.306960e+01,1.642674e+00,5.305877e-01,4.365004e-01,1.780571e+00
2.031900e+01,1.391029e+01,2.101686e+01,-4.509733e-01,-4.844806e-01,-8.952728e-01,1.113379e+00
2.327222e+01,1.653402e+01,3.320691e+00,-3.409877e-01,6.923131e-01,8.752657e-01,1.166902e+00
2.040808e+00,1.988128e+01,6.874831e-01,1.152902e+00,4.384515e-01,-8.558343e-02,1.236425e+00
2.281193e+01,1.712937e+01,2.319722e+01,-1.486190e+00,-1.924363e-01,1.540331e-02,1.498676e+00
2.074565e+01,1.507179e+01,1.743375e+00,4.175153e-01,-1.313921e+00,-6.498110e-01,1.524126e+00
2.318519e+01,1.603703e+01,2.373869e+01,1.990853e+00,-1.129810e+00,9.097097e-01,2.463237e+00
1.012135e+00,1.899627e+01,2.274606e+01,1.058695e+00,-1.197699e+00,1.472817e-02,1.598604e+00
2.304463e+00,2.753913e-01,2.266794e+01,-6.166457e-02,1.980690e-01,-9.513680e-01,9.737222e-01
4.761299e+00,2.095984e+01,7.464179e-01,2.225981e-02,1.329768e-01,1.038063e+00,1.046782e+00
1.896089e+00,2.053566e+01,2.176366e+01,-2.498714e-02,-8.995546e-01,1.003345e+00,1.347785e+00
2.354060e+01,2.008917e+01,2.201025e+01,-1.463911e-01,9.456953e-01,-4.092387e-01,1.040791e+00
6.461208e+00,1.790065e+01,2.305919e+01,5.403638e-02,-1.294655e+00,-4.909295e-01,1.385663e+00
3.058677e+00,1.969626e+01,2.389870e+01,-5.210740e-01,3.144150e-01,-4.450219e-01,7.539360e-01
5.042705e+00,1.921838e+01,2.229576e+01,1.116649e+00,-2.116792e-01,-6.943319e-01,1.331845e+00
4.161485e+00,1.129243e+01,2.214233e+01,-1.135166e+00,-6.762971e-01,1.239097e+00,1.811447e+00
3.906442e+00,1.951153e+01,2.132849e+01,5.417319e-01,4.226371e-01,-4.727086e-01,8.339958e-01
9.164715e+00,1.834276e+01,3.172007e-01,7.200222e-01,-4.136983e-01,-1.516577e+00,1.729041e+00
4.328860e+00,1.678060e+01,1.943552e+01,1.061959e+00,-1.868588e+00,-6.532957e-01,2.246368e+00
5.394988e+00,1.743506e+01,9.476358e-01,8.813764e-01,-1.136691e+00,-5.842980e-01,1.552513e+00
7.218759e+00,1.767274e+01,1.706329e+00,5.897649e-01,-4.328568e-01,1.014827e+00,1.251024e+00
8.803446e+00,1.685359e+01,4.313443e+00,1.410079e-01,1.072649e+00,-1.160789e+00,1.586786e+00
3.261553e+00,1.913195e+01,2.171965e+00,1.983917e+00,-9.690269e-01,1.475828e+00,2.655749e+00
6.692937e+00,2.015407e+01,2.155223e+01,9.114690e-01,-7.092055e-01,-5.475394e-01,1.278103e+00
8.039768e+00,1.830557e+01,5.259757e-01,7.899186e-01,2.866106e-01,-8.216435e-01,1.175251e+00
9.209246e+00,1.773824e+01,2.015776e+00,1.871075e+00,1.198463e+00,7.242204e-01,2.337034e+00
6.912127e+00,1.865891e+01,1.194226e+00,6.924902e-01,-1.244166e+00,1.549904e+00,2.104683e+00
9.076060e+00,1.780566e+01,3.147203e+00,-9.018205e-01,-4.408820e-01,-9.915512e-01,1.410968e+00
8.434926e+00,1.949978e+01,2.176069e+01,1.102853e+00,-9.227822e-01,-7.921499e-01,1.641741e+00
9.163345e+00,2.153095e+01,1.241635e+00,7.063440e-01,1.661499e+00,-1.546309e+00,2.377093e+00
9.136238e+00,2.011904e+01,4.492698e-01,1.559664e+00,-1.009519e+00,5.460289e-02,1.858672e+00
7.782458e+00,2.036166e+01,1.000545e-01,-2.502048e-01,-9.878142e-01,5.219984e-01,1.144929e+00
1.362708e+01,1.791638e+01,2.254490e+01,-2.873768e-01,6.330711e-03,-4.333751e-01,5.200379e-01
1.242555e+01,1.595851e+01,2.243720e+01,4.322404e-02,-8.521064e-01,-1.564989e-01,8.674362e-01
1.000172e+01,2.316355e+01,1.776509e-01,-1.768798e+00,9.675571e-01,-9.260604e-01,2.218648e+00
1.345669e+01,1.444131e+01,2.232202e+01,-1.064866e+00,9.427550e-01,-1.030109e-01,1.425951e+00
1.375509e+01,1.736519e+01,2.144543e+01,-8.709947e-01,-5.765377e-01,-1.062914e+00,1.490240e+00
1.342776e+01,1.551502e+01,4.336750e-01,-1.652570e-01,1.792312e-01,1.302067e+00,1.324693e+00
1.063425e+01,1.694114e+01,2.277615e+01,-5.997353e-01,7.187239e-01,9.338234e-01,1.322223e+00
1.560954e+01,1.762202e+01,2.275422e+01,6.656454e-01,-5.157642e-01,4.943982e-01,9.764866e-01
1.448889e+01,2.034660e+01,2.136944e+01,2.033074e-01,-4.474336e-02,2.855201e-01,3.533519e-01
1.575441e+01,1.448304e+01,1.088953e+00,4.685418e-01,1.014953e+00,-5.597452e-02,1.119283e+00
1.364303e+01,1.663328e+01,3.496583e-01,2.934528e-01,-1.357441e+00,-4.158582e-01,1.449723e+00
2.237961e+01,1.884085e+01,2.180208e+01,-8.536699e-01,-1.965407e+00,5.799056e-03,2.142804e+00
2.182987e+01,1.690436e+01,2.002683e+01,-9.314283e-01,2.546589e-02,1.329733e+00,1.623698e+00
1.531057e+01,1.666040e+01,2.315822e+01,5.501186e-01,5.678735e-01,7.694384e-01,1.103243e+00
2.136415e+01,1.927581e+01,2.184039e+01,1.007567e-01,-9.461282e-02,-6.069611e-01,6.224992e-01
1.875531e+01,1.509851e+01,2.262699e+01,2.673373e-01,1.237404e+00,1.440495e-01,1.274122e+00
2.297354e+01,1.822600e+01,2.245925e+01,1.417846e-01,-8.709911e-02,-5.119167e-01,5.382823e-01
2.024596e+01,1.745172e+01,2.112906e+01,-2.427650e-02,6.790300e-01,9.438603e-01,1.162989e+00
2.252409e+01,1.823014e+01,2.382930e+01,-8.617372e-01,2.400263e-01,-1.596156e-01,9.086698e-01
2.359163e+01,1.761533e+01,1.404675e+00,6.845380e-01,1.479062e-03,-1.640030e+00,1.777159e+00
2.033036e+01,1.684910e+01,2.256979e+01,2.573184e-01,-1.423094e+00,-6.158033e-01,1.571822e+00
2.129029e+01,1.672819e+01,2.304621e+01,3.714436e-06,2.064641e-01,1.845920e+00,1.857431e+00
1.741697e+01,2.027203e+01,1.984397e+01,-7.785158e-01,-5.018189e-01,1.334254e-01,9.357946e-01
9.807271e-01,1.499964e+01,2.110353e+01,4.093869e-02,-1.064164e+00,-2.668953e-01,1.097886e+00
7.139853e-01,1.882500e+01,1.133896e+00,-1.880432e+00,-8.369206e-01,9.542860e-02,2.060478e+00
2.011742e+01,1.749980e+01,4.763419e-01,-2.006800e+00,-8.766200e-01,-1.166779e+00,2.481347e+00
2.292299e+01,2.001138e+01,5.744994e-01,9.241230e-01,-1.671299e+00,1.019830e+00,2.165017e+00
7.153417e-01,1.951530e+01,2.176071e+01,7.643456e-01,7.786880e-02,4.502346e-01,8.905049e-01
3.567105e-01,2.180612e+01,2.223637e+01,-1.395058e+00,1.941640e-01,-9.840113e-01,1.718186e+00
3.052443e+00,1.851754e+01,1.949808e+01,-1.187455e-01,-2.462848e-01,-6.946396e-01,7.465124e-01
2.154271e+00,1.846134e+01,2.221549e+01,1.857556e+00,4.665650e-01,3.929732e-02,1.915657e+00
2.363250e+01,2.145390e+01,1.881186e+01,8.897199e-01,-4.205553e-01,-2.067224e-01,1.005586e+00
2.014799e+00,1.818185e+01,2.332015e+01,-8.226005e-01,2.005797e+00,9.384528e-01,2.362327e+00
7.148074e+00,1.944422e+01,3.168568e+00,1.188242e+00,3.370882e-01,1.658368e-01,1.246214e+00
5.216618e-01,1.915358e+01,2.352192e-02,1.632032e-01,2.179879e-01,4.029332e-01,4.863221e-01
4.348547e+00,1.518276e+01,4.683597e-01,7.568195e-01,-2.459491e+00,1.998785e-01,2.581050e+00
2.347487e+00,2.146903e+01,2.202552e+01,-4.273617e-01,1.619048e+00,-6.297712e-01,1.789013e+00
5.767684e+00,1.836376e+01,1.124655e+00,-1.302662e-01,-5.964003e-01,-1.539373e+00,1.655999e+00
1.472734e+00,2.085488e+01,2.375640e+01,1.234756e+00,9.436671e-01,4.956641e-01,1.631200e+00
6.269902e+00,2.003326e+01,2.346622e+01,6.750195e-01,-1.783025e+00,-1.648105e+00,2.520135e+00
7.989421e+00,2.225866e+01,2.214397e+00,-2.123915e-02,7.235588e-01,-5.154626e-01,8.886451e-01
5.119678e+00,1.983280e+01,8.644599e-01,-1.506308e+00,7.874806e-01,-4.058062e-01,1.747504e+00
4.473757e+00,2.169924e+01,1.907932e+01,-3.528206e-01,1.128277e+00,4.977457e-01,1.282670e+00
5.675343e+00,1.994810e+01,2.168070e+01,-6.515950e-02,-3.348454e-01,-6.794511e-01,7.602769e-01
5.865754e+00,2.042632e+01,4.460329e-01,9.599437e-01,-6.989230e-01,6.179043e-01,1.338578e+00
8.428480e+00,2.054608e+01,2.729309e+00,-8.858472e-01,1.263728e+00,3.683673e-01,1.586641e+00
9.220169e+00,2.229365e+01,1.884492e+00,-6.557147e-01,5.840262e-01,-7.767580e-01,1.172349e+00
6.038880e+00,1.895998e+01,2.368467e+01,7.923519e-02,-1.114576e-01,-1.650104e+00,1.655761e+00
6.993611e+00,2.011219e+01,2.254854e+01,8.538026e-01,-1.978589e-01,-4.923939e-01,1.005275e+00
6.081823e+00,1.931754e+01,9.416277e-01,7.726151e-01,1.542987e+00,1.801872e+00,2.494892e+00
6.933011e+00,2.386841e+01,7.918347e-01,-9.471133e-01,1.197794e+00,-7.266541e-01,1.691082e+00
8.552197e+00,2.242634e+01,2.292676e+01,-2.215198e-01,-3.034887e-01,1.073762e+00,1.137603e+00
1.234848e+01,2.309300e+01,2.286177e+01,-6.346931e-01,-1.204281e+00,9.719404e-01,1.672661e+00
1.104491e+01,1.917691e+01,1.869296e+01,2.474405e+00,5.123668e-01,1.726629e+00,3.060465e+00
8.681295e+00,2.033642e+01,2.350246e+01,-2.100468e-01,1.034825e-01,-7.127289e-02,2.447613e-01
1.077304e+01,1.998434e+01,2.056231e+01,1.224459e+00,-8.797438e-02,8.828903e-01,1.512129e+00
1.220083e+01,1.966039e+01,2.175491e+01,-7.423541e-01,-7.407509e-01,-4.528688e-01,1.142319e+00
1.144977e+01,1.723804e+01,2.155502e+01,7.964099e-01,-1.798243e+00,7.428326e-01,2.102319e+00
1.079099e+01,2.177807e+01,2.232554e+01,1.240073e+00,1.056559e+00,-2.211151e+00,2.746504e+00
1.186105e+01,1.935432e+01,2.352813e+01,-1.314614e-01,-5.234983e-01,-9.209317e-01,1.067449e+00
1.055943e+01,1.829450e+01,2.204793e+01,-1.509605e+00,2.264952e-01,-3.129462e-01,1.558250e+00
1.233991e+01,1.968763e+01,5.241858e-01,-6.519525e-02,2.357146e-01,-4.729091e-01,5.324048e-01
1.313544e+01,2.153661e+01,2.315532e+01,2.417300e-01,-8.100254e-01,-4.212773e-01,9.444835e-01
1.485010e+01,1.962602e+01,9.850390e-02,4.062095e-02,5.124870e-01,4.272680e-02,5.158668e-01
1.684662e+01,2.099548e+01,2.111332e+01,-3.934781e-01,8.905984e-01,-4.391714e-01,1.068111e+00
1.669858e+01,1.892807e+01,2.167814e+01,5.838000e-02,-5.554667e-01,1.563721e-01,5.800032e-01
1.373234e+01,1.795366e+01,3.910701e-01,1.503651e-01,-2.175040e-01,-3.112886e-01,4.084339e-01
1.778231e+01,1.731455e+01,1.829936e-01,-9.892568e-01,-3.068260e-02,-4.008459e-01,1.067824e+00
1.655391e+01,2.010625e+01,2.156178e+01,-1.456151e+00,-7.961060e-01,-4.874649e-01,1.729677e+00
2.026633e+01,1.633955e+01,2.359476e+01,-9.602029e-02,-4.653881e-01,8.780781e-01,9.984123e-01
1.333246e+01,1.990389e+01,2.167680e+01,2.447048e-01,-1.621451e-01,-2.270759e-01,3.711266e-01
1.677399e+01,1.630230e+01,2.365003e+01,-9.853349e-01,2.471272e-01,-1.059550e+00,1.467857e+00
1.697159e+01,1.977043e+01,2.337539e+01,6.348922e-01,1.343846e+00,-5.050886e-01,1.569753e+00
2.146472e+01,1.784544e+01,2.354074e+01,-3.379341e-01,-6.523708e-01,-8.593411e-01,1.130599e+00
1.900360e+01,1.827335e+01,1.870373e+01,1.920747e+00,-2.772007e+00,5.907614e-01,3.423783e+00
2.014437e+01,1.883451e+01,2.232635e+01,1.343048e+00,1.191600e-01,1.304933e-01,1.354623e+00
1.905069e+01,1.868055e+01,1.974468e+01,-1.494483e+00,3.291366e-02,-1.426927e+00,2.066563e+00
2.167970e+01,1.744115e+01,7.238430e-01,7.978018e-02,-1.004921e+00,-1.840961e+00,2.098897e+00
2.038274e+01,2.107806e+01,2.195054e+01,-4.230032e-02,1.631807e-01,-1.749719e-01,2.429659e-01
2.183567e+01,1.990173e+01,2.249988e+01,8.788915e-01,1.723115e+00,6.751492e-01,2.048756e+00
2.288062e+01,1.937610e+01,2.283490e+01,-5.636740e-01,-1.574527e+00,1.703863e-01,1.681039e+00
2.290720e+01,1.410303e+01,2.381562e+01,2.791667e-01,-1.165636e+00,-9.045964e-01,1.501644e+00
2.174287e+01,1.878064e+01,2.313036e+01,-5.296690e-01,8.656691e-01,-4.226761e-01,1.099358e+00
2.376543e+01,2.101972e+01,2.173625e+01,1.086776e-01,-1.141618e-01,-5.591480e-01,5.809391e-01
1.524643e+00,2.380210e+01,2.876638e-01,7.120406e-01,5.451513e-01,-8.237438e-01,1.217680e+00
8.061899e-01,2.056526e+01,2.139309e+01,3.495736e-01,2.205328e+00,-7.699701e-01,2.361891e+00
2.246969e+01,2.080213e+01,2.262583e+01,-1.678128e+00,-1.503693e-01,1.955869e+00,2.581501e+00
1.001414e+00,1.577403e+01,2.387731e+01,-6.363025e-01,1.482285e+00,-1.338778e+00,2.096277e+00
2.384566e+01,2.211131e+01,2.129330e+01,-1.031737e+00,-6.140904e-01,-6.313145e-01,1.356520e+00
2.389751e+01,2.014244e+01,2.085953e+01,-1.544678e+00,2.359036e-01,2.125040e+00,2.637703e+00
2.391382e+01,1.912192e+01,2.300527e+01,-7.997230e-01,1.073853e+00,6.512536e-01,1.488908e+00
1.638634e+00,2.087277e+01,8.350015e-01,-1.243168e+00,-7.145279e-01,1.123229e+00,1.821444e+00
3.401398e+00,2.273960e+01,1.727695e+01,2.616496e-01,-3.703408e-02,-1.360656e-01,2.972304e-01
3.978255e+00,1.914282e+01,2.350654e+01,2.868241e-02,-2.921152e-01,-7.743821e-01,8.281434e-01
2.054357e+00,1.778660e+01,3.976799e-01,-7.082112e-01,2.412519e-01,-8.267512e-01,1.115026e+00
3.595900e+00,2.162945e+01,2.215150e+01,2.209737e-02,3.240060e-01,1.069996e+00,1.118195e+00
6.749170e+00,2.109475e+01,2.095577e+01,3.707942e-01,-2.735768e-01,-4.686908e-01,6.572698e-01
5.659607e+00,1.832614e+01,2.253457e+01,1.668580e+00,5.487746e-01,-3.827400e-01,1.797721e+00
5.381190e+00,2.386910e+01,2.170661e+01,-1.057772e-01,-8.215279e-03,2.678288e-01,2.880774e-01
6.894187e+00,2.296136e+01,2.092761e+01,5.928445e-01,1.732737e+00,-5.483165e-01,1.911673e+00
6.654937e+00,1.775102e+01,8.128751e-01,1.308712e+00,-7.803766e-01,3.721053e-01,1.568496e+00
8.232973e+00,2.379273e+01,6.989432e-01,-1.396328e+00,-2.995176e-01,5.513048e-01,1.530810e+00
1.073655e+01,2.226596e+01,2.337542e+01,-9.885804e-01,-6.302204e-01,9.727738e-01,1.523403e+00
9.300782e+00,2.319068e+01,2.310454e+01,-4.529864e-01,-1.734788e-01,-9.357954e-01,1.054042e+00
1.150441e+01,2.048569e+01,2.198151e+01,-2.797847e-02,5.134527e-01,1.146912e+00,1.256910e+00
9.602806e+00,9.200171e-01,2.074564e+01,-2.352471e+00,1.977456e+00,1.174660e+00,3.290027e+00
1.025576e+01,2.060949e+01,1.975243e+01,-1.933356e-01,6.473725e-01,-1.745848e-01,6.978177e-01
1.057674e+01,2.162872e+01,1.624528e+01,1.600755e-01,-1.039140e+00,-1.397333e-01,1.060642e+00
9.096529e+00,2.000106e+01,2.251553e+01,-5.599584e-01,1.612315e+00,-3.170393e-02,1.707079e+00
9.918241e+00,1.969935e-01,2.141805e+01,-8.923097e-01,4.872587e-01,-5.490095e-01,1.155443e+00
1.414343e+01,1.924807e+01,2.254748e+01,-6.654805e-01,-1.372717e+00,6.091060e-03,1.525534e+00
1.462386e+01,1.914608e+01,2.151426e+01,-1.024208e+00,-1.351662e+00,5.341162e-01,1.777997e+00
1.614074e+01,2.192004e+01,1.718326e+01,2.811192e-01,9.008418e-01,-3.153037e-01,9.949675e-01
1.289739e+01,2.057936e+01,8.283218e-01,-3.128957e-01,1.041188e+00,2.150770e-01,1.108258e+00
1.446295e+01,2.050253e+01,2.254284e+01,-7.254266e-01,-1.681171e-01,4.500185e-01,8.700712e-01
1.430666e+01,2.278221e+01,2.011204e+01,2.678245e-01,1.811389e-01,4.914861e-02,3.270426e-01
1.482524e+01,2.154302e+01,2.205487e+01,6.935106e-01,1.166348e+00,2.872437e-01,1.387023e+00
1.431271e+01,2.101200e+01,2.352213e+01,-6.213828e-01,1.565531e+00,2.011716e+00,2.623739e+00
1.407336e+01,2.179275e+01,2.268665e+01,-1.496904e+00,4.953663e-01,3.694857e-01,1.619453e+00
1.542878e+01,1.996381e+01,2.131960e+01,-5.827707e-01,6.938461e-01,1.576023e-01,9.197188e-01
1.777623e+01,2.124181e+01,2.064343e+01,-3.912585e-01,4.815575e-01,3.966290e-01,7.364071e-01
1.524567e+01,2.018449e+01,2.324052e+01,1.047985e+00,1.063247e+00,1.055152e+00,1.828144e+00
1.714366e+01,2.067360e+01,2.228293e+01,-4.715504e-01,-4.224846e-01,9.641160e-01,1.153418e+00
1.434575e+01,1.845304e+01,2.333563e+01,7.589429e-01,5.224033e-01,1.145102e+00,1.469748e+00
1.488030e+01,2.386877e+01,1.973229e+01,3.712948e-01,1.007189e-01,3.971824e-01,5.529539e-01
1.818830e+01,1.921695e+01,2.351584e+01,7.278436e-01,4.249667e-01,2.020711e+00,2.189435e+00
1.815466e+01,2.296381e+01,2.179142e+01,-4.540407e-02,-1.285070e-01,3.100342e-01,3.386691e-01
1.333791e+01,1.732883e+01,2.349176e+01,1.990430e+00,-2.371810e+00,7.680515e-03,3.096345e+00
1.958403e+01,2.159259e+01,1.174043e+00,5.444984e-01,-2.462465e-03,9.831243e-01,1.123841e+00
1.648162e+01,1.836112e+01,2.390798e+01,2.932831e-01,-8.330616e-01,1.018427e-01,8.890324e-01
1.643173e+01,2.209884e+01,2.142767e+01,1.059582e-01,-1.071597e+00,-8.812723e-01,1.391470e+00
1.864016e+01,2.186276e+01,2.374625e+01,6.199199e-01,1.027252e+00,-1.507636e+00,1.926788e+00
1.948665e+01,2.252556e+01,2.344789e+01,-1.947088e+00,1.688822e+00,-4.640289e-01,2.618892e+00
2.212990e+01,2.238701e+01,1.989299e+01,1.126570e+00,-1.707772e+00,6.764632e-01,2.154819e+00
1.816940e+01,1.939123e+01,2.038349e+01,7.115950e-01,1.834283e+00,6.270889e-02,1.968475e+00
2.197082e+01,2.061938e+01,1.960430e+01,8.918923e-01,1.702074e+00,-5.745434e-01,2.005649e+00
2.380310e+01,2.221067e+01,2.335911e+01,-5.580813e-02,-1.291456e+00,-1.459674e-01,1.300877e+00
2.245872e+01,2.000104e+01,2.169968e+01,2.041493e-02,1.865662e-01,-1.522728e-01,2.416831e-01
2.101710e+01,2.228186e+01,2.162430e+01,-4.640366e-01,-1.944080e-01,9.326060e-01,1.059660e+00
2.308380e+01,1.727854e+01,2.212298e+01,-1.278673e+00,3.406124e-01,4.424752e-01,1.395280e+00
2.989588e+00,2.179803e+01,1.868038e+01,-1.201498e-02,6.624385e-02,6.032432e-01,6.069884e-01
2.378466e+01,2.350401e+01,1.982318e+01,-7.184978e-01,3.560310e-01,1.078792e+00,1.344169e+00
8.009161e-01,2.267657e+01,2.111174e+01,8.018248e-01,8.420496e-01,7.431163e-01,1.379925e+00
1.298047e+00,2.268819e+01,1.961064e+01,5.285952e-01,6.348568e-02,-2.818540e-01,6.023993e-01
3.183658e+00,2.252030e+01,2.112300e+01,-1.721975e-01,-6.163314e-01,-1.390632e-01,6.548702e-01
2.918119e+00,2.205337e+01,2.289199e+01,1.254712e+00,1.808894e-01,-9.798921e-01,1.602252e+00
2.278960e+01,2.176603e+01,2.315507e+01,-1.206173e+00,1.427299e+00,1.699529e+00,2.525952e+00
2.278001e+00,2.317181e+01,1.697347e+01,-1.647490e+00,7.220064e-01,4.888374e-01,1.863995e+00
4.158635e+00,1.072538e+00,1.897930e+01,-4.600642e-01,7.888280e-01,-1.178231e-01,9.207556e-01
4.060560e+00,1.873441e+00,2.052309e+01,-9.140926e-01,1.209584e+00,9.478243e-01,1.788024e+00
2.984908e+00,1.293105e+00,1.064662e+00,-8.411488e-01,-2.246854e-01,-1.197449e+00,1.480506e+00
4.525569e+00,2.370196e+01,2.966182e+00,2.355818e-01,3.173262e-01,7.895306e-02,4.030239e-01
2.851115e+00,2.274413e+01,3.302597e-01,4.403404e-02,1.735637e-01,7.746809e-01,7.951062e-01
8.584501e+00,5.455835e-01,2.383658e+01,5.647568e-01,1.057385e+00,2.632014e-01,1.227309e+00
3.133958e+00,7.721035e-01,2.215946e+01,6.484624e-01,-1.577729e+00,-1.758464e+00,2.449883e+00
5.182320e+00,1.046308e+00,1.891972e+01,-3.725131e-01,2.418321e+00,-3.463154e-01,2.471230e+00
6.291282e+00,2.280607e+01,2.006968e+01,3.323663e-01,6.066915e-01,-5.664760e-01,8.941124e-01
1.180628e+01,2.370736e+01,2.224919e+01,-1.888893e+00,2.077372e+00,-1.546201e-01,2.811992e+00
9.065060e+00,9.810204e-01,7.344936e-01,-1.074788e+00,8.128531e-01,-1.316480e+00,1.883884e+00
7.249968e+00,2.099668e+01,2.327161e+01,-1.000218e+00,-2.806465e-01,-1.147752e+00,1.548074e+00
8.315065e+00,2.165708e+01,1.949928e+01,1.572312e-01,-5.184384e-01,1.448696e+00,1.546680e+00
6.682473e+00,3.598134e-01,1.999639e+01,-7.003258e-01,9.962953e-01,1.653348e+00,2.053441e+00
4.685107e+00,2.227677e-01,1.934977e+01,-5.359942e-01,-7.799543e-01,4.009658e-01,1.027809e+00
9.830078e+00,2.213712e+01,1.990614e-02,1.341313e+00,-1.085846e+00,-4.040031e-01,1.772399e+00
1.190678e+01,7.894927e-01,2.170707e+01,2.123622e-01,-1.651864e-01,-2.816462e+00,2.829283e+00
9.747368e+00,2.051200e+01,1.315893e+00,-3.265682e-01,-1.606382e+00,6.362906e-01,1.758402e+00
1.080173e+01,1.954578e+00,1.955120e+01,5.270248e-02,-6.049868e-01,-1.365553e+00,1.494497e+00
9.951354e+00,1.128388e+00,2.181433e+01,4.107501e-01,1.341795e+00,-6.274848e-01,1.537162e+00
1.272264e+01,2.026011e+00,2.179962e+01,2.299001e+00,3.713636e-01,-7.604852e-01,2.449827e+00
1.372343e+01,2.053257e+01,1.576668e+00,1.551212e+00,-9.702851e-01,-1.095678e-01,1.832953e+00
1.149693e+01,1.287051e+00,2.077170e+01,4.146649e-02,-1.138570e+00,-1.018400e+00,1.528136e+00
1.276145e+01,2.310852e+01,2.079855e+01,1.931681e-02,-2.366572e-01,-9.966312e-01,1.024526e+00
1.536833e+01,1.141532e+00,2.032729e+01,-7.746691e-02,9.663560e-02,-4.618206e-01,4.781400e-01
1.256809e+01,2.200540e+01,2.215806e+01,-1.220896e+00,-4.804272e-02,-7.857118e-02,1.224364e+00
1.250731e+01,2.185493e+01,4.171708e-01,-7.858119e-01,1.997544e-03,7.502756e-01,1.086470e+00
1.685308e+01,2.113485e+01,1.999182e+01,-1.570629e-01,-9.591825e-01,1.195258e+00,1.540565e+00
1.765740e+01,2.026953e+01,2.083513e+01,6.069403e-01,1.020580e+00,-9.533959e-02,1.191238e+00
1.595092e+01,1.120496e+00,2.312079e+01,-1.953339e+00,-3.915129e-01,7.905945e-01,2.143328e+00
1.564211e+01,7.848955e-01,2.182616e+01,-1.572863e+00,-1.622461e-01,1.052202e+00,1.899303e+00
1.496660e+01,2.369463e+01,2.146680e+01,-2.074940e-01,-2.168547e+00,-7.416852e-01,2.301249e+00
1.782014e+01,4.263679e-01,2.213045e+01,3.881232e-01,-8.215551e-01,3.300225e-01,9.666991e-01
1.674432e+01,2.302156e+01,2.353707e+01,1.036652e-01,-7.798735e-01,-1.225687e+00,1.456454e+00
1.353161e+01,2.667024e+00,1.853816e+01,7.179845e-01,5.653789e-01,1.493229e+00,1.750682e+00
1.988710e+01,2.143307e+01,1.570989e+01,3.807227e-01,1.270854e+00,-3.941563e-01,1.383972e+00
1.728732e+01,4.083193e-03,1.957611e+01,-1.012218e+00,-7.372223e-01,8.892093e-01,1.535831e+00
1.878881e+01,2.037735e+01,2.338425e+01,1.669630e-01,2.000766e-01,7.909145e-01,8.327383e-01
1.972803e+01,2.143264e+01,2.317630e+01,-2.985166e-01,9.678182e-01,-4.107360e-01,1.092927e+00
2.279012e+01,2.109446e+01,7.420245e-01,1.876789e+00,-9.867083e-01,-1.866430e+00,2.824799e+00
2.074489e+01,2.374423e+01,2.217032e+01,1.710162e-01,-8.699489e-01,2.209338e+00,2.380595e+00
2.370672e+01,2.360466e+01,2.350381e+01,1.144830e-01,-5.026377e-01,-5.772531e-01,7.739329e-01
1.904619e+01,2.290359e+01,2.257281e+01,-1.408758e+00,1.786095e+00,-1.343561e+00,2.641948e+00
2.281462e+01,2.047189e+01,2.086158e+01,6.991737e-01,-2.305398e-01,1.200440e+00,1.408208e+00
2.189358e+01,3.738912e-02,2.166530e+01,9.837831e-01,5.778549e-01,-6.421899e-01,1.309257e+00
1.714504e+00,2.329482e+01,2.287001e+01,-2.364487e-01,3.750539e-01,9.926278e-02,4.543418e-01
2.189143e+01,2.214411e+01,2.116661e+01,9.383857e-01,7.909348e-01,-6.762729e-01,1.401246e+00
